id_produto,tipo,temperatura_ar,temperatura_processo,umidade_relativa,velocidade_rotacional,torque,desgaste_da_ferramenta,falha_maquina,falha_desgaste_ferramenta,falha_dissipacao_calor,falha_potencia,falha_tensao_excessiva,falha_aleatoria,delta_temperatura,potencia
L56434,L,25.150000000000034,35.950000000000045,90.0,1616.0,31.1,195.0,0,0,0,0,0,0,-10.800000000000011,50257.600000000006
L48741,L,25.05000000000001,35.25,90.0,1388.0,53.8,137.0,0,0,0,0,0,0,-10.199999999999989,74674.4
M20947,M,27.75,37.650000000000034,90.0,1599.0,33.0,7.0,0,0,0,0,0,0,-9.900000000000034,52767.0
L55125,L,27.650000000000034,38.55000000000001,90.0,1655.0,32.2,12.0,0,0,0,0,0,0,-10.899999999999977,53291.00000000001
L49182,L,25.350000000000023,35.05000000000001,90.0,1654.0,27.1,13.0,0,0,0,0,0,0,-9.699999999999989,44823.4
L53046,L,28.350000000000023,37.950000000000045,90.0,1459.0,45.1,97.0,0,0,0,0,0,0,-9.600000000000023,65800.90000000001
L47348,L,25.25,35.150000000000034,90.0,1433.0,62.3,20.0,1,0,0,1,0,0,-9.900000000000034,89275.9
L49768,L,25.850000000000023,35.55000000000001,90.0,1706.0,28.6,206.0,0,0,0,0,0,0,-9.699999999999989,48791.600000000006
L56709,L,25.950000000000045,37.150000000000034,90.0,1459.0,46.7,84.0,0,0,0,0,0,0,-11.199999999999989,68135.3
L56959,L,25.650000000000034,36.650000000000034,90.0,1509.0,36.2,57.0,0,0,0,0,0,0,-11.0,54625.8
L51809,L,29.850000000000023,38.05000000000001,90.0,1735.0,26.1,194.0,0,0,0,0,0,0,-8.199999999999989,45283.5
L55740,L,25.150000000000034,35.85000000000002,90.0,1408.0,45.4,98.0,0,0,0,0,0,0,-10.699999999999989,63923.2
L56471,L,25.05000000000001,35.85000000000002,90.0,1353.0,57.8,89.0,0,0,0,0,0,0,-10.800000000000011,78203.4
H36288,H,27.75,38.150000000000034,90.0,1295.0,58.9,77.0,0,0,0,0,0,0,-10.400000000000034,76275.5
L47390,L,25.25,35.55000000000001,90.0,1523.0,36.1,126.0,0,0,0,0,0,0,-10.300000000000011,54980.3
L49099,L,25.05000000000001,34.85000000000002,90.0,1658.0,30.0,3.0,0,0,0,0,0,0,-9.800000000000011,49740.0
L47898,L,24.350000000000023,35.650000000000034,90.0,1477.0,39.0,127.0,0,0,0,0,0,0,-11.300000000000011,57603.0
L52048,L,30.450000000000045,39.25,90.0,1418.0,46.0,128.0,0,0,0,0,0,0,-8.799999999999955,65228.0
L55014,L,26.850000000000023,38.25,90.0,1483.0,45.6,187.0,0,0,0,0,0,0,-11.399999999999977,67624.8
M24053,M,24.75,35.85000000000002,90.0,1530.0,40.9,42.0,0,0,0,0,0,0,-11.100000000000023,62577.0
L51159,L,29.150000000000034,38.150000000000034,90.0,1439.0,41.8,96.0,0,0,0,0,0,0,-9.0,60150.2
M24784,M,25.350000000000023,35.450000000000045,90.0,1384.0,54.4,44.0,0,0,0,0,0,0,-10.100000000000023,75289.59999999999
L48467,L,25.350000000000023,36.450000000000045,90.0,1419.0,41.5,105.0,0,0,0,0,0,0,-11.100000000000023,58888.5
H33769,H,28.850000000000023,36.650000000000034,90.0,1280.0,57.3,147.0,1,0,1,0,0,0,-7.800000000000011,73344.0
M17267,M,25.950000000000045,35.450000000000045,90.0,1499.0,45.1,185.0,0,0,0,0,0,0,-9.5,67604.90000000001
L52333,L,31.05000000000001,40.25,90.0,1644.0,31.7,23.0,0,0,0,0,0,0,-9.199999999999989,52114.799999999996
M23411,M,25.05000000000001,35.950000000000045,90.0,1457.0,49.0,77.0,0,0,0,0,0,0,-10.900000000000034,71393.0
M19236,M,28.75,36.450000000000045,90.0,1551.0,34.6,211.0,0,0,0,0,0,0,-7.7000000000000455,53664.600000000006
L56002,L,24.25,35.650000000000034,90.0,1462.0,49.7,132.0,0,0,0,0,0,0,-11.400000000000034,72661.40000000001
L51453,L,29.450000000000045,37.650000000000034,90.0,1486.0,36.4,160.0,0,0,0,0,0,0,-8.199999999999989,54090.4
L53005,L,28.150000000000034,37.950000000000045,90.0,1413.0,42.0,221.0,0,0,0,0,0,0,-9.800000000000011,59346.0
M21559,M,28.55000000000001,37.650000000000034,90.0,1516.0,40.4,48.0,0,0,0,0,0,0,-9.100000000000023,61246.4
L47629,L,24.450000000000045,35.55000000000001,90.0,1622.0,37.9,79.0,0,0,0,0,0,0,-11.099999999999966,61473.799999999996
L47990,L,23.75,34.55000000000001,90.0,1550.0,39.7,124.0,0,0,0,0,0,0,-10.800000000000011,61535.00000000001
L52618,L,29.75,39.35000000000002,90.0,1683.0,32.1,85.0,0,0,0,0,0,0,-9.600000000000023,54024.3
L54713,L,26.850000000000023,38.05000000000001,90.0,1504.0,37.9,58.0,0,0,0,0,0,0,-11.199999999999989,57001.6
H35783,H,26.850000000000023,36.35000000000002,90.0,1781.0,24.9,70.0,0,0,0,0,0,0,-9.5,44346.899999999994
L48657,L,25.150000000000034,36.25,90.0,1570.0,35.6,138.0,0,0,0,0,0,0,-11.099999999999966,55892.0
L49188,L,25.350000000000023,35.150000000000034,90.0,1811.0,24.7,27.0,0,0,0,0,0,0,-9.800000000000011,44731.7
L49996,L,26.950000000000045,36.25,90.0,1434.0,47.3,127.0,0,0,0,0,0,0,-9.299999999999955,67828.2
L56611,L,24.850000000000023,35.450000000000045,90.0,1430.0,57.0,43.0,0,0,0,0,0,0,-10.600000000000023,81510.0
M18634,M,29.25,37.950000000000045,90.0,1480.0,45.7,200.0,0,0,0,0,0,0,-8.700000000000045,67636.0
M21355,M,27.450000000000045,36.650000000000034,90.0,1694.0,31.1,187.0,0,0,0,0,0,0,-9.199999999999989,52683.4
L54541,L,26.350000000000023,36.85000000000002,90.0,1502.0,38.5,52.0,0,0,0,0,0,0,-10.5,57827.0
M14890,M,25.950000000000045,36.35000000000002,90.0,1339.0,48.2,86.0,0,0,0,0,0,0,-10.399999999999977,64539.8
M23110,M,25.850000000000023,37.25,90.0,1394.0,45.2,122.0,0,0,0,0,0,0,-11.399999999999977,63008.8
H31079,H,25.05000000000001,34.75,90.0,1491.0,39.7,181.0,0,0,0,0,0,0,-9.699999999999989,59192.700000000004
L53660,L,27.55000000000001,36.75,90.0,1775.0,26.6,149.0,0,0,0,0,0,0,-9.199999999999989,47215.0
M19233,M,28.75,36.55000000000001,90.0,1533.0,35.9,204.0,0,0,0,0,0,0,-7.800000000000011,55034.7
L55704,L,25.150000000000034,36.25,90.0,1468.0,46.2,10.0,0,0,0,0,0,0,-11.099999999999966,67821.6
L47609,L,24.350000000000023,35.450000000000045,90.0,1208.0,62.3,28.0,0,0,0,0,0,0,-11.100000000000023,75258.4
M15245,M,24.450000000000045,35.450000000000045,90.0,1414.0,45.4,138.0,0,0,0,0,0,0,-11.0,64195.6
L49125,L,24.950000000000045,34.950000000000045,90.0,1616.0,32.8,65.0,0,0,0,0,0,0,-10.0,53004.799999999996
M15333,M,24.25,35.85000000000002,90.0,1520.0,37.0,147.0,0,0,0,0,0,0,-11.600000000000023,56240.0
H31543,H,26.25,35.85000000000002,90.0,1607.0,33.7,130.0,0,0,0,0,0,0,-9.600000000000023,54155.9
M21858,M,27.450000000000045,37.55000000000001,90.0,1388.0,42.9,190.0,0,0,0,0,0,0,-10.099999999999966,59545.2
L48235,L,23.650000000000034,34.650000000000034,90.0,1480.0,39.4,122.0,0,0,0,0,0,0,-11.0,58312.0
L50454,L,28.150000000000034,36.85000000000002,90.0,1665.0,31.4,0.0,0,0,0,0,0,0,-8.699999999999989,52281.0
L52141,L,30.75,39.55000000000001,90.0,1800.0,24.3,158.0,0,0,0,0,0,0,-8.800000000000011,43740.0
L52543,L,30.05000000000001,39.35000000000002,90.0,1518.0,39.9,146.0,0,0,0,0,0,0,-9.300000000000011,60568.2
L47991,L,23.650000000000034,34.450000000000045,90.0,1588.0,37.6,126.0,0,0,0,0,0,0,-10.800000000000011,59708.8
H33987,H,29.650000000000034,37.85000000000002,90.0,1436.0,43.5,47.0,0,0,0,0,0,0,-8.199999999999989,62466.0
M21085,M,28.05000000000001,37.85000000000002,90.0,1424.0,41.4,131.0,0,0,0,0,0,0,-9.800000000000011,58953.6
H29525,H,25.55000000000001,35.450000000000045,90.0,1499.0,43.5,84.0,0,0,0,0,0,0,-9.900000000000034,65206.5
L56089,L,23.950000000000045,35.25,90.0,1529.0,40.4,165.0,0,0,0,0,0,0,-11.299999999999955,61771.6
L55031,L,27.25,38.55000000000001,90.0,1373.0,47.2,3.0,0,0,0,0,0,0,-11.300000000000011,64805.600000000006
L48632,L,25.850000000000023,37.150000000000034,90.0,1584.0,34.4,83.0,0,0,0,0,0,0,-11.300000000000011,54489.6
M23453,M,24.25,34.85000000000002,90.0,1601.0,34.6,181.0,0,0,0,0,0,0,-10.600000000000023,55394.600000000006
L49102,L,24.850000000000023,34.650000000000034,90.0,1716.0,26.6,9.0,0,0,0,0,0,0,-9.800000000000011,45645.600000000006
M20725,M,28.350000000000023,37.950000000000045,90.0,1402.0,40.0,94.0,0,0,0,0,0,0,-9.600000000000023,56080.0
M24388,M,25.950000000000045,37.150000000000034,90.0,1233.0,59.0,81.0,0,0,0,0,0,0,-11.199999999999989,72747.0
M18545,M,28.75,37.950000000000045,90.0,1380.0,51.6,184.0,0,0,0,0,0,0,-9.200000000000045,71208.0
L52069,L,30.55000000000001,39.35000000000002,90.0,1632.0,36.6,186.0,0,0,0,0,0,0,-8.800000000000011,59731.200000000004
L47279,L,25.650000000000034,35.650000000000034,90.0,1523.0,44.4,55.0,0,0,0,0,0,0,-10.0,67621.2
M22368,M,27.350000000000023,38.75,90.0,1730.0,27.5,209.0,0,0,0,0,0,0,-11.399999999999977,47575.0
L51689,L,29.25,36.950000000000045,90.0,1429.0,43.7,104.0,0,0,0,0,0,0,-7.7000000000000455,62447.3
L56231,L,24.25,35.450000000000045,90.0,1820.0,24.6,79.0,0,0,0,0,0,0,-11.200000000000045,44772.0
H35876,H,27.450000000000045,36.85000000000002,90.0,1483.0,44.0,97.0,0,0,0,0,0,0,-9.399999999999977,65252.0
M16274,M,25.55000000000001,36.650000000000034,90.0,1570.0,42.1,200.0,0,0,0,0,0,0,-11.100000000000023,66097.0
L47720,L,24.25,36.25,90.0,1473.0,45.5,94.0,0,0,0,0,0,0,-12.0,67021.5
L52995,L,28.05000000000001,37.85000000000002,90.0,1670.0,33.0,200.0,0,0,0,0,0,0,-9.800000000000011,55110.0
L55379,L,26.05000000000001,37.55000000000001,90.0,1737.0,27.0,225.0,1,1,0,0,0,0,-11.5,46899.0
M15614,M,23.75,34.950000000000045,90.0,1483.0,44.3,219.0,0,0,0,0,0,0,-11.200000000000045,65696.9
M19056,M,29.350000000000023,37.85000000000002,90.0,1563.0,35.6,190.0,0,0,0,0,0,0,-8.5,55642.8
L49830,L,26.75,36.450000000000045,90.0,1280.0,59.3,163.0,0,0,0,0,0,0,-9.700000000000045,75904.0
L56699,L,25.850000000000023,36.950000000000045,90.0,1531.0,36.0,57.0,0,0,0,0,0,0,-11.100000000000023,55116.0
L50908,L,29.150000000000034,38.150000000000034,90.0,1457.0,44.5,83.0,0,0,0,0,0,0,-9.0,64836.5
L51066,L,29.25,38.150000000000034,90.0,1392.0,50.5,51.0,0,0,0,0,0,0,-8.900000000000034,70296.0
H36521,H,27.75,37.35000000000002,90.0,1512.0,41.2,49.0,0,0,0,0,0,0,-9.600000000000023,62294.4
L55947,L,24.350000000000023,35.450000000000045,90.0,1380.0,53.5,192.0,0,0,0,0,0,0,-11.100000000000023,73830.0
M21360,M,27.75,36.85000000000002,90.0,1416.0,46.6,201.0,0,0,0,0,0,0,-9.100000000000023,65985.6
L55143,L,27.850000000000023,39.05000000000001,90.0,1510.0,39.9,61.0,0,0,0,0,0,0,-11.199999999999989,60249.0
L56099,L,24.05000000000001,35.150000000000034,90.0,1693.0,28.0,188.0,0,0,0,0,0,0,-11.100000000000023,47404.0
H36228,H,27.650000000000034,37.450000000000045,90.0,1465.0,44.1,136.0,0,0,0,0,0,0,-9.800000000000011,64606.5
L52702,L,29.450000000000045,38.75,90.0,1453.0,39.1,84.0,0,0,0,0,0,0,-9.299999999999955,56812.3
L48224,L,23.350000000000023,34.450000000000045,90.0,1512.0,43.6,92.0,0,0,0,0,0,0,-11.100000000000023,65923.2
L48737,L,25.150000000000034,35.25,90.0,1585.0,30.6,127.0,0,0,0,0,0,0,-10.099999999999966,48501.0
L47360,L,25.05000000000001,35.150000000000034,90.0,1475.0,49.9,47.0,0,0,0,0,0,0,-10.100000000000023,73602.5
L49295,L,26.25,35.85000000000002,90.0,1404.0,47.3,86.0,0,0,0,0,0,0,-9.600000000000023,66409.2
L48879,L,24.950000000000045,34.55000000000001,90.0,1289.0,48.3,42.0,0,0,0,0,0,0,-9.599999999999966,62258.7
L48559,L,25.55000000000001,36.950000000000045,90.0,1620.0,34.8,112.0,0,0,0,0,0,0,-11.400000000000034,56375.99999999999
L54409,L,26.650000000000034,36.650000000000034,90.0,1749.0,33.4,153.0,0,0,0,0,0,0,-10.0,58416.6
L56323,L,24.450000000000045,35.35000000000002,90.0,1452.0,42.6,116.0,0,0,0,0,0,0,-10.899999999999977,61855.200000000004
H30032,H,25.05000000000001,36.85000000000002,90.0,1433.0,44.2,68.0,0,0,0,0,0,0,-11.800000000000011,63338.600000000006
L50361,L,27.05000000000001,36.25,90.0,1527.0,37.0,194.0,0,0,0,0,0,0,-9.199999999999989,56499.0
M16460,M,24.650000000000034,34.650000000000034,90.0,1543.0,43.7,8.0,0,0,0,0,0,0,-10.0,67429.1
L53100,L,27.350000000000023,37.05000000000001,90.0,1764.0,25.9,27.0,0,0,0,0,0,0,-9.699999999999989,45687.6
M19434,M,29.75,37.85000000000002,90.0,1402.0,40.7,52.0,0,0,0,0,0,0,-8.100000000000023,57061.4
L52774,L,29.450000000000045,38.75,90.0,1598.0,35.5,69.0,0,0,0,0,0,0,-9.299999999999955,56729.0
M19447,M,29.650000000000034,37.85000000000002,90.0,1507.0,33.4,82.0,0,0,0,0,0,0,-8.199999999999989,50333.799999999996
M19989,M,30.950000000000045,40.150000000000034,90.0,1725.0,28.3,177.0,0,0,0,0,0,0,-9.199999999999989,48817.5
M23194,M,25.650000000000034,36.55000000000001,90.0,1459.0,47.3,141.0,0,0,0,0,0,0,-10.899999999999977,69010.7
L52887,L,29.25,38.650000000000034,90.0,1448.0,43.4,141.0,0,0,0,0,0,0,-9.400000000000034,62843.2
M20244,M,29.75,39.25,90.0,1421.0,46.0,206.0,0,0,0,0,0,0,-9.5,65366.0
L53516,L,27.25,36.650000000000034,90.0,1395.0,48.1,201.0,0,0,0,0,0,0,-9.400000000000034,67099.5
M16914,M,26.450000000000045,36.25,90.0,1605.0,29.8,142.0,0,0,0,0,0,0,-9.799999999999955,47829.0
M22472,M,27.350000000000023,38.25,90.0,1743.0,27.6,46.0,0,0,0,0,0,0,-10.899999999999977,48106.8
H33377,H,29.150000000000034,38.35000000000002,90.0,1526.0,38.2,47.0,0,0,0,0,0,0,-9.199999999999989,58293.200000000004
M19461,M,29.850000000000023,37.950000000000045,90.0,1372.0,54.3,117.0,1,0,1,0,0,0,-8.100000000000023,74499.59999999999
M18581,M,29.05000000000001,38.05000000000001,90.0,1544.0,43.6,63.0,0,0,0,0,0,0,-9.0,67318.40000000001
H30736,H,25.75,36.950000000000045,90.0,1452.0,49.9,187.0,0,0,0,0,0,0,-11.200000000000045,72454.8
L54404,L,26.650000000000034,36.450000000000045,90.0,1598.0,31.0,139.0,0,0,0,0,0,0,-9.800000000000011,49538.0
M22285,M,26.850000000000023,38.25,90.0,1791.0,24.1,213.0,0,0,0,0,0,0,-11.399999999999977,43163.100000000006
H33750,H,28.450000000000045,36.75,90.0,1423.0,53.6,95.0,0,0,0,0,0,0,-8.299999999999955,76272.8
L51591,L,29.350000000000023,37.150000000000034,90.0,1688.0,31.6,66.0,0,0,0,0,0,0,-7.800000000000011,53340.8
L53038,L,28.150000000000034,37.85000000000002,90.0,1348.0,44.5,78.0,0,0,0,0,0,0,-9.699999999999989,59986.0
M24203,M,25.150000000000034,35.650000000000034,90.0,1391.0,50.4,13.0,0,0,0,0,0,0,-10.5,70106.4
M20939,M,27.650000000000034,37.55000000000001,90.0,1371.0,44.7,205.0,0,0,0,0,0,0,-9.899999999999977,61283.700000000004
L48739,L,25.05000000000001,35.150000000000034,90.0,1458.0,41.8,132.0,0,0,0,0,0,0,-10.100000000000023,60944.399999999994
M22417,M,27.25,38.35000000000002,90.0,1750.0,27.3,116.0,0,0,0,0,0,0,-11.100000000000023,47775.0
L50952,L,29.25,37.950000000000045,90.0,1448.0,44.8,195.0,0,0,0,0,0,0,-8.700000000000045,64870.399999999994
M23639,M,24.350000000000023,35.450000000000045,90.0,1349.0,51.5,21.0,0,0,0,0,0,0,-11.100000000000023,69473.5
M23243,M,25.650000000000034,36.75,90.0,1495.0,35.2,60.0,0,0,0,0,0,0,-11.099999999999966,52624.00000000001
L48534,L,25.450000000000045,36.85000000000002,90.0,1334.0,48.0,42.0,0,0,0,0,0,0,-11.399999999999977,64032.0
L57052,L,25.75,36.75,90.0,1373.0,52.1,108.0,0,0,0,0,0,0,-11.0,71533.3
H30162,H,23.55000000000001,34.950000000000045,90.0,1528.0,46.3,203.0,0,0,0,0,0,0,-11.400000000000034,70746.4
L55097,L,27.75,38.950000000000045,90.0,1474.0,42.4,171.0,0,0,0,0,0,0,-11.200000000000045,62497.6
L51837,L,29.950000000000045,38.05000000000001,90.0,1628.0,35.2,23.0,0,0,0,0,0,0,-8.099999999999966,57305.600000000006
L50640,L,28.350000000000023,37.150000000000034,90.0,1415.0,41.6,28.0,0,0,0,0,0,0,-8.800000000000011,58864.0
H34963,H,29.150000000000034,38.75,90.0,1374.0,52.4,154.0,0,0,0,0,0,0,-9.599999999999966,71997.59999999999
L54255,L,27.55000000000001,37.35000000000002,90.0,1536.0,47.4,192.0,0,0,0,0,0,0,-9.800000000000011,72806.4
M20698,M,28.25,38.05000000000001,90.0,1476.0,36.5,25.0,0,0,0,0,0,0,-9.800000000000011,53874.0
L55271,L,27.05000000000001,38.450000000000045,90.0,1375.0,56.9,155.0,0,0,0,0,0,0,-11.400000000000034,78237.5
L54681,L,27.05000000000001,38.55000000000001,90.0,1640.0,30.8,191.0,0,0,0,0,0,0,-11.5,50512.0
M22227,M,26.350000000000023,36.950000000000045,90.0,1359.0,61.1,67.0,0,0,0,0,0,0,-10.600000000000023,83034.90000000001
H39052,H,26.150000000000034,37.25,90.0,1393.0,44.9,162.0,0,0,0,0,0,0,-11.099999999999966,62545.7
L47844,L,24.350000000000023,35.75,90.0,1390.0,47.4,187.0,0,0,0,0,0,0,-11.399999999999977,65886.0
M17179,M,26.05000000000001,35.650000000000034,90.0,1700.0,33.5,185.0,0,0,0,0,0,0,-9.600000000000023,56950.0
M18537,M,29.150000000000034,38.55000000000001,90.0,1368.0,53.6,165.0,0,0,0,0,0,0,-9.399999999999977,73324.8
L56779,L,25.850000000000023,36.950000000000045,90.0,1463.0,37.4,56.0,0,0,0,0,0,0,-11.100000000000023,54716.2
M15535,M,24.650000000000034,35.950000000000045,90.0,1424.0,45.5,2.0,0,0,0,0,0,0,-11.300000000000011,64792.0
L49142,L,24.650000000000034,34.35000000000002,90.0,1391.0,48.6,109.0,0,0,0,0,0,0,-9.699999999999989,67602.6
M16700,M,24.55000000000001,34.05000000000001,90.0,1405.0,43.7,2.0,0,0,0,0,0,0,-9.5,61398.50000000001
L57078,L,25.55000000000001,36.05000000000001,90.0,1396.0,44.8,178.0,0,0,0,0,0,0,-10.5,62540.799999999996
L50718,L,28.850000000000023,37.950000000000045,90.0,1635.0,36.0,23.0,0,0,0,0,0,0,-9.100000000000023,58860.0
L55268,L,26.950000000000045,38.25,90.0,1356.0,45.7,149.0,0,0,0,0,0,0,-11.299999999999955,61969.200000000004
M19237,M,28.650000000000034,36.450000000000045,90.0,1436.0,49.0,214.0,0,0,0,0,0,0,-7.800000000000011,70364.0
L47793,L,24.950000000000045,36.75,90.0,1634.0,30.0,53.0,0,0,0,0,0,0,-11.799999999999955,49020.0
L53306,L,27.75,37.75,90.0,1370.0,52.5,107.0,0,0,0,0,0,0,-10.0,71925.0
L52390,L,30.55000000000001,39.450000000000045,90.0,1466.0,42.5,183.0,0,0,0,0,0,0,-8.900000000000034,62305.0
L48610,L,25.75,36.85000000000002,90.0,1378.0,49.3,18.0,0,0,0,0,0,0,-11.100000000000023,67935.4
L49605,L,25.650000000000034,34.950000000000045,90.0,1472.0,53.5,28.0,0,0,0,0,0,0,-9.300000000000011,78752.0
L56021,L,24.150000000000034,35.55000000000001,90.0,1506.0,39.3,187.0,0,0,0,0,0,0,-11.399999999999977,59185.799999999996
L51898,L,30.150000000000034,38.450000000000045,90.0,1337.0,56.8,187.0,1,0,1,0,0,0,-8.300000000000011,75941.59999999999
L54365,L,27.150000000000034,37.25,90.0,1672.0,29.2,39.0,0,0,0,0,0,0,-10.099999999999966,48822.4
L48597,L,25.55000000000001,36.75,90.0,1541.0,38.5,208.0,0,0,0,0,0,0,-11.199999999999989,59328.5
L54379,L,26.850000000000023,36.75,90.0,1507.0,41.4,74.0,0,0,0,0,0,0,-9.899999999999977,62389.799999999996
L47784,L,24.75,36.75,90.0,1542.0,33.8,33.0,0,0,0,0,0,0,-12.0,52119.6
H30686,H,24.850000000000023,36.25,90.0,1562.0,38.1,58.0,0,0,0,0,0,0,-11.399999999999977,59512.200000000004
L53547,L,26.850000000000023,36.450000000000045,90.0,1571.0,33.1,65.0,0,0,0,0,0,0,-9.600000000000023,52000.100000000006
L55926,L,24.150000000000034,35.35000000000002,90.0,1528.0,44.5,140.0,0,0,0,0,0,0,-11.199999999999989,67996.0
L47427,L,24.850000000000023,35.05000000000001,90.0,1469.0,45.5,214.0,0,0,0,0,0,0,-10.199999999999989,66839.5
L56406,L,24.850000000000023,35.950000000000045,90.0,1822.0,23.5,122.0,0,0,0,0,0,0,-11.100000000000023,42817.0
M16842,M,24.850000000000023,34.55000000000001,90.0,1487.0,41.3,160.0,0,0,0,0,0,0,-9.699999999999989,61413.1
L50015,L,27.150000000000034,36.05000000000001,90.0,1572.0,32.0,173.0,0,0,0,0,0,0,-8.899999999999977,50304.0
L47379,L,25.25,35.450000000000045,90.0,1433.0,47.1,101.0,0,0,0,0,0,0,-10.200000000000045,67494.3
M15345,M,24.25,35.85000000000002,90.0,1685.0,30.7,177.0,0,0,0,0,0,0,-11.600000000000023,51729.5
L53263,L,27.75,37.55000000000001,90.0,1389.0,50.0,214.0,0,0,0,0,0,0,-9.800000000000011,69450.0
L47635,L,24.25,35.55000000000001,90.0,1429.0,57.4,96.0,0,0,0,0,0,0,-11.300000000000011,82024.59999999999
M23686,M,24.05000000000001,35.650000000000034,90.0,1485.0,47.9,143.0,0,0,0,0,0,0,-11.600000000000023,71131.5
L53695,L,27.850000000000023,36.85000000000002,90.0,1480.0,43.5,21.0,0,0,0,0,0,0,-9.0,64380.0
L48901,L,25.05000000000001,34.55000000000001,90.0,1688.0,32.4,91.0,0,0,0,0,0,0,-9.5,54691.2
L55345,L,26.450000000000045,37.85000000000002,90.0,1552.0,33.2,139.0,0,0,0,0,0,0,-11.399999999999977,51526.4
M20627,M,28.450000000000045,38.05000000000001,90.0,1415.0,46.5,82.0,0,0,0,0,0,0,-9.599999999999966,65797.5
L51806,L,29.850000000000023,38.05000000000001,90.0,1664.0,29.8,186.0,0,0,0,0,0,0,-8.199999999999989,49587.200000000004
L49274,L,26.25,36.150000000000034,90.0,1377.0,43.6,28.0,0,0,0,0,0,0,-9.900000000000034,60037.200000000004
L48127,L,22.450000000000045,33.05000000000001,90.0,1428.0,44.5,51.0,0,0,0,0,0,0,-10.599999999999966,63546.0
L48624,L,25.850000000000023,37.05000000000001,90.0,1477.0,37.9,60.0,0,0,0,0,0,0,-11.199999999999989,55978.299999999996
H30694,H,25.150000000000034,36.35000000000002,90.0,1521.0,37.1,84.0,0,0,0,0,0,0,-11.199999999999989,56429.1
M23812,M,24.05000000000001,34.85000000000002,90.0,1478.0,42.5,56.0,0,0,0,0,0,0,-10.800000000000011,62815.0
L54789,L,27.350000000000023,38.150000000000034,90.0,1490.0,41.8,39.0,0,0,0,0,0,0,-10.800000000000011,62281.99999999999
L49184,L,25.350000000000023,35.05000000000001,90.0,1451.0,47.5,18.0,0,0,0,0,0,0,-9.699999999999989,68922.5
L55884,L,23.950000000000045,35.35000000000002,90.0,1425.0,40.0,35.0,0,0,0,0,0,0,-11.399999999999977,57000.0
L48185,L,23.05000000000001,34.05000000000001,90.0,1382.0,52.0,201.0,0,0,0,0,0,0,-11.0,71864.0
M19998,M,31.150000000000034,40.450000000000045,90.0,1489.0,40.3,196.0,0,0,0,0,0,0,-9.300000000000011,60006.7
M19177,M,28.350000000000023,36.85000000000002,90.0,1417.0,44.6,49.0,0,0,0,0,0,0,-8.5,63198.200000000004
L51567,L,28.850000000000023,36.650000000000034,90.0,1532.0,39.4,2.0,0,0,0,0,0,0,-7.800000000000011,60360.799999999996
L51445,L,29.450000000000045,37.85000000000002,90.0,1424.0,38.0,144.0,0,0,0,0,0,0,-8.399999999999977,54112.0
L49237,L,26.350000000000023,36.150000000000034,90.0,1520.0,42.3,149.0,0,0,0,0,0,0,-9.800000000000011,64295.99999999999
L52566,L,29.75,39.05000000000001,90.0,1469.0,42.0,214.0,0,0,0,0,0,0,-9.300000000000011,61698.0
L47409,L,25.150000000000034,35.35000000000002,90.0,1538.0,32.2,173.0,0,0,0,0,0,0,-10.199999999999989,49523.600000000006
M17749,M,27.55000000000001,36.55000000000001,90.0,1523.0,38.2,73.0,0,0,0,0,0,0,-9.0,58178.600000000006
L51652,L,29.55000000000001,37.450000000000045,90.0,1501.0,48.7,4.0,0,0,0,0,0,0,-7.900000000000034,73098.7
H37338,H,27.55000000000001,38.75,90.0,1389.0,46.5,186.0,0,0,0,0,0,0,-11.199999999999989,64588.5
H37063,H,27.25,38.35000000000002,90.0,1662.0,29.0,137.0,0,0,0,0,0,0,-11.100000000000023,48198.0
H37795,H,25.650000000000034,36.85000000000002,90.0,1530.0,38.3,53.0,0,0,0,0,0,0,-11.199999999999989,58598.99999999999
M17618,M,26.55000000000001,36.05000000000001,90.0,1412.0,45.3,205.0,0,0,0,0,0,0,-9.5,63963.6
L54296,L,27.850000000000023,37.35000000000002,90.0,1601.0,33.2,77.0,0,0,0,0,0,0,-9.5,53153.200000000004
M21190,M,27.350000000000023,36.85000000000002,90.0,1580.0,37.0,181.0,0,0,0,0,0,0,-9.5,58460.0
L48908,L,25.150000000000034,34.55000000000001,90.0,1465.0,49.4,109.0,0,0,0,0,0,0,-9.399999999999977,72371.0
M19036,M,29.150000000000034,37.55000000000001,90.0,1544.0,39.7,141.0,0,0,0,0,0,0,-8.399999999999977,61296.8
L47517,L,24.450000000000045,35.150000000000034,90.0,1742.0,27.7,13.0,0,0,0,0,0,0,-10.699999999999989,48253.4
L52164,L,30.650000000000034,39.950000000000045,90.0,1256.0,58.7,213.0,1,0,0,0,1,0,-9.300000000000011,73727.2
H36292,H,27.75,38.05000000000001,90.0,1518.0,35.0,90.0,0,0,0,0,0,0,-10.300000000000011,53130.0
L54428,L,26.850000000000023,36.950000000000045,90.0,1762.0,28.0,202.0,0,0,0,0,0,0,-10.100000000000023,49336.0
M23312,M,25.450000000000045,36.85000000000002,90.0,1512.0,37.5,27.0,0,0,0,0,0,0,-11.399999999999977,56700.0
M21687,M,27.850000000000023,37.75,90.0,1515.0,41.8,170.0,0,0,0,0,0,0,-9.899999999999977,63326.99999999999
L50720,L,28.75,37.75,90.0,1574.0,31.4,27.0,0,0,0,0,0,0,-9.0,49423.6
L53048,L,28.350000000000023,37.950000000000045,90.0,1731.0,27.9,101.0,0,0,0,0,0,0,-9.600000000000023,48294.899999999994
L49871,L,26.850000000000023,36.450000000000045,90.0,1431.0,47.7,39.0,0,0,0,0,0,0,-9.600000000000023,68258.7
L54333,L,27.05000000000001,36.85000000000002,90.0,1493.0,47.3,172.0,0,0,0,0,0,0,-9.800000000000011,70618.9
L48197,L,23.150000000000034,34.05000000000001,90.0,1637.0,31.6,27.0,0,0,0,0,0,0,-10.899999999999977,51729.200000000004
L55691,L,25.25,36.55000000000001,90.0,1457.0,44.2,175.0,0,0,0,0,0,0,-11.300000000000011,64399.4
M17667,M,26.75,36.150000000000034,90.0,1452.0,41.9,106.0,0,0,0,0,0,0,-9.400000000000034,60838.799999999996
H29764,H,24.450000000000045,35.150000000000034,90.0,1400.0,44.3,43.0,0,0,0,0,0,0,-10.699999999999989,62019.99999999999
L49114,L,24.950000000000045,34.75,90.0,1698.0,33.3,40.0,0,0,0,0,0,0,-9.799999999999955,56543.399999999994
L54081,L,27.850000000000023,38.55000000000001,90.0,1547.0,34.5,152.0,0,0,0,0,0,0,-10.699999999999989,53371.5
H29978,H,24.450000000000045,36.450000000000045,90.0,1669.0,32.1,155.0,0,0,0,0,0,0,-12.0,53574.9
H30996,H,24.950000000000045,35.150000000000034,90.0,1530.0,42.0,184.0,0,0,0,0,0,0,-10.199999999999989,64260.0
M17035,M,26.350000000000023,36.05000000000001,90.0,1590.0,35.9,22.0,0,0,0,0,0,0,-9.699999999999989,57081.0
M21888,M,27.450000000000045,37.450000000000045,90.0,1403.0,50.4,64.0,0,0,0,0,0,0,-10.0,70711.2
H31642,H,26.25,35.450000000000045,90.0,1542.0,41.8,166.0,0,0,0,0,0,0,-9.200000000000045,64455.6
L50306,L,26.850000000000023,36.25,90.0,1499.0,35.7,46.0,0,0,0,0,0,0,-9.399999999999977,53514.3
M18404,M,28.75,37.75,90.0,1483.0,37.0,35.0,0,0,0,0,0,0,-9.0,54871.0
L54656,L,27.05000000000001,38.35000000000002,90.0,1492.0,41.8,128.0,0,0,0,0,0,0,-11.300000000000011,62365.6
H35946,H,28.05000000000001,37.450000000000045,90.0,1352.0,52.0,69.0,0,0,0,0,0,0,-9.400000000000034,70304.0
M17132,M,26.150000000000034,35.450000000000045,90.0,1448.0,52.1,71.0,0,0,0,0,0,0,-9.300000000000011,75440.8
L47261,L,25.75,35.75,90.0,1450.0,47.5,9.0,0,0,0,0,0,0,-10.0,68875.0
L48503,L,25.75,36.950000000000045,90.0,1361.0,51.7,192.0,0,0,0,0,0,0,-11.200000000000045,70363.7
M15691,M,23.450000000000045,34.25,90.0,1544.0,42.3,170.0,0,0,0,0,0,0,-10.799999999999955,65311.2
M18743,M,29.25,38.25,90.0,1534.0,40.1,41.0,0,0,0,0,0,0,-9.0,61513.4
M23501,M,24.450000000000045,35.35000000000002,90.0,1360.0,48.6,77.0,0,0,0,0,0,0,-10.899999999999977,66096.0
M20199,M,30.25,39.55000000000001,90.0,1594.0,32.8,79.0,0,0,0,0,0,0,-9.300000000000011,52283.2
H31063,H,24.850000000000023,34.75,90.0,1482.0,37.8,132.0,0,0,0,0,0,0,-9.899999999999977,56019.6
L56845,L,26.05000000000001,37.150000000000034,90.0,1610.0,33.3,233.0,0,0,0,0,0,0,-11.100000000000023,53612.99999999999
L50218,L,27.25,36.35000000000002,90.0,1349.0,50.4,30.0,0,0,0,0,0,0,-9.100000000000023,67989.59999999999
H36557,H,27.150000000000034,36.55000000000001,90.0,1582.0,30.8,144.0,0,0,0,0,0,0,-9.399999999999977,48725.6
H36303,H,27.75,38.25,90.0,1387.0,42.7,121.0,0,0,0,0,0,0,-10.5,59224.9
M19952,M,30.75,40.05000000000001,90.0,1608.0,40.6,79.0,0,0,0,0,0,0,-9.300000000000011,65284.8
M18580,M,29.25,38.25,90.0,1508.0,41.2,60.0,0,0,0,0,0,0,-9.0,62129.600000000006
L52451,L,30.450000000000045,39.85000000000002,90.0,1534.0,39.7,115.0,0,0,0,0,0,0,-9.399999999999977,60899.8
L49553,L,26.05000000000001,35.25,90.0,1350.0,51.3,96.0,0,0,0,0,0,0,-9.199999999999989,69255.0
M19553,M,30.25,38.35000000000002,90.0,1817.0,24.7,125.0,0,0,0,0,0,0,-8.100000000000023,44879.9
M24739,M,25.650000000000034,36.650000000000034,90.0,1490.0,38.6,127.0,0,0,0,0,0,0,-11.0,57514.0
L55550,L,25.650000000000034,36.650000000000034,90.0,1634.0,33.6,27.0,0,0,0,0,0,0,-11.0,54902.4
L51548,L,28.850000000000023,36.85000000000002,90.0,1664.0,28.6,190.0,0,0,0,0,0,0,-8.0,47590.4
L53965,L,28.05000000000001,37.450000000000045,90.0,1389.0,45.3,64.0,0,0,0,0,0,0,-9.400000000000034,62921.7
L54581,L,26.650000000000034,37.650000000000034,90.0,1409.0,51.9,154.0,0,0,0,0,0,0,-11.0,73127.09999999999
M15999,M,23.850000000000023,34.75,90.0,1569.0,33.3,141.0,0,0,0,0,0,0,-10.899999999999977,52247.7
L49411,L,26.25,35.450000000000045,90.0,1415.0,56.4,175.0,0,0,0,0,0,0,-9.200000000000045,79806.0
M24097,M,24.950000000000045,35.650000000000034,90.0,1811.0,25.4,147.0,0,0,0,0,0,0,-10.699999999999989,45999.399999999994
L51741,L,29.75,37.650000000000034,90.0,1610.0,32.2,17.0,0,0,0,0,0,0,-7.900000000000034,51842.00000000001
L48750,L,25.05000000000001,35.25,90.0,1452.0,43.5,158.0,0,0,0,0,0,0,-10.199999999999989,63162.0
M22023,M,26.950000000000045,36.950000000000045,90.0,1501.0,39.3,195.0,0,0,0,0,0,0,-10.0,58989.299999999996
H34081,H,30.150000000000034,38.25,90.0,1651.0,30.6,50.0,0,0,0,0,0,0,-8.099999999999966,50520.600000000006
H33979,H,29.55000000000001,37.650000000000034,90.0,1275.0,55.0,25.0,1,0,1,0,0,0,-8.100000000000023,70125.0
M21429,M,28.25,37.55000000000001,90.0,1375.0,42.0,168.0,0,0,0,0,0,0,-9.300000000000011,57750.0
L51963,L,30.55000000000001,39.35000000000002,90.0,1641.0,36.0,125.0,0,0,0,0,0,0,-8.800000000000011,59076.0
M16692,M,24.650000000000034,34.25,90.0,1330.0,51.7,183.0,0,0,0,0,0,0,-9.599999999999966,68761.0
L55726,L,25.25,36.150000000000034,90.0,1716.0,28.4,66.0,0,0,0,0,0,0,-10.900000000000034,48734.399999999994
L56310,L,24.450000000000045,35.450000000000045,90.0,1576.0,32.7,83.0,0,0,0,0,0,0,-11.0,51535.200000000004
L56535,L,25.150000000000034,35.75,90.0,1708.0,28.0,42.0,0,0,0,0,0,0,-10.599999999999966,47824.0
L51592,L,29.450000000000045,37.35000000000002,90.0,1450.0,43.2,68.0,0,0,0,0,0,0,-7.899999999999977,62640.00000000001
L57070,L,25.650000000000034,36.35000000000002,90.0,1645.0,32.8,157.0,0,0,0,0,0,0,-10.699999999999989,53955.99999999999
H30248,H,23.450000000000045,34.25,90.0,1333.0,50.2,177.0,0,0,0,0,0,0,-10.799999999999955,66916.6
L50961,L,29.150000000000034,37.650000000000034,90.0,1465.0,43.8,7.0,0,0,0,0,0,0,-8.5,64166.99999999999
L56192,L,24.05000000000001,34.85000000000002,90.0,1705.0,26.0,200.0,0,0,0,0,0,0,-10.800000000000011,44330.0
L50604,L,28.350000000000023,37.35000000000002,90.0,1593.0,32.9,155.0,0,0,0,0,0,0,-9.0,52409.7
M17823,M,27.55000000000001,36.450000000000045,90.0,1439.0,43.0,61.0,0,0,0,0,0,0,-8.900000000000034,61877.0
M20529,M,29.05000000000001,38.35000000000002,90.0,1479.0,39.5,36.0,0,0,0,0,0,0,-9.300000000000011,58420.5
L50831,L,28.950000000000045,38.35000000000002,90.0,1444.0,44.9,97.0,0,0,0,0,0,0,-9.399999999999977,64835.6
L53919,L,28.55000000000001,38.05000000000001,90.0,1482.0,43.6,154.0,0,0,0,0,0,0,-9.5,64615.200000000004
L50477,L,28.05000000000001,37.150000000000034,90.0,1548.0,38.6,59.0,0,0,0,0,0,0,-9.100000000000023,59752.8
H33541,H,28.850000000000023,37.450000000000045,90.0,1438.0,43.2,12.0,0,0,0,0,0,0,-8.600000000000023,62121.600000000006
L55223,L,27.55000000000001,38.75,90.0,1486.0,35.8,32.0,0,0,0,0,0,0,-11.199999999999989,53198.799999999996
M15332,M,24.25,35.85000000000002,90.0,1497.0,41.8,144.0,0,0,0,0,0,0,-11.600000000000023,62574.6
M18621,M,29.25,37.85000000000002,90.0,1490.0,37.1,168.0,0,0,0,0,0,0,-8.600000000000023,55279.0
L55797,L,24.450000000000045,35.450000000000045,90.0,1529.0,45.3,15.0,0,0,0,0,0,0,-11.0,69263.7
M15728,M,22.650000000000034,33.35000000000002,90.0,1514.0,37.7,60.0,0,0,0,0,0,0,-10.699999999999989,57077.8
L55868,L,23.950000000000045,35.35000000000002,90.0,1483.0,46.9,203.0,0,0,0,0,0,0,-11.399999999999977,69552.7
L53310,L,27.850000000000023,37.75,90.0,1473.0,44.2,116.0,0,0,0,0,0,0,-9.899999999999977,65106.600000000006
M18104,M,27.850000000000023,36.450000000000045,90.0,1397.0,48.0,135.0,0,0,0,0,0,0,-8.600000000000023,67056.0
L52820,L,29.450000000000045,38.950000000000045,90.0,1420.0,51.6,182.0,0,0,0,0,0,0,-9.5,73272.0
L55720,L,25.450000000000045,36.35000000000002,90.0,1687.0,29.3,47.0,0,0,0,0,0,0,-10.899999999999977,49429.1
H30489,H,23.75,34.650000000000034,90.0,1345.0,54.5,172.0,0,0,0,0,0,0,-10.900000000000034,73302.5
L55837,L,24.25,35.25,90.0,1421.0,46.0,124.0,0,0,0,0,0,0,-11.0,65366.0
L54452,L,27.05000000000001,37.150000000000034,90.0,1202.0,59.5,40.0,0,0,0,0,0,0,-10.100000000000023,71519.0
L51939,L,30.350000000000023,38.450000000000045,90.0,1361.0,46.5,62.0,1,0,1,0,0,0,-8.100000000000023,63286.5
L52042,L,30.350000000000023,38.950000000000045,90.0,1326.0,55.7,114.0,0,0,0,0,0,0,-8.600000000000023,73858.2
H36439,H,27.450000000000045,37.450000000000045,90.0,1448.0,44.7,55.0,0,0,0,0,0,0,-10.0,64725.600000000006
L54827,L,27.25,38.25,90.0,1728.0,31.7,133.0,0,0,0,0,0,0,-11.0,54777.6
M19761,M,30.450000000000045,39.150000000000034,90.0,1630.0,32.4,223.0,0,0,0,0,0,0,-8.699999999999989,52812.0
H30515,H,23.55000000000001,34.35000000000002,90.0,1607.0,33.6,38.0,0,0,0,0,0,0,-10.800000000000011,53995.200000000004
M24397,M,26.150000000000034,37.450000000000045,90.0,1457.0,42.1,104.0,0,0,0,0,0,0,-11.300000000000011,61339.700000000004
L54835,L,27.25,38.35000000000002,90.0,1596.0,32.5,154.0,0,0,0,0,0,0,-11.100000000000023,51870.0
M14978,M,25.650000000000034,35.450000000000045,90.0,1707.0,28.1,103.0,0,0,0,0,0,0,-9.800000000000011,47966.700000000004
L49202,L,25.55000000000001,35.25,90.0,1373.0,46.9,60.0,0,0,0,0,0,0,-9.699999999999989,64393.7
L57065,L,25.650000000000034,36.450000000000045,90.0,1613.0,27.7,143.0,0,0,0,0,0,0,-10.800000000000011,44680.1
L49744,L,26.150000000000034,35.950000000000045,90.0,1493.0,38.0,151.0,0,0,0,0,0,0,-9.800000000000011,56734.0
L55845,L,24.450000000000045,35.55000000000001,90.0,1365.0,50.6,143.0,0,0,0,0,0,0,-11.099999999999966,69069.0
L53891,L,28.350000000000023,37.55000000000001,90.0,1426.0,46.1,81.0,0,0,0,0,0,0,-9.199999999999989,65738.6
M17763,M,27.55000000000001,36.35000000000002,90.0,1733.0,26.7,108.0,0,0,0,0,0,0,-8.800000000000011,46271.1
M18067,M,27.05000000000001,35.85000000000002,90.0,1642.0,31.2,37.0,0,0,0,0,0,0,-8.800000000000011,51230.4
L51669,L,29.350000000000023,37.25,90.0,1487.0,40.2,48.0,0,0,0,0,0,0,-7.899999999999977,59777.4
L49935,L,26.55000000000001,36.05000000000001,90.0,1478.0,38.8,199.0,0,0,0,0,0,0,-9.5,57346.399999999994
L48823,L,24.850000000000023,34.650000000000034,90.0,1453.0,37.7,119.0,0,0,0,0,0,0,-9.800000000000011,54778.100000000006
L56472,L,25.05000000000001,35.85000000000002,90.0,1643.0,34.1,91.0,0,0,0,0,0,0,-10.800000000000011,56026.3
L50698,L,28.75,37.85000000000002,90.0,1376.0,44.9,186.0,0,0,0,0,0,0,-9.100000000000023,61782.4
L50868,L,28.850000000000023,38.05000000000001,90.0,1420.0,45.8,192.0,0,0,0,0,0,0,-9.199999999999989,65035.99999999999
M17124,M,26.05000000000001,35.25,90.0,1415.0,43.5,53.0,0,0,0,0,0,0,-9.199999999999989,61552.5
L47267,L,25.850000000000023,35.85000000000002,90.0,1544.0,31.8,25.0,0,0,0,0,0,0,-10.0,49099.200000000004
M17708,M,27.150000000000034,36.150000000000034,90.0,1391.0,57.9,204.0,0,0,0,0,0,0,-9.0,80538.9
L47583,L,24.150000000000034,35.450000000000045,90.0,1273.0,59.8,182.0,0,0,0,0,0,0,-11.300000000000011,76125.4
H39314,H,25.55000000000001,36.05000000000001,90.0,1449.0,42.3,182.0,0,0,0,0,0,0,-10.5,61292.7
M21397,M,28.150000000000034,37.35000000000002,90.0,1481.0,39.7,85.0,0,0,0,0,0,0,-9.199999999999989,58795.700000000004
L49636,L,25.950000000000045,35.450000000000045,90.0,1555.0,36.6,104.0,0,0,0,0,0,0,-9.5,56913.0
L49931,L,26.55000000000001,35.950000000000045,90.0,1417.0,50.1,187.0,0,0,0,0,0,0,-9.400000000000034,70991.7
M15887,M,23.150000000000034,34.25,90.0,1335.0,50.5,48.0,0,0,0,0,0,0,-11.099999999999966,67417.5
L48601,L,25.55000000000001,36.650000000000034,90.0,1589.0,31.8,217.0,0,0,0,0,0,0,-11.100000000000023,50530.200000000004
L51457,L,29.05000000000001,37.25,90.0,1743.0,28.1,170.0,0,0,0,0,0,0,-8.199999999999989,48978.3
L56789,L,25.850000000000023,36.950000000000045,90.0,1470.0,40.3,83.0,0,0,0,0,0,0,-11.100000000000023,59240.99999999999
L48458,L,25.05000000000001,36.25,90.0,1398.0,52.9,79.0,0,0,0,0,0,0,-11.199999999999989,73954.2
L53400,L,27.950000000000045,37.650000000000034,90.0,1470.0,49.3,116.0,0,0,0,0,0,0,-9.699999999999989,72471.0
M19767,M,30.450000000000045,39.35000000000002,90.0,1607.0,33.7,14.0,0,0,0,0,0,0,-8.899999999999977,54155.9
L52244,L,30.850000000000023,39.85000000000002,90.0,1407.0,42.1,5.0,0,0,0,0,0,0,-9.0,59234.700000000004
L48241,L,23.55000000000001,34.75,90.0,1420.0,50.1,138.0,0,0,0,0,0,0,-11.199999999999989,71142.0
L52194,L,30.650000000000034,39.85000000000002,90.0,1452.0,38.6,72.0,0,0,0,0,0,0,-9.199999999999989,56047.200000000004
M21853,M,27.55000000000001,37.85000000000002,90.0,1740.0,25.6,176.0,0,0,0,0,0,0,-10.300000000000011,44544.0
M24113,M,25.05000000000001,35.85000000000002,90.0,1508.0,40.5,192.0,0,0,0,0,0,0,-10.800000000000011,61074.0
L48682,L,24.850000000000023,35.55000000000001,90.0,1462.0,48.2,204.0,0,0,0,0,0,0,-10.699999999999989,70468.40000000001
L56016,L,24.25,35.75,90.0,1708.0,28.8,174.0,0,0,0,0,0,0,-11.5,49190.4
L52098,L,30.150000000000034,39.05000000000001,90.0,1457.0,40.7,48.0,0,0,0,0,0,0,-8.899999999999977,59299.9
M15538,M,24.650000000000034,36.05000000000001,90.0,1295.0,61.2,12.0,0,0,0,0,0,0,-11.399999999999977,79254.0
L52256,L,31.05000000000001,40.05000000000001,90.0,1464.0,44.9,37.0,0,0,0,0,0,0,-9.0,65733.59999999999
L47282,L,25.650000000000034,35.650000000000034,90.0,1555.0,40.6,61.0,0,0,0,0,0,0,-10.0,63133.0
L55736,L,25.05000000000001,35.85000000000002,90.0,1489.0,40.6,89.0,0,0,0,0,0,0,-10.800000000000011,60453.4
L50965,L,29.150000000000034,37.75,90.0,1545.0,36.7,18.0,0,0,0,0,0,0,-8.599999999999966,56701.50000000001
L54353,L,26.950000000000045,36.950000000000045,90.0,1684.0,30.8,13.0,0,0,0,0,0,0,-10.0,51867.200000000004
M18903,M,28.850000000000023,37.650000000000034,90.0,1445.0,46.3,17.0,0,0,0,0,0,0,-8.800000000000011,66903.5
L49828,L,26.650000000000034,36.25,90.0,1436.0,51.6,158.0,0,0,0,0,0,0,-9.599999999999966,74097.6
L55107,L,27.55000000000001,38.75,90.0,1476.0,42.0,196.0,0,0,0,0,0,0,-11.199999999999989,61992.0
M17686,M,27.150000000000034,36.25,90.0,1612.0,33.1,150.0,0,0,0,0,0,0,-9.099999999999966,53357.200000000004
L54954,L,27.150000000000034,38.35000000000002,90.0,1634.0,31.9,36.0,0,0,0,0,0,0,-11.199999999999989,52124.6
H38672,H,25.150000000000034,35.85000000000002,90.0,1379.0,43.2,0.0,0,0,0,0,0,0,-10.699999999999989,59572.8
L55293,L,27.25,38.55000000000001,90.0,1459.0,45.6,3.0,0,0,0,0,0,0,-11.300000000000011,66530.40000000001
L49127,L,25.05000000000001,34.950000000000045,90.0,1462.0,49.9,69.0,0,0,0,0,0,0,-9.900000000000034,72953.8
M20969,M,27.650000000000034,37.75,90.0,1514.0,38.7,66.0,0,0,0,0,0,0,-10.099999999999966,58591.8
L51562,L,28.650000000000034,36.35000000000002,90.0,1525.0,39.6,227.0,0,0,0,0,0,0,-7.699999999999989,60390.0
L52605,L,29.350000000000023,39.05000000000001,90.0,1775.0,27.9,56.0,0,0,0,0,0,0,-9.699999999999989,49522.5
L55758,L,24.350000000000023,35.05000000000001,90.0,1489.0,40.7,141.0,0,0,0,0,0,0,-10.699999999999989,60602.3
L53039,L,28.150000000000034,37.85000000000002,90.0,1542.0,33.6,80.0,0,0,0,0,0,0,-9.699999999999989,51811.200000000004
M17919,M,26.850000000000023,35.85000000000002,90.0,1368.0,45.8,81.0,0,0,0,0,0,0,-9.0,62654.399999999994
M23447,M,24.25,34.75,90.0,1627.0,34.3,166.0,0,0,0,0,0,0,-10.5,55806.1
L49040,L,24.650000000000034,34.450000000000045,90.0,1607.0,30.3,62.0,0,0,0,0,0,0,-9.800000000000011,48692.1
L55618,L,25.450000000000045,36.650000000000034,90.0,1469.0,42.8,205.0,0,0,0,0,0,0,-11.199999999999989,62873.2
L54583,L,26.650000000000034,37.650000000000034,90.0,1376.0,48.6,159.0,0,0,0,0,0,0,-11.0,66873.6
L51430,L,29.450000000000045,37.85000000000002,90.0,1660.0,38.0,99.0,0,0,0,0,0,0,-8.399999999999977,63080.0
L49172,L,25.05000000000001,34.650000000000034,90.0,1375.0,46.6,188.0,0,0,0,0,0,0,-9.600000000000023,64075.0
M22239,M,26.450000000000045,36.950000000000045,90.0,1357.0,48.7,96.0,0,0,0,0,0,0,-10.5,66085.90000000001
L52483,L,30.75,40.05000000000001,90.0,1481.0,44.1,197.0,0,0,0,0,0,0,-9.300000000000011,65312.1
M22307,M,27.150000000000034,38.75,90.0,1677.0,30.8,48.0,0,0,0,0,0,0,-11.599999999999966,51651.6
L54377,L,26.850000000000023,36.85000000000002,90.0,1486.0,41.8,69.0,0,0,0,0,0,0,-10.0,62114.799999999996
M23895,M,24.150000000000034,34.950000000000045,90.0,1731.0,27.7,42.0,0,0,0,0,0,0,-10.800000000000011,47948.7
L48576,L,25.850000000000023,37.150000000000034,90.0,1483.0,39.2,153.0,0,0,0,0,0,0,-11.300000000000011,58133.600000000006
L51182,L,28.950000000000045,38.05000000000001,90.0,1454.0,59.2,153.0,1,0,0,1,0,0,-9.099999999999966,86076.8
L52551,L,29.75,39.150000000000034,90.0,1435.0,47.7,173.0,0,0,0,0,0,0,-9.400000000000034,68449.5
L48222,L,23.450000000000045,34.450000000000045,90.0,1542.0,37.4,88.0,0,0,0,0,0,0,-11.0,57670.799999999996
H36670,H,27.05000000000001,37.150000000000034,90.0,1408.0,42.5,0.0,0,0,0,0,0,0,-10.100000000000023,59840.0
L47437,L,24.850000000000023,34.85000000000002,90.0,1615.0,29.5,15.0,0,0,0,0,0,0,-10.0,47642.5
M22146,M,26.950000000000045,37.25,90.0,1480.0,37.1,77.0,0,0,0,0,0,0,-10.299999999999955,54908.0
L53023,L,28.350000000000023,38.05000000000001,90.0,1700.0,28.8,39.0,0,0,0,0,0,0,-9.699999999999989,48960.0
M22562,M,27.55000000000001,38.55000000000001,90.0,1701.0,30.8,44.0,0,0,0,0,0,0,-11.0,52390.8
L55994,L,24.05000000000001,35.25,90.0,1462.0,51.2,102.0,0,0,0,0,0,0,-11.199999999999989,74854.40000000001
L48525,L,25.350000000000023,36.85000000000002,90.0,1804.0,26.1,22.0,0,0,0,0,0,0,-11.5,47084.4
L55635,L,25.450000000000045,36.75,90.0,1356.0,59.5,34.0,0,0,0,0,0,0,-11.299999999999955,80682.0
M19906,M,30.950000000000045,40.05000000000001,90.0,1410.0,42.4,155.0,0,0,0,0,0,0,-9.099999999999966,59784.0
M19841,M,30.55000000000001,39.650000000000034,90.0,1558.0,37.7,206.0,0,0,0,0,0,0,-9.100000000000023,58736.600000000006
M15232,M,24.25,35.150000000000034,90.0,1405.0,51.7,108.0,0,0,0,0,0,0,-10.900000000000034,72638.5
L55634,L,25.450000000000045,36.85000000000002,90.0,1522.0,40.3,32.0,0,0,0,0,0,0,-11.399999999999977,61336.6
L50550,L,28.25,37.55000000000001,90.0,1584.0,32.2,17.0,0,0,0,0,0,0,-9.300000000000011,51004.8
M16866,M,25.350000000000023,35.150000000000034,90.0,1381.0,50.5,22.0,0,0,0,0,0,0,-9.800000000000011,69740.5
M18516,M,28.950000000000045,38.35000000000002,90.0,1383.0,53.6,108.0,0,0,0,0,0,0,-9.399999999999977,74128.8
M22381,M,27.05000000000001,38.450000000000045,90.0,1467.0,40.7,23.0,0,0,0,0,0,0,-11.400000000000034,59706.9
H33415,H,28.950000000000045,38.05000000000001,90.0,1598.0,37.9,148.0,0,0,0,0,0,0,-9.099999999999966,60564.2
M20932,M,27.75,37.650000000000034,90.0,1695.0,30.2,188.0,0,0,0,0,0,0,-9.900000000000034,51189.0
M15857,M,23.150000000000034,34.05000000000001,90.0,1446.0,45.9,180.0,0,0,0,0,0,0,-10.899999999999977,66371.4
L55359,L,26.650000000000034,38.150000000000034,90.0,1560.0,35.4,178.0,0,0,0,0,0,0,-11.5,55224.0
L50470,L,28.05000000000001,37.05000000000001,90.0,1385.0,42.3,42.0,0,0,0,0,0,0,-9.0,58585.49999999999
L47924,L,23.55000000000001,34.950000000000045,90.0,1450.0,40.9,195.0,0,0,0,0,0,0,-11.400000000000034,59305.0
L51734,L,29.450000000000045,37.35000000000002,90.0,1748.0,28.2,2.0,0,0,0,0,0,0,-7.899999999999977,49293.6
L50039,L,27.450000000000045,36.25,90.0,1549.0,43.4,233.0,0,0,0,0,0,0,-8.799999999999955,67226.59999999999
L56000,L,24.150000000000034,35.55000000000001,90.0,1551.0,40.0,125.0,0,0,0,0,0,0,-11.399999999999977,62040.0
L50639,L,28.350000000000023,37.25,90.0,1270.0,54.2,26.0,0,0,0,0,0,0,-8.899999999999977,68834.0
L54795,L,27.350000000000023,38.25,90.0,1442.0,47.0,53.0,0,0,0,0,0,0,-10.899999999999977,67774.0
L54727,L,26.950000000000045,38.25,90.0,1430.0,40.9,93.0,0,0,0,0,0,0,-11.299999999999955,58487.0
L53573,L,27.05000000000001,36.55000000000001,90.0,1678.0,30.5,142.0,0,0,0,0,0,0,-9.5,51179.0
M24348,M,25.75,36.450000000000045,90.0,1567.0,34.5,204.0,0,0,0,0,0,0,-10.700000000000045,54061.5
L48162,L,23.05000000000001,33.75,90.0,1516.0,39.1,138.0,0,0,0,0,0,0,-10.699999999999989,59275.6
L52544,L,30.05000000000001,39.450000000000045,90.0,1601.0,35.3,148.0,0,0,0,0,0,0,-9.400000000000034,56515.299999999996
L47259,L,25.650000000000034,35.75,90.0,1402.0,37.9,2.0,0,0,0,0,0,0,-10.099999999999966,53135.799999999996
M21118,M,27.950000000000045,37.55000000000001,90.0,1583.0,40.7,2.0,0,0,0,0,0,0,-9.599999999999966,64428.100000000006
L56205,L,24.350000000000023,35.25,90.0,1440.0,35.9,13.0,0,0,0,0,0,0,-10.899999999999977,51696.0
L50781,L,28.55000000000001,37.35000000000002,90.0,1377.0,43.1,183.0,0,0,0,0,0,0,-8.800000000000011,59348.700000000004
M20933,M,27.75,37.650000000000034,90.0,1790.0,26.2,191.0,0,0,0,0,0,0,-9.900000000000034,46898.0
L55306,L,27.05000000000001,38.25,90.0,1433.0,37.9,36.0,0,0,0,0,0,0,-11.199999999999989,54310.7
L49322,L,26.150000000000034,35.75,90.0,1376.0,60.3,163.0,0,0,0,0,0,0,-9.599999999999966,82972.8
L49448,L,26.05000000000001,35.35000000000002,90.0,1438.0,46.6,63.0,0,0,0,0,0,0,-9.300000000000011,67010.8
L47625,L,24.350000000000023,35.450000000000045,90.0,1793.0,26.7,70.0,0,0,0,0,0,0,-11.100000000000023,47873.1
L51646,L,29.650000000000034,37.450000000000045,90.0,1470.0,41.1,205.0,0,0,0,0,0,0,-7.800000000000011,60417.0
M23886,M,24.350000000000023,35.25,90.0,1685.0,28.1,15.0,0,0,0,0,0,0,-10.899999999999977,47348.5
L53812,L,28.25,37.25,90.0,1301.0,51.2,112.0,0,0,0,0,0,0,-9.0,66611.2
M18176,M,28.25,37.35000000000002,90.0,1217.0,60.6,103.0,0,0,0,0,0,0,-9.100000000000023,73750.2
L48881,L,24.850000000000023,34.55000000000001,90.0,1479.0,42.5,47.0,0,0,0,0,0,0,-9.699999999999989,62857.5
L47248,L,25.650000000000034,35.75,90.0,1527.0,32.4,189.0,0,0,0,0,0,0,-10.099999999999966,49474.799999999996
L48348,L,23.950000000000045,34.950000000000045,90.0,1584.0,36.8,215.0,0,0,0,0,0,0,-11.0,58291.2
L54939,L,27.25,38.650000000000034,90.0,1272.0,59.2,198.0,1,0,0,0,1,0,-11.400000000000034,75302.40000000001
M19895,M,30.850000000000023,40.05000000000001,90.0,1500.0,40.6,124.0,0,0,0,0,0,0,-9.199999999999989,60900.0
L49621,L,25.950000000000045,35.35000000000002,90.0,1676.0,31.0,69.0,0,0,0,0,0,0,-9.399999999999977,51956.0
M21414,M,28.25,37.55000000000001,90.0,1639.0,29.8,127.0,0,0,0,0,0,0,-9.300000000000011,48842.200000000004
L47410,L,25.150000000000034,35.450000000000045,90.0,1570.0,34.8,175.0,0,0,0,0,0,0,-10.300000000000011,54635.99999999999
L47221,L,25.650000000000034,35.950000000000045,90.0,1368.0,50.8,115.0,0,0,0,0,0,0,-10.300000000000011,69494.4
L47957,L,23.55000000000001,34.650000000000034,90.0,1382.0,47.5,37.0,0,0,0,0,0,0,-11.100000000000023,65645.0
L56130,L,24.25,35.05000000000001,90.0,1419.0,50.0,52.0,0,0,0,0,0,0,-10.800000000000011,70950.0
L55584,L,25.25,36.35000000000002,90.0,1545.0,36.6,117.0,0,0,0,0,0,0,-11.100000000000023,56547.0
M16589,M,25.150000000000034,34.55000000000001,90.0,1439.0,43.8,111.0,0,0,0,0,0,0,-9.399999999999977,63028.2
M15439,M,24.650000000000034,36.55000000000001,90.0,1700.0,31.3,200.0,0,0,0,0,0,0,-11.899999999999977,53210.0
M20699,M,28.25,38.05000000000001,90.0,1541.0,36.3,28.0,0,0,0,0,0,0,-9.800000000000011,55938.299999999996
L55451,L,25.950000000000045,37.55000000000001,90.0,1309.0,51.1,188.0,0,0,0,0,0,0,-11.599999999999966,66889.90000000001
L54455,L,27.05000000000001,37.150000000000034,90.0,1514.0,38.7,48.0,0,0,0,0,0,0,-10.100000000000023,58591.8
L56289,L,24.350000000000023,35.450000000000045,90.0,1513.0,39.7,32.0,0,0,0,0,0,0,-11.100000000000023,60066.100000000006
L52790,L,29.950000000000045,39.25,90.0,1407.0,41.2,107.0,0,0,0,0,0,0,-9.299999999999955,57968.4
M18765,M,29.05000000000001,38.05000000000001,90.0,1561.0,34.9,106.0,0,0,0,0,0,0,-9.0,54478.899999999994
H35945,H,28.05000000000001,37.55000000000001,90.0,1656.0,26.2,64.0,0,0,0,0,0,0,-9.5,43387.2
L47582,L,24.25,35.450000000000045,90.0,1678.0,32.3,180.0,0,0,0,0,0,0,-11.200000000000045,54199.399999999994
M24417,M,26.350000000000023,37.650000000000034,90.0,1507.0,40.2,156.0,0,0,0,0,0,0,-11.300000000000011,60581.4
M15024,M,25.350000000000023,35.150000000000034,90.0,1440.0,43.6,5.0,0,0,0,0,0,0,-9.800000000000011,62784.0
M23783,M,23.850000000000023,34.950000000000045,90.0,1363.0,45.3,196.0,0,0,0,0,0,0,-11.100000000000023,61743.899999999994
L54526,L,26.450000000000045,37.05000000000001,90.0,1469.0,47.0,15.0,0,0,0,0,0,0,-10.599999999999966,69043.0
L52633,L,29.850000000000023,39.450000000000045,90.0,1451.0,42.1,125.0,0,0,0,0,0,0,-9.600000000000023,61087.1
H38112,H,24.150000000000034,35.55000000000001,90.0,1438.0,46.2,16.0,0,0,0,0,0,0,-11.399999999999977,66435.6
L48839,L,24.950000000000045,34.85000000000002,90.0,1697.0,31.0,164.0,0,0,0,0,0,0,-9.899999999999977,52607.0
M18438,M,28.55000000000001,37.35000000000002,90.0,1625.0,35.9,121.0,0,0,0,0,0,0,-8.800000000000011,58337.5
M15566,M,24.650000000000034,35.85000000000002,90.0,1434.0,43.3,96.0,0,0,0,0,0,0,-11.199999999999989,62092.2
L50194,L,27.350000000000023,36.55000000000001,90.0,1580.0,42.8,196.0,0,0,0,0,0,0,-9.199999999999989,67624.0
M23418,M,25.150000000000034,35.85000000000002,90.0,1505.0,41.3,93.0,0,0,0,0,0,0,-10.699999999999989,62156.49999999999
M24735,M,25.75,36.650000000000034,90.0,1363.0,50.6,115.0,0,0,0,0,0,0,-10.900000000000034,68967.8
M24442,M,26.150000000000034,37.35000000000002,90.0,1404.0,47.5,12.0,0,0,0,0,0,0,-11.199999999999989,66690.0
L56108,L,24.25,35.25,90.0,1531.0,41.5,213.0,0,0,0,0,0,0,-11.0,63536.5
L56736,L,26.350000000000023,37.650000000000034,90.0,1374.0,48.3,154.0,0,0,0,0,0,0,-11.300000000000011,66364.2
M23843,M,23.850000000000023,34.55000000000001,90.0,1261.0,51.1,130.0,0,0,0,0,0,0,-10.699999999999989,64437.1
L49014,L,24.650000000000034,34.05000000000001,90.0,1498.0,38.1,188.0,0,0,0,0,0,0,-9.399999999999977,57073.8
M18739,M,29.450000000000045,38.55000000000001,90.0,1430.0,51.7,32.0,0,0,0,0,0,0,-9.099999999999966,73931.0
M19941,M,30.950000000000045,40.150000000000034,90.0,1494.0,39.0,49.0,0,0,0,0,0,0,-9.199999999999989,58266.0
L56294,L,24.450000000000045,35.55000000000001,90.0,1476.0,39.0,44.0,0,0,0,0,0,0,-11.099999999999966,57564.0
L54424,L,26.850000000000023,37.05000000000001,90.0,1760.0,26.9,193.0,0,0,0,0,0,0,-10.199999999999989,47344.0
L52580,L,29.55000000000001,39.25,90.0,1477.0,46.3,251.0,1,0,0,0,1,0,-9.699999999999989,68385.09999999999
L52575,L,29.650000000000034,39.25,90.0,1529.0,36.8,237.0,0,0,0,0,0,0,-9.599999999999966,56267.2
L56607,L,25.05000000000001,35.650000000000034,90.0,1540.0,34.8,32.0,0,0,0,0,0,0,-10.600000000000023,53591.99999999999
L49426,L,26.150000000000034,35.25,90.0,1406.0,47.4,3.0,0,0,0,0,0,0,-9.099999999999966,66644.4
M15695,M,23.55000000000001,34.25,90.0,1533.0,32.5,182.0,0,0,0,0,0,0,-10.699999999999989,49822.5
M23254,M,25.450000000000045,36.35000000000002,90.0,1566.0,38.1,89.0,0,0,0,0,0,0,-10.899999999999977,59664.600000000006
M15292,M,24.450000000000045,35.35000000000002,90.0,1466.0,39.7,34.0,0,0,0,0,0,0,-10.899999999999977,58200.200000000004
M21677,M,27.850000000000023,37.55000000000001,90.0,1493.0,48.1,145.0,0,0,0,0,0,0,-9.699999999999989,71813.3
L53246,L,27.850000000000023,37.85000000000002,90.0,1804.0,25.8,174.0,0,0,0,0,0,0,-10.0,46543.200000000004
L48373,L,23.950000000000045,35.05000000000001,90.0,1347.0,50.8,49.0,0,0,0,0,0,0,-11.099999999999966,68427.59999999999
L50443,L,28.150000000000034,36.85000000000002,90.0,1344.0,54.8,186.0,0,0,0,0,0,0,-8.699999999999989,73651.2
L54181,L,27.350000000000023,37.35000000000002,90.0,1564.0,38.2,199.0,0,0,0,0,0,0,-10.0,59744.8
L48836,L,25.05000000000001,34.950000000000045,90.0,1532.0,42.5,154.0,0,0,0,0,0,0,-9.900000000000034,65110.0
M16393,M,24.850000000000023,35.75,90.0,1339.0,51.4,68.0,0,0,0,0,0,0,-10.899999999999977,68824.59999999999
L51860,L,30.450000000000045,38.55000000000001,90.0,1491.0,39.8,92.0,0,0,0,0,0,0,-8.099999999999966,59341.799999999996
L55993,L,23.950000000000045,35.25,90.0,1693.0,29.5,100.0,0,0,0,0,0,0,-11.299999999999955,49943.5
L56182,L,23.950000000000045,34.650000000000034,90.0,1477.0,36.6,177.0,0,0,0,0,0,0,-10.699999999999989,54058.200000000004
M15074,M,25.150000000000034,35.450000000000045,90.0,1589.0,37.1,137.0,0,0,0,0,0,0,-10.300000000000011,58951.9
H34770,H,30.150000000000034,39.450000000000045,90.0,1692.0,29.0,125.0,0,0,0,0,0,0,-9.300000000000011,49068.0
L56398,L,24.55000000000001,35.650000000000034,90.0,1354.0,50.2,103.0,0,0,0,0,0,0,-11.100000000000023,67970.8
L52169,L,30.75,40.05000000000001,90.0,1499.0,37.4,7.0,0,0,0,0,0,0,-9.300000000000011,56062.6
L56696,L,25.75,36.950000000000045,90.0,1341.0,54.5,51.0,0,0,0,0,0,0,-11.200000000000045,73084.5
L51532,L,28.75,36.55000000000001,90.0,1424.0,42.8,140.0,0,0,0,0,0,0,-7.800000000000011,60947.2
L49626,L,26.150000000000034,35.450000000000045,90.0,1422.0,48.9,83.0,0,0,0,0,0,0,-9.300000000000011,69535.8
M20181,M,30.25,39.55000000000001,90.0,1576.0,49.9,28.0,0,0,0,0,0,0,-9.300000000000011,78642.4
L55424,L,25.850000000000023,37.25,90.0,1512.0,38.8,109.0,0,0,0,0,0,0,-11.399999999999977,58665.6
H37390,H,28.05000000000001,39.25,90.0,1395.0,47.8,90.0,0,0,0,0,0,0,-11.199999999999989,66681.0
L48384,L,23.75,34.85000000000002,90.0,1521.0,34.5,84.0,0,0,0,0,0,0,-11.100000000000023,52474.5
L56300,L,24.25,35.25,90.0,1525.0,38.7,62.0,0,0,0,0,0,0,-11.0,59017.50000000001
L55509,L,25.650000000000034,36.55000000000001,90.0,1424.0,49.6,129.0,0,0,0,0,0,0,-10.899999999999977,70630.40000000001
L51187,L,28.950000000000045,38.05000000000001,90.0,1369.0,50.8,164.0,0,0,0,0,0,0,-9.099999999999966,69545.2
M15737,M,22.450000000000045,33.05000000000001,90.0,1584.0,33.6,81.0,0,0,0,0,0,0,-10.599999999999966,53222.4
M18870,M,28.950000000000045,37.950000000000045,90.0,1605.0,37.6,171.0,0,0,0,0,0,0,-9.0,60348.0
L50933,L,29.05000000000001,37.85000000000002,90.0,1463.0,46.8,150.0,0,0,0,0,0,0,-8.800000000000011,68468.4
L56427,L,25.150000000000034,35.75,90.0,1695.0,30.7,174.0,0,0,0,0,0,0,-10.599999999999966,52036.5
L55808,L,24.350000000000023,35.25,90.0,1747.0,31.0,45.0,0,0,0,0,0,0,-10.899999999999977,54157.0
L56548,L,24.55000000000001,35.25,90.0,1510.0,38.6,72.0,0,0,0,0,0,0,-10.699999999999989,58286.0
L53339,L,27.850000000000023,37.85000000000002,90.0,1399.0,58.0,190.0,1,0,0,0,1,0,-10.0,81142.0
L49898,L,26.350000000000023,35.950000000000045,90.0,1357.0,47.3,106.0,0,0,0,0,0,0,-9.600000000000023,64186.1
L55835,L,24.150000000000034,35.150000000000034,90.0,1268.0,60.6,119.0,0,0,0,0,0,0,-11.0,76840.8
M21776,M,27.75,38.150000000000034,90.0,1603.0,31.8,190.0,0,0,0,0,0,0,-10.400000000000034,50975.4
L51164,L,29.150000000000034,38.150000000000034,90.0,1652.0,32.8,108.0,0,0,0,0,0,0,-9.0,54185.6
M20813,M,27.55000000000001,37.75,90.0,1486.0,38.9,106.0,0,0,0,0,0,0,-10.199999999999989,57805.4
L51024,L,29.25,37.950000000000045,90.0,1484.0,45.9,169.0,0,0,0,0,0,0,-8.700000000000045,68115.59999999999
M17542,M,26.75,36.450000000000045,90.0,1364.0,44.4,20.0,0,0,0,0,0,0,-9.700000000000045,60561.6
M18884,M,28.950000000000045,37.85000000000002,90.0,1351.0,60.3,207.0,1,0,0,0,1,0,-8.899999999999977,81465.3
L55895,L,23.950000000000045,35.450000000000045,90.0,1442.0,37.1,59.0,0,0,0,0,0,0,-11.5,53498.200000000004
L47398,L,25.150000000000034,35.450000000000045,90.0,1447.0,38.1,146.0,0,0,0,0,0,0,-10.300000000000011,55130.700000000004
L56786,L,25.75,36.950000000000045,90.0,1401.0,44.4,76.0,0,0,0,0,0,0,-11.200000000000045,62204.4
L49723,L,26.150000000000034,35.85000000000002,90.0,1786.0,23.5,100.0,0,0,0,0,0,0,-9.699999999999989,41971.0
L48424,L,23.950000000000045,35.25,90.0,1726.0,28.4,202.0,0,0,0,0,0,0,-11.299999999999955,49018.399999999994
L53407,L,28.05000000000001,37.650000000000034,90.0,1479.0,38.2,139.0,0,0,0,0,0,0,-9.600000000000023,56497.8
M23353,M,25.150000000000034,36.35000000000002,90.0,1560.0,36.9,131.0,0,0,0,0,0,0,-11.199999999999989,57564.0
L50602,L,28.350000000000023,37.25,90.0,1629.0,34.1,151.0,0,0,0,0,0,0,-8.899999999999977,55548.9
L51690,L,29.25,37.05000000000001,90.0,1346.0,62.4,106.0,1,0,1,0,0,0,-7.800000000000011,83990.4
M16026,M,23.950000000000045,34.950000000000045,90.0,1506.0,37.7,210.0,0,0,0,0,0,0,-11.0,56776.200000000004
L47434,L,24.850000000000023,35.05000000000001,90.0,1514.0,37.9,9.0,0,0,0,0,0,0,-10.199999999999989,57380.6
M18329,M,28.650000000000034,37.55000000000001,90.0,1429.0,47.9,53.0,0,0,0,0,0,0,-8.899999999999977,68449.09999999999
M15619,M,23.55000000000001,34.650000000000034,90.0,1537.0,36.3,233.0,0,0,0,0,0,0,-11.100000000000023,55793.1
M16245,M,25.75,37.05000000000001,90.0,1603.0,36.1,126.0,0,0,0,0,0,0,-11.300000000000011,57868.3
L47834,L,24.650000000000034,36.05000000000001,90.0,1683.0,30.9,163.0,0,0,0,0,0,0,-11.399999999999977,52004.7
L52759,L,29.450000000000045,39.05000000000001,90.0,1695.0,27.1,32.0,0,0,0,0,0,0,-9.599999999999966,45934.5
L50235,L,26.950000000000045,36.05000000000001,90.0,1427.0,37.6,73.0,0,0,0,0,0,0,-9.099999999999966,53655.200000000004
M17830,M,27.450000000000045,36.25,90.0,1452.0,39.4,78.0,0,0,0,0,0,0,-8.799999999999955,57208.799999999996
H29742,H,24.450000000000045,35.25,90.0,1703.0,31.4,205.0,0,0,0,0,0,0,-10.799999999999955,53474.2
L56509,L,25.350000000000023,35.950000000000045,90.0,1474.0,41.3,189.0,0,0,0,0,0,0,-10.600000000000023,60876.2
M19289,M,29.150000000000034,36.950000000000045,90.0,1731.0,33.4,112.0,0,0,0,0,0,0,-7.800000000000011,57815.399999999994
H30695,H,25.150000000000034,36.35000000000002,90.0,1427.0,54.3,89.0,0,0,0,0,0,0,-11.199999999999989,77486.09999999999
L50508,L,28.450000000000045,37.450000000000045,90.0,1418.0,43.9,129.0,0,0,0,0,0,0,-9.0,62250.2
M19878,M,30.75,39.85000000000002,90.0,1620.0,36.6,80.0,0,0,0,0,0,0,-9.100000000000023,59292.0
M22184,M,26.75,37.25,90.0,1820.0,26.6,175.0,0,0,0,0,0,0,-10.5,48412.0
M18655,M,28.950000000000045,37.650000000000034,90.0,1409.0,41.3,39.0,0,0,0,0,0,0,-8.699999999999989,58191.7
L49843,L,26.75,36.150000000000034,90.0,1620.0,31.1,196.0,0,0,0,0,0,0,-9.400000000000034,50382.0
M23142,M,25.75,37.55000000000001,90.0,1638.0,33.6,218.0,0,0,0,0,0,0,-11.800000000000011,55036.8
L48542,L,25.450000000000045,36.85000000000002,90.0,1517.0,41.2,64.0,0,0,0,0,0,0,-11.399999999999977,62500.4
H39042,H,25.850000000000023,36.85000000000002,90.0,1569.0,34.3,132.0,0,0,0,0,0,0,-11.0,53816.7
L50621,L,28.25,37.25,90.0,1559.0,39.4,199.0,0,0,0,0,0,0,-9.0,61424.6
M19457,M,29.850000000000023,37.950000000000045,90.0,1490.0,43.0,108.0,0,0,0,0,0,0,-8.100000000000023,64070.0
L55659,L,25.450000000000045,36.55000000000001,90.0,1627.0,33.4,99.0,0,0,0,0,0,0,-11.099999999999966,54341.799999999996
M16704,M,24.450000000000045,33.950000000000045,90.0,1471.0,44.9,14.0,0,0,0,0,0,0,-9.5,66047.9
L55753,L,24.450000000000045,35.25,90.0,1626.0,32.4,130.0,0,0,0,0,0,0,-10.799999999999955,52682.399999999994
M21123,M,27.850000000000023,37.450000000000045,90.0,1698.0,27.3,14.0,0,0,0,0,0,0,-9.600000000000023,46355.4
L50060,L,27.55000000000001,36.35000000000002,90.0,1541.0,37.2,48.0,0,0,0,0,0,0,-8.800000000000011,57325.200000000004
M16603,M,25.350000000000023,34.85000000000002,90.0,1713.0,25.8,154.0,0,0,0,0,0,0,-9.5,44195.4
L51349,L,28.950000000000045,37.35000000000002,90.0,1559.0,36.0,124.0,0,0,0,0,0,0,-8.399999999999977,56124.0
M23853,M,24.05000000000001,34.75,90.0,1632.0,37.5,156.0,0,0,0,0,0,0,-10.699999999999989,61200.0
L56246,L,24.05000000000001,35.150000000000034,90.0,1656.0,30.3,124.0,0,0,0,0,0,0,-11.100000000000023,50176.8
M16484,M,24.650000000000034,34.650000000000034,90.0,1310.0,57.9,70.0,0,0,0,0,0,0,-10.0,75849.0
L47704,L,24.25,36.25,90.0,1620.0,35.4,51.0,0,0,0,0,0,0,-12.0,57348.0
M22859,M,27.75,38.950000000000045,90.0,1617.0,31.0,148.0,0,0,0,0,0,0,-11.200000000000045,50127.0
L52606,L,29.450000000000045,39.150000000000034,90.0,1554.0,42.0,58.0,0,0,0,0,0,0,-9.699999999999989,65268.0
L53869,L,28.55000000000001,37.85000000000002,90.0,1546.0,43.0,23.0,0,0,0,0,0,0,-9.300000000000011,66478.0
L47615,L,24.25,35.150000000000034,90.0,1493.0,41.2,43.0,0,0,0,0,0,0,-10.900000000000034,61511.600000000006
L50140,L,27.55000000000001,36.35000000000002,90.0,1467.0,44.3,55.0,0,0,0,0,0,0,-8.800000000000011,64988.1
L48745,L,24.850000000000023,35.05000000000001,90.0,1459.0,42.1,146.0,0,0,0,0,0,0,-10.199999999999989,61423.9
H32045,H,26.850000000000023,36.55000000000001,90.0,1529.0,42.4,107.0,0,0,0,0,0,0,-9.699999999999989,64829.6
L52777,L,29.55000000000001,38.85000000000002,90.0,1501.0,37.0,77.0,0,0,0,0,0,0,-9.300000000000011,55537.0
M24337,M,25.650000000000034,36.450000000000045,90.0,1693.0,33.3,170.0,0,0,0,0,0,0,-10.800000000000011,56376.899999999994
L47581,L,24.350000000000023,35.35000000000002,90.0,1722.0,30.4,178.0,0,0,0,0,0,0,-11.0,52348.799999999996
H33240,H,29.150000000000034,37.650000000000034,90.0,1438.0,43.8,119.0,0,0,0,0,0,0,-8.5,62984.399999999994
L48061,L,22.55000000000001,33.05000000000001,90.0,1464.0,46.2,92.0,0,0,0,0,0,0,-10.5,67636.8
L51177,L,29.05000000000001,37.950000000000045,90.0,1394.0,53.7,140.0,0,0,0,0,0,0,-8.900000000000034,74857.8
L54298,L,27.75,37.35000000000002,90.0,1565.0,35.9,81.0,0,0,0,0,0,0,-9.600000000000023,56183.5
M23266,M,25.25,36.35000000000002,90.0,1344.0,45.3,122.0,0,0,0,0,0,0,-11.100000000000023,60883.2
H29702,H,25.05000000000001,35.25,90.0,1385.0,42.2,98.0,0,0,0,0,0,0,-10.199999999999989,58447.00000000001
L52744,L,29.25,38.650000000000034,90.0,1416.0,46.1,202.0,0,0,0,0,0,0,-9.400000000000034,65277.6
M23184,M,25.55000000000001,36.35000000000002,90.0,1394.0,46.0,113.0,0,0,0,0,0,0,-10.800000000000011,64124.0
M17483,M,26.450000000000045,36.25,90.0,1283.0,62.1,83.0,0,0,0,0,0,0,-9.799999999999955,79674.3
L56039,L,24.75,35.950000000000045,90.0,1457.0,44.4,28.0,0,0,0,0,0,0,-11.200000000000045,64690.799999999996
L55771,L,24.25,34.75,90.0,1606.0,33.4,176.0,0,0,0,0,0,0,-10.5,53640.399999999994
L56893,L,25.950000000000045,37.05000000000001,90.0,1496.0,45.0,104.0,0,0,0,0,0,0,-11.099999999999966,67320.0
H38884,H,25.450000000000045,36.25,90.0,1439.0,47.1,149.0,0,0,0,0,0,0,-10.799999999999955,67776.90000000001
H30151,H,23.75,35.150000000000034,90.0,1474.0,39.2,177.0,0,0,0,0,0,0,-11.400000000000034,57780.8
M20423,M,29.150000000000034,38.55000000000001,90.0,1640.0,31.5,199.0,0,0,0,0,0,0,-9.399999999999977,51660.0
M20188,M,30.55000000000001,39.75,90.0,1406.0,41.9,48.0,0,0,0,0,0,0,-9.199999999999989,58911.4
M22576,M,27.350000000000023,38.35000000000002,90.0,1378.0,48.2,82.0,0,0,0,0,0,0,-11.0,66419.6
L49019,L,24.55000000000001,33.950000000000045,90.0,1715.0,30.2,0.0,0,0,0,0,0,0,-9.400000000000034,51793.0
L49175,L,25.150000000000034,34.85000000000002,90.0,1451.0,47.1,196.0,0,0,0,0,0,0,-9.699999999999989,68342.1
M17259,M,26.05000000000001,35.35000000000002,90.0,1594.0,35.8,160.0,0,0,0,0,0,0,-9.300000000000011,57065.2
L56536,L,25.150000000000034,35.75,90.0,1270.0,52.7,44.0,0,0,0,0,0,0,-10.599999999999966,66929.0
L53074,L,28.05000000000001,37.75,90.0,1597.0,37.9,164.0,0,0,0,0,0,0,-9.699999999999989,60526.299999999996
L54860,L,27.55000000000001,38.55000000000001,90.0,1395.0,43.7,215.0,0,0,0,0,0,0,-11.0,60961.50000000001
L48585,L,25.75,36.950000000000045,90.0,1394.0,42.7,179.0,0,0,0,0,0,0,-11.200000000000045,59523.8
M24403,M,26.350000000000023,37.75,90.0,1378.0,48.7,119.0,0,0,0,0,0,0,-11.399999999999977,67108.6
M23154,M,25.75,37.35000000000002,90.0,1525.0,38.5,27.0,0,0,0,0,0,0,-11.600000000000023,58712.5
M16446,M,25.150000000000034,35.25,90.0,1486.0,44.2,196.0,0,0,0,0,0,0,-10.099999999999966,65681.2
L53846,L,28.150000000000034,37.25,90.0,1414.0,51.4,199.0,0,0,0,0,0,0,-9.099999999999966,72679.59999999999
L55194,L,27.75,38.85000000000002,90.0,1500.0,44.2,188.0,0,0,0,0,0,0,-11.100000000000023,66300.0
L48254,L,23.850000000000023,34.75,90.0,1595.0,31.7,170.0,0,0,0,0,0,0,-10.899999999999977,50561.5
H35901,H,27.450000000000045,36.650000000000034,90.0,1541.0,36.2,166.0,0,0,0,0,0,0,-9.199999999999989,55784.200000000004
L51885,L,30.450000000000045,38.650000000000034,90.0,1614.0,33.2,155.0,0,0,0,0,0,0,-8.199999999999989,53584.8
L48759,L,25.150000000000034,35.150000000000034,90.0,1444.0,43.8,176.0,0,0,0,0,0,0,-10.0,63247.2
L52238,L,30.75,39.75,90.0,1526.0,42.5,194.0,0,0,0,0,0,0,-9.0,64855.0
L52933,L,29.05000000000001,38.450000000000045,90.0,1416.0,54.1,48.0,0,0,0,0,0,0,-9.400000000000034,76605.6
L47589,L,24.25,35.450000000000045,90.0,1459.0,41.3,196.0,0,0,0,0,0,0,-11.200000000000045,60256.7
L53641,L,27.450000000000045,36.85000000000002,90.0,1505.0,35.9,95.0,0,0,0,0,0,0,-9.399999999999977,54029.5
L52781,L,29.75,39.05000000000001,90.0,1605.0,33.9,86.0,0,0,0,0,0,0,-9.300000000000011,54409.5
L51215,L,28.850000000000023,37.650000000000034,90.0,1454.0,36.6,0.0,0,0,0,0,0,0,-8.800000000000011,53216.4
M20956,M,27.650000000000034,37.55000000000001,90.0,1483.0,40.8,28.0,0,0,0,0,0,0,-9.899999999999977,60506.399999999994
M18920,M,28.850000000000023,37.75,90.0,1352.0,55.5,59.0,0,0,0,0,0,0,-8.899999999999977,75036.0
L56221,L,24.150000000000034,35.150000000000034,90.0,1309.0,61.5,56.0,0,0,0,0,0,0,-11.0,80503.5
L53210,L,27.450000000000045,37.55000000000001,90.0,1397.0,53.7,80.0,0,0,0,0,0,0,-10.099999999999966,75018.90000000001
L53078,L,27.850000000000023,37.55000000000001,90.0,1300.0,57.2,174.0,0,0,0,0,0,0,-9.699999999999989,74360.0
H38752,H,25.350000000000023,35.85000000000002,90.0,1531.0,30.8,212.0,0,0,0,0,0,0,-10.5,47154.8
H38574,H,24.350000000000023,35.35000000000002,90.0,1671.0,28.0,158.0,0,0,0,0,0,0,-11.0,46788.0
H39410,H,25.75,35.25,90.0,1632.0,31.8,17.0,0,0,0,0,0,0,-9.5,51897.6
L52331,L,31.150000000000034,40.450000000000045,90.0,1409.0,56.0,19.0,0,0,0,0,0,0,-9.300000000000011,78904.0
M16405,M,25.25,35.85000000000002,90.0,1544.0,38.8,97.0,0,0,0,0,0,0,-10.600000000000023,59907.2
L53491,L,27.75,37.150000000000034,90.0,1446.0,44.5,135.0,0,0,0,0,0,0,-9.400000000000034,64347.0
M19972,M,30.950000000000045,40.450000000000045,90.0,1441.0,43.7,131.0,0,0,0,0,0,0,-9.5,62971.700000000004
M20228,M,29.950000000000045,39.35000000000002,90.0,1667.0,30.0,160.0,0,0,0,0,0,0,-9.399999999999977,50010.0
L49534,L,26.150000000000034,35.450000000000045,90.0,1433.0,37.7,42.0,0,0,0,0,0,0,-9.300000000000011,54024.100000000006
L53953,L,28.150000000000034,37.650000000000034,90.0,1381.0,47.9,33.0,0,0,0,0,0,0,-9.5,66149.9
L50562,L,28.150000000000034,37.450000000000045,90.0,1510.0,38.5,47.0,0,0,0,0,0,0,-9.300000000000011,58135.0
L47821,L,24.75,36.35000000000002,90.0,1390.0,47.9,127.0,0,0,0,0,0,0,-11.600000000000023,66581.0
M19093,M,29.05000000000001,37.75,90.0,1302.0,53.4,58.0,0,0,0,0,0,0,-8.699999999999989,69526.8
L50995,L,29.05000000000001,37.55000000000001,90.0,1769.0,24.9,91.0,0,0,0,0,0,0,-8.5,44048.1
L51284,L,28.950000000000045,37.35000000000002,90.0,1389.0,49.6,169.0,0,0,0,0,0,0,-8.399999999999977,68894.40000000001
M18387,M,28.75,37.75,90.0,1573.0,38.9,209.0,0,0,0,0,0,0,-9.0,61189.7
M16280,M,25.650000000000034,36.75,90.0,1495.0,35.2,214.0,0,0,0,0,0,0,-11.099999999999966,52624.00000000001
L54103,L,28.05000000000001,38.55000000000001,90.0,1433.0,49.3,206.0,0,0,0,0,0,0,-10.5,70646.9
L55533,L,25.55000000000001,36.450000000000045,90.0,1442.0,55.6,194.0,0,0,0,0,0,0,-10.900000000000034,80175.2
L53425,L,27.75,37.25,90.0,1445.0,41.7,180.0,0,0,0,0,0,0,-9.5,60256.50000000001
M19798,M,30.350000000000023,39.25,90.0,1606.0,30.1,98.0,0,0,0,0,0,0,-8.899999999999977,48340.600000000006
L53978,L,28.05000000000001,37.55000000000001,90.0,1676.0,32.4,98.0,0,0,0,0,0,0,-9.5,54302.399999999994
L54992,L,26.850000000000023,38.35000000000002,90.0,1666.0,32.0,128.0,0,0,0,0,0,0,-11.5,53312.0
L53895,L,28.150000000000034,37.450000000000045,90.0,1576.0,30.4,92.0,0,0,0,0,0,0,-9.300000000000011,47910.399999999994
L47813,L,25.150000000000034,36.85000000000002,90.0,1442.0,43.9,110.0,0,0,0,0,0,0,-11.699999999999989,63303.799999999996
M22219,M,26.25,36.85000000000002,90.0,1512.0,43.2,47.0,0,0,0,0,0,0,-10.600000000000023,65318.4
M23705,M,24.25,35.75,90.0,1348.0,59.1,201.0,0,0,0,0,0,0,-11.5,79666.8
L50005,L,27.150000000000034,36.25,90.0,1470.0,33.5,148.0,0,0,0,0,0,0,-9.099999999999966,49245.0
L55544,L,25.75,36.650000000000034,90.0,1396.0,49.0,13.0,0,0,0,0,0,0,-10.900000000000034,68404.0
H38593,H,24.75,35.950000000000045,90.0,1435.0,44.7,8.0,0,0,0,0,0,0,-11.200000000000045,64144.50000000001
L55255,L,27.25,38.85000000000002,90.0,1366.0,43.0,117.0,0,0,0,0,0,0,-11.600000000000023,58738.0
L51308,L,28.75,37.25,90.0,1708.0,24.8,17.0,0,0,0,0,0,0,-8.5,42358.4
L48352,L,23.950000000000045,34.950000000000045,90.0,1446.0,36.6,227.0,0,0,0,0,0,0,-11.0,52923.6
L55848,L,24.350000000000023,35.650000000000034,90.0,1502.0,45.9,150.0,0,0,0,0,0,0,-11.300000000000011,68941.8
M19694,M,30.25,38.75,90.0,1510.0,42.2,36.0,0,0,0,0,0,0,-8.5,63722.00000000001
L49169,L,25.05000000000001,34.75,90.0,1785.0,23.4,181.0,0,0,0,0,0,0,-9.699999999999989,41769.0
L54153,L,27.55000000000001,37.85000000000002,90.0,1462.0,41.9,126.0,0,0,0,0,0,0,-10.300000000000011,61257.799999999996
L53016,L,28.05000000000001,37.950000000000045,90.0,1550.0,39.7,20.0,0,0,0,0,0,0,-9.900000000000034,61535.00000000001
H33946,H,29.350000000000023,37.25,90.0,1422.0,41.9,156.0,0,0,0,0,0,0,-7.899999999999977,59581.799999999996
L50389,L,27.150000000000034,36.05000000000001,90.0,1587.0,31.4,43.0,0,0,0,0,0,0,-8.899999999999977,49831.799999999996
M23117,M,25.850000000000023,37.450000000000045,90.0,1587.0,34.2,141.0,0,0,0,0,0,0,-11.600000000000023,54275.4
M22246,M,26.650000000000034,37.450000000000045,90.0,1574.0,31.8,113.0,0,0,0,0,0,0,-10.800000000000011,50053.200000000004
L51483,L,28.55000000000001,37.05000000000001,90.0,1435.0,48.1,12.0,0,0,0,0,0,0,-8.5,69023.5
H35969,H,28.350000000000023,37.55000000000001,90.0,1394.0,46.7,130.0,0,0,0,0,0,0,-9.199999999999989,65099.8
M15675,M,23.650000000000034,34.35000000000002,90.0,1516.0,36.7,135.0,0,0,0,0,0,0,-10.699999999999989,55637.200000000004
M20257,M,29.650000000000034,39.150000000000034,90.0,1416.0,42.7,241.0,0,0,0,0,0,0,-9.5,60463.200000000004
M24816,M,25.05000000000001,34.650000000000034,90.0,1578.0,34.5,127.0,0,0,0,0,0,0,-9.600000000000023,54441.0
L49311,L,26.25,35.950000000000045,90.0,1432.0,45.4,137.0,0,0,0,0,0,0,-9.700000000000045,65012.799999999996
M16657,M,24.850000000000023,34.450000000000045,90.0,1508.0,41.8,89.0,0,0,0,0,0,0,-9.600000000000023,63034.399999999994
L47359,L,25.05000000000001,35.150000000000034,90.0,1304.0,49.8,45.0,0,0,0,0,0,0,-10.100000000000023,64939.2
H38664,H,25.150000000000034,35.85000000000002,90.0,1823.0,25.9,181.0,0,0,0,0,0,0,-10.699999999999989,47215.7
L56917,L,25.75,36.85000000000002,90.0,1791.0,27.6,166.0,0,0,0,0,0,0,-11.100000000000023,49431.600000000006
L52172,L,30.650000000000034,39.75,90.0,1573.0,34.6,14.0,0,0,0,0,0,0,-9.099999999999966,54425.8
L48337,L,23.850000000000023,34.650000000000034,90.0,1583.0,37.2,189.0,0,0,0,0,0,0,-10.800000000000011,58887.600000000006
M16392,M,24.950000000000045,35.75,90.0,1417.0,39.2,65.0,0,0,0,0,0,0,-10.799999999999955,55546.4
M22719,M,27.350000000000023,38.75,90.0,1370.0,44.8,20.0,0,0,0,0,0,0,-11.399999999999977,61375.99999999999
M23970,M,24.450000000000045,35.450000000000045,90.0,1389.0,49.0,34.0,0,0,0,0,0,0,-11.0,68061.0
L48715,L,24.850000000000023,35.650000000000034,90.0,1581.0,36.1,73.0,0,0,0,0,0,0,-10.800000000000011,57074.100000000006
M24119,M,25.05000000000001,35.85000000000002,90.0,1694.0,28.0,5.0,0,0,0,0,0,0,-10.800000000000011,47432.0
L52697,L,29.450000000000045,38.75,90.0,1448.0,49.5,72.0,0,0,0,0,0,0,-9.299999999999955,71676.0
L49785,L,26.25,36.05000000000001,90.0,1552.0,37.4,37.0,0,0,0,0,0,0,-9.800000000000011,58044.799999999996
M22318,M,26.950000000000045,38.450000000000045,90.0,1433.0,51.4,76.0,0,0,0,0,0,0,-11.5,73656.2
L49531,L,26.05000000000001,35.25,90.0,1393.0,48.4,35.0,0,0,0,0,0,0,-9.199999999999989,67421.2
L49314,L,26.150000000000034,35.85000000000002,90.0,1473.0,46.3,146.0,0,0,0,0,0,0,-9.699999999999989,68199.9
L57114,L,25.150000000000034,35.05000000000001,90.0,1472.0,44.3,71.0,0,0,0,0,0,0,-9.899999999999977,65209.6
L54371,L,27.150000000000034,37.150000000000034,90.0,1629.0,34.1,52.0,0,0,0,0,0,0,-10.0,55548.9
L56816,L,26.05000000000001,37.150000000000034,90.0,1507.0,41.3,158.0,0,0,0,0,0,0,-11.100000000000023,62239.1
M18305,M,28.450000000000045,37.450000000000045,90.0,1599.0,36.1,208.0,0,0,0,0,0,0,-9.0,57723.9
H33034,H,28.75,38.05000000000001,90.0,1474.0,41.8,18.0,0,0,0,0,0,0,-9.300000000000011,61613.2
L48343,L,23.75,34.75,90.0,1367.0,47.1,204.0,0,0,0,0,0,0,-11.0,64385.700000000004
M16444,M,25.05000000000001,35.150000000000034,90.0,1639.0,33.3,191.0,0,0,0,0,0,0,-10.100000000000023,54578.7
L53331,L,27.950000000000045,38.05000000000001,90.0,1555.0,35.3,172.0,0,0,0,0,0,0,-10.099999999999966,54891.49999999999
L52419,L,30.55000000000001,39.85000000000002,90.0,1753.0,29.0,42.0,0,0,0,0,0,0,-9.300000000000011,50837.0
L48778,L,24.75,34.85000000000002,90.0,1501.0,36.7,4.0,0,0,0,0,0,0,-10.100000000000023,55086.700000000004
L47480,L,24.650000000000034,35.25,90.0,1622.0,38.3,134.0,0,0,0,0,0,0,-10.599999999999966,62122.6
M24520,M,25.75,36.650000000000034,90.0,1392.0,43.1,218.0,0,0,0,0,0,0,-10.900000000000034,59995.200000000004
M18654,M,29.05000000000001,37.650000000000034,90.0,1356.0,48.3,36.0,0,0,0,0,0,0,-8.600000000000023,65494.799999999996
L51515,L,28.55000000000001,36.75,90.0,1607.0,37.7,93.0,0,0,0,0,0,0,-8.199999999999989,60583.9
L50038,L,27.350000000000023,36.150000000000034,90.0,1417.0,51.5,231.0,1,0,0,0,1,0,-8.800000000000011,72975.5
L52874,L,29.25,38.650000000000034,90.0,1508.0,45.7,108.0,0,0,0,0,0,0,-9.400000000000034,68915.6
L50322,L,27.450000000000045,36.85000000000002,90.0,1658.0,34.7,88.0,0,0,0,0,0,0,-9.399999999999977,57532.600000000006
L48539,L,25.55000000000001,37.05000000000001,90.0,1404.0,50.3,54.0,0,0,0,0,0,0,-11.5,70621.2
H39163,H,25.650000000000034,36.950000000000045,90.0,1483.0,45.4,192.0,0,0,0,0,0,0,-11.300000000000011,67328.2
M15346,M,24.25,35.950000000000045,90.0,1582.0,35.9,180.0,0,0,0,0,0,0,-11.700000000000045,56793.799999999996
L55016,L,26.950000000000045,38.25,90.0,1604.0,35.0,191.0,0,0,0,0,0,0,-11.299999999999955,56140.0
M20760,M,27.75,37.55000000000001,90.0,1485.0,41.0,181.0,0,0,0,0,0,0,-9.800000000000011,60885.0
L54542,L,26.350000000000023,36.85000000000002,90.0,1594.0,35.1,54.0,0,0,0,0,0,0,-10.5,55949.4
L48332,L,23.950000000000045,34.75,90.0,1507.0,38.3,170.0,0,0,0,0,0,0,-10.799999999999955,57718.1
L56921,L,25.75,36.950000000000045,90.0,1495.0,42.9,175.0,0,0,0,0,0,0,-11.200000000000045,64135.5
L52604,L,29.450000000000045,39.05000000000001,90.0,1377.0,45.5,54.0,0,0,0,0,0,0,-9.599999999999966,62653.5
M23667,M,24.25,35.450000000000045,90.0,1604.0,32.8,85.0,0,0,0,0,0,0,-11.200000000000045,52611.2
L56882,L,25.75,36.85000000000002,90.0,1633.0,31.2,76.0,0,0,0,0,0,0,-11.100000000000023,50949.6
H37683,H,26.05000000000001,37.650000000000034,90.0,1761.0,30.4,180.0,0,0,0,0,0,0,-11.600000000000023,53534.399999999994
L52494,L,30.450000000000045,39.650000000000034,90.0,1701.0,30.8,12.0,0,0,0,0,0,0,-9.199999999999989,52390.8
M24763,M,25.55000000000001,36.05000000000001,90.0,1437.0,45.7,195.0,0,0,0,0,0,0,-10.5,65670.90000000001
L47845,L,24.350000000000023,35.75,90.0,1729.0,28.1,189.0,0,0,0,0,0,0,-11.399999999999977,48584.9
L47356,L,25.05000000000001,34.950000000000045,90.0,1618.0,34.7,39.0,0,0,0,0,0,0,-9.900000000000034,56144.600000000006
L53611,L,27.05000000000001,36.650000000000034,90.0,1353.0,59.4,26.0,0,0,0,0,0,0,-9.600000000000023,80368.2
L57090,L,25.450000000000045,35.85000000000002,90.0,1469.0,46.0,4.0,0,0,0,0,0,0,-10.399999999999977,67574.0
L50618,L,28.25,37.25,90.0,1471.0,37.5,193.0,0,0,0,0,0,0,-9.0,55162.5
L47966,L,23.75,34.950000000000045,90.0,1741.0,28.8,60.0,0,0,0,0,0,0,-11.200000000000045,50140.8
M21251,M,27.05000000000001,36.55000000000001,90.0,1413.0,43.0,137.0,0,0,0,0,0,0,-9.5,60759.0
L57107,L,25.350000000000023,35.450000000000045,90.0,1522.0,36.9,53.0,0,0,0,0,0,0,-10.100000000000023,56161.799999999996
L50382,L,27.05000000000001,36.05000000000001,90.0,1430.0,43.4,24.0,0,0,0,0,0,0,-9.0,62062.0
L51983,L,30.450000000000045,39.35000000000002,90.0,1710.0,31.4,180.0,0,0,0,0,0,0,-8.899999999999977,53694.0
L55015,L,26.950000000000045,38.35000000000002,90.0,1549.0,34.7,189.0,0,0,0,0,0,0,-11.399999999999977,53750.3
L55417,L,25.950000000000045,37.450000000000045,90.0,1796.0,26.0,90.0,0,0,0,0,0,0,-11.5,46696.0
L50085,L,27.450000000000045,36.25,90.0,1552.0,36.4,113.0,0,0,0,0,0,0,-8.799999999999955,56492.799999999996
M18495,M,28.950000000000045,38.05000000000001,90.0,1616.0,35.1,57.0,0,0,0,0,0,0,-9.099999999999966,56721.600000000006
H35266,H,28.05000000000001,37.75,90.0,1798.0,22.3,59.0,0,0,0,0,0,0,-9.699999999999989,40095.4
L51406,L,28.950000000000045,37.650000000000034,90.0,1596.0,37.1,43.0,0,0,0,0,0,0,-8.699999999999989,59211.600000000006
M17172,M,25.950000000000045,35.450000000000045,90.0,1441.0,36.2,169.0,0,0,0,0,0,0,-9.5,52164.200000000004
M17014,M,26.150000000000034,35.75,90.0,1767.0,24.8,196.0,0,0,0,0,0,0,-9.599999999999966,43821.6
L52497,L,30.450000000000045,39.55000000000001,90.0,1637.0,32.9,19.0,0,0,0,0,0,0,-9.099999999999966,53857.299999999996
L48607,L,25.55000000000001,36.650000000000034,90.0,1394.0,40.3,11.0,0,0,0,0,0,0,-11.100000000000023,56178.2
L55810,L,24.25,35.25,90.0,1371.0,57.4,52.0,0,0,0,0,0,0,-11.0,78695.4
L51595,L,29.450000000000045,37.25,90.0,1514.0,42.7,75.0,0,0,0,0,0,0,-7.7999999999999545,64647.8
M23678,M,24.25,35.55000000000001,90.0,1481.0,48.0,117.0,0,0,0,0,0,0,-11.300000000000011,71088.0
L54978,L,26.850000000000023,38.35000000000002,90.0,1812.0,28.3,94.0,0,0,0,0,0,0,-11.5,51279.6
L56333,L,24.350000000000023,35.450000000000045,90.0,1546.0,33.8,139.0,0,0,0,0,0,0,-11.100000000000023,52254.799999999996
L55389,L,26.150000000000034,37.650000000000034,90.0,1391.0,46.9,21.0,0,0,0,0,0,0,-11.5,65237.9
L56753,L,26.55000000000001,37.75,90.0,1491.0,40.1,195.0,0,0,0,0,0,0,-11.199999999999989,59789.1
L56714,L,26.150000000000034,37.450000000000045,90.0,1443.0,45.7,97.0,0,0,0,0,0,0,-11.300000000000011,65945.1
M17181,M,26.05000000000001,35.650000000000034,90.0,1314.0,52.5,193.0,0,0,0,0,0,0,-9.600000000000023,68985.0
L51447,L,29.450000000000045,37.85000000000002,90.0,1520.0,42.8,148.0,0,0,0,0,0,0,-8.399999999999977,65055.99999999999
M15011,M,25.25,35.05000000000001,90.0,1463.0,37.6,188.0,0,0,0,0,0,0,-9.800000000000011,55008.8
M22229,M,26.450000000000045,36.950000000000045,90.0,1646.0,29.6,73.0,0,0,0,0,0,0,-10.5,48721.600000000006
L52877,L,29.350000000000023,38.75,90.0,1354.0,49.4,117.0,0,0,0,0,0,0,-9.399999999999977,66887.59999999999
L50181,L,27.350000000000023,36.650000000000034,90.0,1445.0,43.9,164.0,0,0,0,0,0,0,-9.300000000000011,63435.5
M20971,M,27.55000000000001,37.650000000000034,90.0,1486.0,41.2,71.0,0,0,0,0,0,0,-10.100000000000023,61223.200000000004
H32279,H,27.55000000000001,36.55000000000001,90.0,1623.0,32.7,0.0,0,0,0,0,0,0,-9.0,53072.100000000006
L50063,L,27.450000000000045,36.35000000000002,90.0,1437.0,40.0,55.0,0,0,0,0,0,0,-8.899999999999977,57480.0
M17891,M,27.350000000000023,36.55000000000001,90.0,1389.0,43.3,9.0,0,0,0,0,0,0,-9.199999999999989,60143.7
L55363,L,26.650000000000034,37.950000000000045,90.0,1452.0,47.3,188.0,0,0,0,0,0,0,-11.300000000000011,68679.59999999999
L56160,L,23.850000000000023,34.450000000000045,90.0,1513.0,42.4,124.0,0,0,0,0,0,0,-10.600000000000023,64151.2
L55708,L,25.25,36.150000000000034,90.0,1512.0,35.8,18.0,0,0,0,0,0,0,-10.900000000000034,54129.6
L52861,L,29.05000000000001,38.450000000000045,90.0,1383.0,44.3,72.0,0,0,0,0,0,0,-9.400000000000034,61266.899999999994
L54389,L,26.650000000000034,36.55000000000001,90.0,1624.0,34.2,96.0,0,0,0,0,0,0,-9.899999999999977,55540.8
L53171,L,27.55000000000001,37.55000000000001,90.0,1416.0,40.4,214.0,0,0,0,0,0,0,-10.0,57206.4
L52885,L,29.25,38.75,90.0,1452.0,43.1,137.0,0,0,0,0,0,0,-9.5,62581.200000000004
L55178,L,27.75,38.950000000000045,90.0,1359.0,51.7,146.0,0,0,0,0,0,0,-11.200000000000045,70260.3
M20152,M,30.75,40.150000000000034,90.0,1567.0,35.0,168.0,0,0,0,0,0,0,-9.400000000000034,54845.0
M15288,M,24.450000000000045,35.450000000000045,90.0,1595.0,36.9,25.0,0,0,0,0,0,0,-11.0,58855.5
L54248,L,27.650000000000034,37.55000000000001,90.0,1461.0,42.8,173.0,0,0,0,0,0,0,-9.899999999999977,62530.799999999996
M21224,M,26.75,36.450000000000045,90.0,1489.0,41.7,56.0,0,0,0,0,0,0,-9.700000000000045,62091.3
L49403,L,26.450000000000045,35.85000000000002,90.0,1413.0,48.5,153.0,0,0,0,0,0,0,-9.399999999999977,68530.5
L56424,L,25.150000000000034,35.650000000000034,90.0,1767.0,27.3,168.0,0,0,0,0,0,0,-10.5,48239.1
M18167,M,28.25,37.35000000000002,90.0,1563.0,39.9,83.0,0,0,0,0,0,0,-9.100000000000023,62363.7
L54272,L,27.55000000000001,37.05000000000001,90.0,1493.0,35.9,10.0,0,0,0,0,0,0,-9.5,53598.7
L50466,L,28.05000000000001,36.85000000000002,90.0,1618.0,37.6,32.0,0,0,0,0,0,0,-8.800000000000011,60836.8
L54892,L,27.350000000000023,38.35000000000002,90.0,1499.0,37.6,73.0,0,0,0,0,0,0,-11.0,56362.4
L53247,L,27.850000000000023,37.85000000000002,90.0,1582.0,37.5,176.0,0,0,0,0,0,0,-10.0,59325.0
M24095,M,25.05000000000001,35.75,90.0,1592.0,35.2,142.0,0,0,0,0,0,0,-10.699999999999989,56038.4
L48645,L,25.55000000000001,36.650000000000034,90.0,1546.0,40.9,109.0,0,0,0,0,0,0,-11.100000000000023,63231.399999999994
L49414,L,26.25,35.450000000000045,90.0,1492.0,40.5,181.0,0,0,0,0,0,0,-9.200000000000045,60426.0
M16604,M,25.350000000000023,34.85000000000002,90.0,1461.0,51.9,157.0,0,0,0,0,0,0,-9.5,75825.9
M24614,M,25.350000000000023,36.55000000000001,90.0,1552.0,34.0,205.0,0,0,0,0,0,0,-11.199999999999989,52768.0
M24261,M,24.55000000000001,35.05000000000001,90.0,1720.0,25.6,174.0,0,0,0,0,0,0,-10.5,44032.0
L51124,L,29.05000000000001,38.05000000000001,90.0,1381.0,49.4,207.0,0,0,0,0,0,0,-9.0,68221.4
M21722,M,27.950000000000045,38.05000000000001,90.0,1384.0,49.4,48.0,0,0,0,0,0,0,-10.099999999999966,68369.59999999999
L56602,L,24.950000000000045,35.35000000000002,90.0,1665.0,29.6,20.0,0,0,0,0,0,0,-10.399999999999977,49284.0
H34386,H,30.650000000000034,39.450000000000045,90.0,1811.0,24.9,183.0,0,0,0,0,0,0,-8.800000000000011,45093.899999999994
L55756,L,24.450000000000045,35.150000000000034,90.0,1523.0,39.5,137.0,0,0,0,0,0,0,-10.699999999999989,60158.5
L50964,L,29.05000000000001,37.650000000000034,90.0,1744.0,29.7,16.0,0,0,0,0,0,0,-8.600000000000023,51796.799999999996
L56574,L,24.55000000000001,35.05000000000001,90.0,1334.0,53.0,156.0,0,0,0,0,0,0,-10.5,70702.0
H36666,H,27.05000000000001,37.25,90.0,1501.0,42.9,212.0,0,0,0,0,0,0,-10.199999999999989,64392.9
M22872,M,27.75,38.85000000000002,90.0,1375.0,56.1,182.0,0,0,0,0,0,0,-11.100000000000023,77137.5
L55695,L,25.05000000000001,36.25,90.0,1443.0,45.4,187.0,0,0,0,0,0,0,-11.199999999999989,65512.2
L49106,L,24.850000000000023,34.55000000000001,90.0,1606.0,30.8,17.0,0,0,0,0,0,0,-9.699999999999989,49464.8
M17974,M,26.75,36.05000000000001,90.0,1683.0,30.5,13.0,0,0,0,0,0,0,-9.300000000000011,51331.5
L54819,L,27.350000000000023,38.25,90.0,1466.0,41.8,112.0,0,0,0,0,0,0,-10.899999999999977,61278.799999999996
L49908,L,26.55000000000001,36.150000000000034,90.0,1779.0,25.5,129.0,0,0,0,0,0,0,-9.600000000000023,45364.5
M18872,M,29.05000000000001,38.05000000000001,90.0,1360.0,52.8,176.0,0,0,0,0,0,0,-9.0,71808.0
L54418,L,26.650000000000034,36.85000000000002,90.0,1697.0,36.0,175.0,0,0,0,0,0,0,-10.199999999999989,61092.0
M24425,M,26.650000000000034,37.950000000000045,90.0,1498.0,38.1,176.0,0,0,0,0,0,0,-11.300000000000011,57073.8
L51814,L,29.850000000000023,38.05000000000001,90.0,1755.0,30.4,205.0,0,0,0,0,0,0,-8.199999999999989,53352.0
L52746,L,29.25,38.85000000000002,90.0,1457.0,45.5,206.0,0,0,0,0,0,0,-9.600000000000023,66293.5
M20003,M,31.150000000000034,40.35000000000002,90.0,1525.0,42.0,2.0,0,0,0,0,0,0,-9.199999999999989,64050.0
H37679,H,25.950000000000045,37.450000000000045,90.0,1791.0,28.0,168.0,0,0,0,0,0,0,-11.5,50148.0
L51639,L,29.450000000000045,37.25,90.0,1743.0,26.3,191.0,0,0,0,0,0,0,-7.7999999999999545,45840.9
L48422,L,23.950000000000045,35.25,90.0,1468.0,44.4,197.0,0,0,0,0,0,0,-11.299999999999955,65179.2
M20600,M,29.150000000000034,38.55000000000001,90.0,1535.0,38.3,5.0,0,0,0,0,0,0,-9.399999999999977,58790.49999999999
M15407,M,24.350000000000023,36.25,90.0,1482.0,39.3,112.0,0,0,0,0,0,0,-11.899999999999977,58242.6
L50202,L,27.350000000000023,36.450000000000045,90.0,1760.0,30.6,213.0,0,0,0,0,0,0,-9.100000000000023,53856.0
L52941,L,28.75,38.05000000000001,90.0,1369.0,49.8,66.0,0,0,0,0,0,0,-9.300000000000011,68176.2
L51211,L,28.850000000000023,37.650000000000034,90.0,1447.0,42.7,229.0,0,0,0,0,0,0,-8.800000000000011,61786.9
L47206,L,25.950000000000045,36.35000000000002,90.0,1512.0,39.0,75.0,0,0,0,0,0,0,-10.399999999999977,58968.0
M19812,M,30.650000000000034,39.55000000000001,90.0,1374.0,53.6,136.0,0,0,0,0,0,0,-8.899999999999977,73646.40000000001
L48613,L,25.650000000000034,36.650000000000034,90.0,1363.0,44.0,25.0,0,0,0,0,0,0,-11.0,59972.0
L49762,L,26.05000000000001,35.85000000000002,90.0,1615.0,33.7,193.0,0,0,0,0,0,0,-9.800000000000011,54425.50000000001
L52992,L,28.25,37.950000000000045,90.0,1495.0,36.3,193.0,0,0,0,0,0,0,-9.700000000000045,54268.49999999999
L54529,L,26.55000000000001,37.05000000000001,90.0,1633.0,36.5,24.0,0,0,0,0,0,0,-10.5,59604.5
M20141,M,30.55000000000001,39.85000000000002,90.0,1469.0,39.9,137.0,0,0,0,0,0,0,-9.300000000000011,58613.1
M20974,M,27.650000000000034,37.650000000000034,90.0,1549.0,35.5,79.0,0,0,0,0,0,0,-10.0,54989.5
L54615,L,26.75,38.150000000000034,90.0,1504.0,40.7,20.0,0,0,0,0,0,0,-11.400000000000034,61212.8
M17408,M,26.150000000000034,36.05000000000001,90.0,1440.0,37.5,111.0,0,0,0,0,0,0,-9.899999999999977,54000.0
L47930,L,23.55000000000001,34.85000000000002,90.0,1535.0,36.8,210.0,0,0,0,0,0,0,-11.300000000000011,56487.99999999999
L51551,L,28.850000000000023,36.650000000000034,90.0,1480.0,40.0,199.0,0,0,0,0,0,0,-7.800000000000011,59200.0
L51628,L,29.25,37.150000000000034,90.0,1374.0,51.2,163.0,1,0,1,0,0,0,-7.900000000000034,70348.8
L54675,L,27.150000000000034,38.75,90.0,1609.0,34.0,177.0,0,0,0,0,0,0,-11.599999999999966,54706.0
L49879,L,26.75,36.25,90.0,1363.0,60.9,57.0,0,0,0,0,0,0,-9.5,83006.7
M24748,M,25.650000000000034,36.450000000000045,90.0,1575.0,34.4,149.0,0,0,0,0,0,0,-10.800000000000011,54180.0
H38920,H,26.150000000000034,37.25,90.0,1548.0,41.6,25.0,0,0,0,0,0,0,-11.099999999999966,64396.8
M21255,M,26.950000000000045,36.450000000000045,90.0,1376.0,52.1,147.0,0,0,0,0,0,0,-9.5,71689.6
M23304,M,25.450000000000045,36.75,90.0,1818.0,24.9,9.0,0,0,0,0,0,0,-11.299999999999955,45268.2
M17566,M,26.450000000000045,35.950000000000045,90.0,1560.0,37.1,73.0,0,0,0,0,0,0,-9.5,57876.0
L51841,L,30.150000000000034,38.150000000000034,90.0,1350.0,48.1,32.0,1,0,1,0,0,0,-8.0,64935.0
L47506,L,24.55000000000001,35.35000000000002,90.0,1501.0,41.4,201.0,0,0,0,0,0,0,-10.800000000000011,62141.4
L49817,L,26.75,36.450000000000045,90.0,1294.0,49.7,126.0,0,0,0,0,0,0,-9.700000000000045,64311.8
L52202,L,30.850000000000023,39.950000000000045,90.0,1404.0,47.1,90.0,0,0,0,0,0,0,-9.100000000000023,66128.40000000001
M17359,M,25.950000000000045,35.75,90.0,1325.0,48.4,220.0,0,0,0,0,0,0,-9.799999999999955,64130.0
H32647,H,27.650000000000034,36.25,90.0,1474.0,40.7,104.0,0,0,0,0,0,0,-8.599999999999966,59991.8
H37799,H,25.650000000000034,36.650000000000034,90.0,1563.0,38.8,65.0,0,0,0,0,0,0,-11.0,60644.399999999994
L57094,L,25.350000000000023,35.650000000000034,90.0,1670.0,29.6,13.0,0,0,0,0,0,0,-10.300000000000011,49432.0
M18949,M,28.75,37.35000000000002,90.0,1590.0,40.3,130.0,0,0,0,0,0,0,-8.600000000000023,64076.99999999999
M16563,M,24.950000000000045,34.650000000000034,90.0,1636.0,36.7,51.0,0,0,0,0,0,0,-9.699999999999989,60041.200000000004
L49446,L,26.05000000000001,35.35000000000002,90.0,1381.0,60.6,59.0,0,0,0,0,0,0,-9.300000000000011,83688.6
L56703,L,25.850000000000023,37.05000000000001,90.0,1494.0,40.6,67.0,0,0,0,0,0,0,-11.199999999999989,60656.4
L55202,L,27.75,38.85000000000002,90.0,1441.0,43.8,210.0,0,0,0,0,0,0,-11.100000000000023,63115.799999999996
L57023,L,25.150000000000034,36.05000000000001,90.0,1383.0,52.1,26.0,0,0,0,0,0,0,-10.899999999999977,72054.3
L56798,L,25.850000000000023,36.950000000000045,90.0,1447.0,42.8,104.0,0,0,0,0,0,0,-11.100000000000023,61931.6
L50124,L,27.55000000000001,36.450000000000045,90.0,1505.0,34.9,7.0,0,0,0,0,0,0,-8.900000000000034,52524.5
L55806,L,24.25,35.05000000000001,90.0,1402.0,49.7,41.0,0,0,0,0,0,0,-10.800000000000011,69679.40000000001
L51426,L,29.450000000000045,37.85000000000002,90.0,1537.0,35.5,91.0,0,0,0,0,0,0,-8.399999999999977,54563.5
L55795,L,24.450000000000045,35.450000000000045,90.0,1382.0,47.1,11.0,0,0,0,0,0,0,-11.0,65092.200000000004
L52326,L,31.25,40.450000000000045,90.0,1585.0,38.9,9.0,0,0,0,0,0,0,-9.200000000000045,61656.5
L55745,L,24.850000000000023,35.650000000000034,90.0,1489.0,36.5,109.0,0,0,0,0,0,0,-10.800000000000011,54348.5
M17378,M,25.75,35.450000000000045,90.0,1425.0,49.6,35.0,0,0,0,0,0,0,-9.700000000000045,70680.0
M15257,M,24.25,35.150000000000034,90.0,1774.0,28.9,166.0,0,0,0,0,0,0,-10.900000000000034,51268.6
L48497,L,25.850000000000023,37.150000000000034,90.0,1428.0,46.3,175.0,0,0,0,0,0,0,-11.300000000000011,66116.4
L51740,L,29.55000000000001,37.55000000000001,90.0,1597.0,41.9,15.0,0,0,0,0,0,0,-8.0,66914.3
L47301,L,25.75,35.55000000000001,90.0,1558.0,41.2,110.0,0,0,0,0,0,0,-9.800000000000011,64189.600000000006
L49629,L,26.150000000000034,35.650000000000034,90.0,1772.0,25.2,89.0,0,0,0,0,0,0,-9.5,44654.4
M16844,M,24.850000000000023,34.35000000000002,90.0,1387.0,45.5,166.0,0,0,0,0,0,0,-9.5,63108.5
L51513,L,28.450000000000045,36.650000000000034,90.0,1588.0,33.9,89.0,0,0,0,0,0,0,-8.199999999999989,53833.2
M22770,M,27.650000000000034,39.05000000000001,90.0,1664.0,25.7,150.0,0,0,0,0,0,0,-11.399999999999977,42764.799999999996
L50463,L,28.05000000000001,36.75,90.0,1449.0,45.5,23.0,0,0,0,0,0,0,-8.699999999999989,65929.5
L55675,L,25.150000000000034,36.25,90.0,1668.0,27.1,136.0,0,0,0,0,0,0,-11.099999999999966,45202.8
L55764,L,24.25,34.75,90.0,1390.0,47.7,156.0,0,0,0,0,0,0,-10.5,66303.0
L50840,L,29.150000000000034,38.450000000000045,90.0,1398.0,49.1,119.0,0,0,0,0,0,0,-9.300000000000011,68641.8
L56255,L,24.150000000000034,34.950000000000045,90.0,1506.0,36.0,150.0,0,0,0,0,0,0,-10.800000000000011,54216.0
L48161,L,23.05000000000001,33.650000000000034,90.0,1655.0,31.1,136.0,0,0,0,0,0,0,-10.600000000000023,51470.5
H38784,H,24.55000000000001,35.25,90.0,1418.0,51.9,77.0,0,0,0,0,0,0,-10.699999999999989,73594.2
L48587,L,25.75,36.85000000000002,90.0,1564.0,33.8,183.0,0,0,0,0,0,0,-11.100000000000023,52863.2
H29949,H,24.25,36.150000000000034,90.0,1365.0,52.4,76.0,0,0,0,0,0,0,-11.900000000000034,71526.0
M19175,M,28.25,36.85000000000002,90.0,1651.0,29.8,44.0,0,0,0,0,0,0,-8.600000000000023,49199.8
L51778,L,29.950000000000045,38.05000000000001,90.0,1399.0,49.2,111.0,0,0,0,0,0,0,-8.099999999999966,68830.8
M23618,M,24.350000000000023,35.55000000000001,90.0,1446.0,53.0,168.0,0,0,0,0,0,0,-11.199999999999989,76638.0
M16294,M,25.650000000000034,36.650000000000034,90.0,1377.0,49.6,27.0,0,0,0,0,0,0,-11.0,68299.2
L54174,L,27.450000000000045,37.650000000000034,90.0,1375.0,53.2,179.0,0,0,0,0,0,0,-10.199999999999989,73150.0
L49759,L,26.150000000000034,35.950000000000045,90.0,1795.0,24.7,187.0,0,0,0,0,0,0,-9.800000000000011,44336.5
L56583,L,24.55000000000001,34.950000000000045,90.0,1697.0,29.1,179.0,0,0,0,0,0,0,-10.400000000000034,49382.700000000004
L56733,L,26.150000000000034,37.55000000000001,90.0,1495.0,39.2,144.0,0,0,0,0,0,0,-11.399999999999977,58604.00000000001
L48634,L,25.950000000000045,37.25,90.0,1428.0,46.9,87.0,0,0,0,0,0,0,-11.299999999999955,66973.2
L48966,L,25.25,35.05000000000001,90.0,1618.0,33.0,61.0,0,0,0,0,0,0,-9.800000000000011,53394.0
L49701,L,25.650000000000034,35.450000000000045,90.0,1584.0,34.4,42.0,0,0,0,0,0,0,-9.800000000000011,54489.6
L49000,L,24.950000000000045,34.35000000000002,90.0,1493.0,43.7,153.0,0,0,0,0,0,0,-9.399999999999977,65244.100000000006
M17789,M,27.650000000000034,36.55000000000001,90.0,1482.0,39.0,171.0,0,0,0,0,0,0,-8.899999999999977,57798.0
L47231,L,25.75,35.950000000000045,90.0,1383.0,54.9,145.0,0,0,0,0,0,0,-10.200000000000045,75926.7
L52896,L,29.150000000000034,38.85000000000002,90.0,1354.0,52.2,165.0,0,0,0,0,0,0,-9.699999999999989,70678.8
L52645,L,29.75,39.25,90.0,1424.0,49.5,155.0,0,0,0,0,0,0,-9.5,70488.0
H36881,H,27.150000000000034,38.450000000000045,90.0,1463.0,41.6,102.0,0,0,0,0,0,0,-11.300000000000011,60860.8
L51125,L,29.05000000000001,38.150000000000034,90.0,1570.0,36.1,0.0,0,0,0,0,0,0,-9.100000000000023,56677.0
L56712,L,26.05000000000001,37.35000000000002,90.0,1384.0,48.7,93.0,0,0,0,0,0,0,-11.300000000000011,67400.8
L48045,L,22.75,33.450000000000045,90.0,1414.0,50.2,51.0,0,0,0,0,0,0,-10.700000000000045,70982.8
M22072,M,26.650000000000034,36.55000000000001,90.0,1705.0,28.5,103.0,0,0,0,0,0,0,-9.899999999999977,48592.5
L55281,L,27.150000000000034,38.650000000000034,90.0,1567.0,37.7,180.0,0,0,0,0,0,0,-11.5,59075.9
H34206,H,30.55000000000001,39.55000000000001,90.0,1564.0,40.2,150.0,0,0,0,0,0,0,-9.0,62872.8
M23714,M,24.55000000000001,35.85000000000002,90.0,1433.0,41.8,16.0,0,0,0,0,0,0,-11.300000000000011,59899.399999999994
L53430,L,27.650000000000034,37.05000000000001,90.0,1520.0,37.7,193.0,0,0,0,0,0,0,-9.399999999999977,57304.00000000001
L47368,L,25.150000000000034,35.35000000000002,90.0,1606.0,33.6,67.0,0,0,0,0,0,0,-10.199999999999989,53961.600000000006
L52809,L,29.55000000000001,39.05000000000001,90.0,1405.0,51.4,157.0,0,0,0,0,0,0,-9.5,72217.0
M19219,M,28.950000000000045,36.85000000000002,90.0,1531.0,38.0,161.0,0,0,0,0,0,0,-7.899999999999977,58178.0
M15088,M,25.150000000000034,35.35000000000002,90.0,1629.0,37.1,170.0,0,0,0,0,0,0,-10.199999999999989,60435.9
L49921,L,26.450000000000045,35.85000000000002,90.0,1378.0,51.9,162.0,0,0,0,0,0,0,-9.399999999999977,71518.2
L56320,L,24.350000000000023,35.35000000000002,90.0,1373.0,39.9,110.0,0,0,0,0,0,0,-11.0,54782.7
M20978,M,27.75,37.950000000000045,90.0,1325.0,61.4,88.0,0,0,0,0,0,0,-10.200000000000045,81355.0
L47981,L,23.75,34.650000000000034,90.0,1285.0,52.1,100.0,0,0,0,0,0,0,-10.900000000000034,66948.5
L55621,L,25.450000000000045,36.75,90.0,1630.0,30.6,2.0,0,0,0,0,0,0,-11.299999999999955,49878.0
L47407,L,25.150000000000034,35.35000000000002,90.0,1539.0,36.1,168.0,0,0,0,0,0,0,-10.199999999999989,55557.9
L55070,L,27.650000000000034,39.25,90.0,1767.0,25.6,105.0,0,0,0,0,0,0,-11.599999999999966,45235.200000000004
H31622,H,26.650000000000034,36.05000000000001,90.0,1435.0,42.6,111.0,0,0,0,0,0,0,-9.399999999999977,61131.0
L57022,L,25.25,36.150000000000034,90.0,1395.0,47.6,24.0,0,0,0,0,0,0,-10.900000000000034,66402.0
H35973,H,28.350000000000023,37.450000000000045,90.0,1512.0,39.0,143.0,0,0,0,0,0,0,-9.100000000000023,58968.0
M24781,M,25.350000000000023,35.55000000000001,90.0,1347.0,48.5,33.0,0,0,0,0,0,0,-10.199999999999989,65329.5
M18013,M,27.350000000000023,36.75,90.0,1483.0,49.3,124.0,0,0,0,0,0,0,-9.399999999999977,73111.9
L56137,L,24.25,34.950000000000045,90.0,1348.0,53.7,68.0,0,0,0,0,0,0,-10.700000000000045,72387.6
L49324,L,26.25,35.75,90.0,1451.0,40.5,168.0,0,0,0,0,0,0,-9.5,58765.5
L49757,L,26.350000000000023,36.25,90.0,1563.0,41.5,183.0,0,0,0,0,0,0,-9.899999999999977,64864.5
L48812,L,24.75,34.75,90.0,1426.0,43.6,89.0,0,0,0,0,0,0,-10.0,62173.6
L52012,L,30.350000000000023,38.85000000000002,90.0,1436.0,45.1,32.0,0,0,0,0,0,0,-8.5,64763.6
L49478,L,26.150000000000034,35.450000000000045,90.0,1482.0,37.6,132.0,0,0,0,0,0,0,-9.300000000000011,55723.200000000004
L52213,L,30.850000000000023,39.950000000000045,90.0,1564.0,50.9,119.0,0,0,0,0,0,0,-9.100000000000023,79607.59999999999
L53886,L,28.25,37.450000000000045,90.0,1381.0,46.1,70.0,0,0,0,0,0,0,-9.200000000000045,63664.1
L50529,L,28.25,37.55000000000001,90.0,1673.0,27.8,181.0,0,0,0,0,0,0,-9.300000000000011,46509.4
L51369,L,29.25,37.75,90.0,1560.0,31.8,172.0,0,0,0,0,0,0,-8.5,49608.0
H39148,H,25.75,36.950000000000045,90.0,1458.0,44.3,156.0,0,0,0,0,0,0,-11.200000000000045,64589.399999999994
M22111,M,27.05000000000001,37.150000000000034,90.0,1448.0,40.1,209.0,0,0,0,0,0,0,-10.100000000000023,58064.8
L54793,L,27.350000000000023,38.150000000000034,90.0,1475.0,46.3,49.0,0,0,0,0,0,0,-10.800000000000011,68292.5
L54099,L,27.850000000000023,38.35000000000002,90.0,1444.0,39.8,197.0,0,0,0,0,0,0,-10.5,57471.2
M24541,M,25.950000000000045,36.950000000000045,90.0,1412.0,44.4,24.0,0,0,0,0,0,0,-11.0,62692.799999999996
L56851,L,25.850000000000023,37.05000000000001,90.0,1412.0,44.1,246.0,0,0,0,0,0,0,-11.199999999999989,62269.200000000004
L51974,L,30.450000000000045,39.450000000000045,90.0,1699.0,27.9,160.0,0,0,0,0,0,0,-9.0,47402.1
M17355,M,25.950000000000045,35.650000000000034,90.0,1491.0,41.0,209.0,0,0,0,0,0,0,-9.699999999999989,61131.0
L54484,L,26.950000000000045,37.35000000000002,90.0,1394.0,44.3,121.0,0,0,0,0,0,0,-10.399999999999977,61754.2
M17232,M,26.150000000000034,35.35000000000002,90.0,1404.0,49.4,93.0,0,0,0,0,0,0,-9.199999999999989,69357.59999999999
L52571,L,29.55000000000001,39.05000000000001,90.0,1572.0,34.4,228.0,0,0,0,0,0,0,-9.5,54076.799999999996
M20524,M,29.05000000000001,38.25,90.0,1539.0,35.1,24.0,0,0,0,0,0,0,-9.199999999999989,54018.9
L49730,L,26.25,36.150000000000034,90.0,1366.0,48.4,116.0,0,0,0,0,0,0,-9.900000000000034,66114.4
L51895,L,30.25,38.55000000000001,90.0,1476.0,42.3,180.0,0,0,0,0,0,0,-8.300000000000011,62434.799999999996
L56873,L,25.75,36.85000000000002,90.0,1693.0,28.8,56.0,0,0,0,0,0,0,-11.100000000000023,48758.4
L55790,L,24.25,35.150000000000034,90.0,1561.0,38.3,0.0,0,0,0,0,0,0,-10.900000000000034,59786.299999999996
L56903,L,25.650000000000034,36.650000000000034,90.0,1599.0,33.6,131.0,0,0,0,0,0,0,-11.0,53726.4
L49824,L,26.650000000000034,36.25,90.0,1510.0,42.5,146.0,0,0,0,0,0,0,-9.599999999999966,64175.0
L51342,L,28.850000000000023,37.25,90.0,1591.0,29.8,105.0,0,0,0,0,0,0,-8.399999999999977,47411.8
L53167,L,27.55000000000001,37.650000000000034,90.0,1608.0,39.5,202.0,0,0,0,0,0,0,-10.100000000000023,63516.0
L51053,L,29.450000000000045,38.650000000000034,90.0,1638.0,35.1,17.0,0,0,0,0,0,0,-9.199999999999989,57493.8
H32832,H,28.450000000000045,37.450000000000045,90.0,1555.0,40.4,139.0,0,0,0,0,0,0,-9.0,62822.0
L57084,L,25.450000000000045,35.950000000000045,90.0,1537.0,35.7,198.0,0,0,0,0,0,0,-10.5,54870.9
L47729,L,24.25,36.05000000000001,90.0,1437.0,40.4,117.0,0,0,0,0,0,0,-11.800000000000011,58054.799999999996
L51633,L,29.25,37.05000000000001,90.0,1400.0,53.7,175.0,0,0,0,0,0,0,-7.800000000000011,75180.0
M17672,M,26.850000000000023,36.150000000000034,90.0,1413.0,40.7,117.0,0,0,0,0,0,0,-9.300000000000011,57509.100000000006
L56175,L,24.05000000000001,34.85000000000002,90.0,1474.0,43.7,162.0,0,0,0,0,0,0,-10.800000000000011,64413.8
L49729,L,26.25,36.05000000000001,90.0,1489.0,42.3,114.0,0,0,0,0,0,0,-9.800000000000011,62984.7
L53249,L,27.75,37.75,90.0,1601.0,34.0,181.0,0,0,0,0,0,0,-10.0,54434.0
M18029,M,27.25,36.450000000000045,90.0,1675.0,35.5,164.0,0,0,0,0,0,0,-9.200000000000045,59462.5
H36468,H,27.55000000000001,37.35000000000002,90.0,1476.0,43.1,134.0,0,0,0,0,0,0,-9.800000000000011,63615.6
L52008,L,30.350000000000023,38.75,90.0,1515.0,39.2,24.0,0,0,0,0,0,0,-8.399999999999977,59388.00000000001
L56750,L,26.55000000000001,37.75,90.0,1384.0,48.2,188.0,0,0,0,0,0,0,-11.199999999999989,66708.8
M16119,M,24.350000000000023,35.75,90.0,1280.0,48.5,19.0,0,0,0,0,0,0,-11.399999999999977,62080.0
M18521,M,29.150000000000034,38.55000000000001,90.0,1639.0,36.6,121.0,0,0,0,0,0,0,-9.399999999999977,59987.4
L55102,L,27.55000000000001,38.75,90.0,1462.0,39.7,181.0,0,0,0,0,0,0,-11.199999999999989,58041.4
L48204,L,23.05000000000001,34.150000000000034,90.0,1711.0,29.9,42.0,0,0,0,0,0,0,-11.100000000000023,51158.899999999994
M19825,M,30.650000000000034,39.55000000000001,90.0,1364.0,49.3,167.0,0,0,0,0,0,0,-8.899999999999977,67245.2
L47932,L,23.75,34.950000000000045,90.0,1422.0,48.7,215.0,0,0,0,0,0,0,-11.200000000000045,69251.40000000001
L50890,L,29.05000000000001,38.35000000000002,90.0,1489.0,38.3,35.0,0,0,0,0,0,0,-9.300000000000011,57028.7
L57140,L,25.05000000000001,34.650000000000034,90.0,1575.0,35.0,137.0,0,0,0,0,0,0,-9.600000000000023,55125.0
M15211,M,24.450000000000045,35.25,90.0,1611.0,31.0,48.0,0,0,0,0,0,0,-10.799999999999955,49941.0
L48691,L,24.950000000000045,35.55000000000001,90.0,1642.0,30.3,3.0,0,0,0,0,0,0,-10.599999999999966,49752.6
L52009,L,30.25,38.75,90.0,1491.0,38.2,26.0,0,0,0,0,0,0,-8.5,56956.200000000004
L56796,L,25.75,36.950000000000045,90.0,1580.0,37.3,100.0,0,0,0,0,0,0,-11.200000000000045,58933.99999999999
L47881,L,24.55000000000001,35.650000000000034,90.0,1515.0,40.1,82.0,0,0,0,0,0,0,-11.100000000000023,60751.5
H34028,H,29.850000000000023,38.05000000000001,90.0,1503.0,37.0,152.0,0,0,0,0,0,0,-8.199999999999989,55611.0
M22073,M,26.650000000000034,36.650000000000034,90.0,1427.0,45.2,106.0,0,0,0,0,0,0,-10.0,64500.4
M15421,M,24.350000000000023,36.25,90.0,1678.0,34.4,148.0,0,0,0,0,0,0,-11.899999999999977,57723.2
L51479,L,28.55000000000001,36.950000000000045,90.0,1402.0,50.1,3.0,0,0,0,0,0,0,-8.400000000000034,70240.2
L51174,L,29.150000000000034,38.25,90.0,1434.0,40.3,133.0,0,0,0,0,0,0,-9.099999999999966,57790.2
H35787,H,26.850000000000023,36.35000000000002,90.0,1735.0,28.9,82.0,0,0,0,0,0,0,-9.5,50141.5
L50119,L,27.75,36.55000000000001,90.0,1431.0,41.4,199.0,0,0,0,0,0,0,-8.800000000000011,59243.4
L47594,L,24.25,35.25,90.0,1588.0,32.5,207.0,0,0,0,0,0,0,-11.0,51610.0
L48520,L,25.450000000000045,37.05000000000001,90.0,1569.0,36.3,10.0,0,0,0,0,0,0,-11.599999999999966,56954.7
L56551,L,24.55000000000001,35.25,90.0,1289.0,51.3,82.0,0,0,0,0,0,0,-10.699999999999989,66125.7
L54920,L,27.350000000000023,38.85000000000002,90.0,1453.0,45.1,151.0,0,0,0,0,0,0,-11.5,65530.3
L52240,L,30.850000000000023,39.650000000000034,90.0,1542.0,42.7,198.0,0,0,0,0,0,0,-8.800000000000011,65843.40000000001
L51813,L,29.850000000000023,38.05000000000001,90.0,1382.0,50.5,203.0,0,0,0,0,0,0,-8.199999999999989,69791.0
L51789,L,29.850000000000023,38.05000000000001,90.0,1456.0,44.0,142.0,0,0,0,0,0,0,-8.199999999999989,64064.0
L48649,L,25.450000000000045,36.650000000000034,90.0,1497.0,41.6,118.0,0,0,0,0,0,0,-11.199999999999989,62275.200000000004
L49451,L,26.05000000000001,35.35000000000002,90.0,1821.0,26.1,69.0,0,0,0,0,0,0,-9.300000000000011,47528.100000000006
M16272,M,25.650000000000034,36.75,90.0,1415.0,53.2,194.0,0,0,0,0,0,0,-11.099999999999966,75278.0
L54832,L,27.150000000000034,38.25,90.0,1346.0,51.1,147.0,0,0,0,0,0,0,-11.099999999999966,68780.6
M16884,M,25.55000000000001,35.450000000000045,90.0,1722.0,24.7,64.0,0,0,0,0,0,0,-9.900000000000034,42533.4
M16367,M,24.850000000000023,35.450000000000045,90.0,1376.0,55.7,214.0,0,0,0,0,0,0,-10.600000000000023,76643.2
L52470,L,30.75,40.150000000000034,90.0,1526.0,40.7,164.0,0,0,0,0,0,0,-9.400000000000034,62108.200000000004
M15702,M,23.450000000000045,34.35000000000002,90.0,1566.0,35.0,201.0,0,0,0,0,0,0,-10.899999999999977,54810.0
L48326,L,23.850000000000023,34.75,90.0,1529.0,42.2,157.0,0,0,0,0,0,0,-10.899999999999977,64523.8
L56190,L,24.05000000000001,34.75,90.0,1441.0,40.0,195.0,0,0,0,0,0,0,-10.699999999999989,57640.0
M23846,M,23.950000000000045,34.650000000000034,90.0,1443.0,43.9,137.0,0,0,0,0,0,0,-10.699999999999989,63347.7
M24320,M,25.25,36.05000000000001,90.0,1399.0,45.2,125.0,0,0,0,0,0,0,-10.800000000000011,63234.8
H33815,H,29.05000000000001,36.85000000000002,90.0,1468.0,43.6,38.0,0,0,0,0,0,0,-7.800000000000011,64004.8
L51880,L,30.350000000000023,38.55000000000001,90.0,1620.0,31.0,141.0,0,0,0,0,0,0,-8.199999999999989,50220.0
L51028,L,29.150000000000034,37.75,90.0,1720.0,28.1,178.0,0,0,0,0,0,0,-8.599999999999966,48332.0
L49896,L,26.350000000000023,35.85000000000002,90.0,1498.0,44.6,101.0,0,0,0,0,0,0,-9.5,66810.8
M21697,M,27.850000000000023,37.85000000000002,90.0,1423.0,38.6,199.0,0,0,0,0,0,0,-10.0,54927.8
H30496,H,23.950000000000045,34.75,90.0,1420.0,39.8,192.0,0,0,0,0,0,0,-10.799999999999955,56515.99999999999
L53633,L,27.55000000000001,37.05000000000001,90.0,1807.0,24.2,77.0,0,0,0,0,0,0,-9.5,43729.4
M16671,M,24.950000000000045,34.650000000000034,90.0,1569.0,31.2,131.0,0,0,0,0,0,0,-9.699999999999989,48952.799999999996
L48531,L,25.55000000000001,37.05000000000001,90.0,1525.0,43.7,34.0,0,0,0,0,0,0,-11.5,66642.5
H37231,H,26.650000000000034,38.150000000000034,90.0,1785.0,25.4,139.0,0,0,0,0,0,0,-11.5,45339.0
H29979,H,24.55000000000001,36.55000000000001,90.0,1570.0,35.8,160.0,0,0,0,0,0,0,-12.0,56205.99999999999
L54280,L,27.55000000000001,37.05000000000001,90.0,1569.0,32.8,31.0,0,0,0,0,0,0,-9.5,51463.2
H33087,H,29.150000000000034,38.55000000000001,90.0,1449.0,44.5,152.0,0,0,0,0,0,0,-9.399999999999977,64480.5
L48392,L,23.75,34.75,90.0,1359.0,56.5,110.0,0,0,0,0,0,0,-11.0,76783.5
M16049,M,24.05000000000001,35.150000000000034,90.0,1794.0,27.5,38.0,0,0,0,0,0,0,-11.100000000000023,49335.0
L51135,L,29.150000000000034,38.35000000000002,90.0,1448.0,49.6,28.0,0,0,0,0,0,0,-9.199999999999989,71820.8
L48078,L,22.450000000000045,33.05000000000001,90.0,1446.0,49.9,133.0,0,0,0,0,0,0,-10.599999999999966,72155.4
M22952,M,27.05000000000001,38.450000000000045,90.0,1513.0,40.8,157.0,0,0,0,0,0,0,-11.400000000000034,61730.399999999994
M18469,M,28.55000000000001,37.75,90.0,1644.0,32.5,201.0,0,0,0,0,0,0,-9.199999999999989,53430.0
L55945,L,24.25,35.650000000000034,90.0,1353.0,49.4,188.0,0,0,0,0,0,0,-11.400000000000034,66838.2
L54752,L,27.150000000000034,37.950000000000045,90.0,1676.0,28.6,158.0,0,0,0,0,0,0,-10.800000000000011,47933.600000000006
H33323,H,29.150000000000034,38.150000000000034,90.0,1744.0,30.3,116.0,0,0,0,0,0,0,-9.0,52843.200000000004
L51208,L,28.850000000000023,37.75,90.0,1455.0,43.2,220.0,0,0,0,0,0,0,-8.899999999999977,62856.00000000001
M18791,M,29.55000000000001,38.55000000000001,90.0,1784.0,25.1,177.0,0,0,0,0,0,0,-9.0,44778.4
L56440,L,25.05000000000001,35.85000000000002,90.0,1377.0,57.8,8.0,0,0,0,0,0,0,-10.800000000000011,79590.59999999999
M20641,M,28.55000000000001,37.950000000000045,90.0,1618.0,36.7,115.0,0,0,0,0,0,0,-9.400000000000034,59380.600000000006
M17455,M,25.650000000000034,35.450000000000045,90.0,1486.0,41.1,13.0,0,0,0,0,0,0,-9.800000000000011,61074.6
L54380,L,26.850000000000023,36.75,90.0,1608.0,33.4,76.0,0,0,0,0,0,0,-9.899999999999977,53707.2
M18453,M,28.450000000000045,37.25,90.0,1377.0,44.9,161.0,0,0,0,0,0,0,-8.799999999999955,61827.299999999996
M20076,M,30.55000000000001,39.55000000000001,90.0,1316.0,51.8,197.0,0,0,0,0,0,0,-9.0,68168.8
L48210,L,23.150000000000034,34.25,90.0,1760.0,28.4,56.0,0,0,0,0,0,0,-11.099999999999966,49984.0
L55416,L,26.05000000000001,37.450000000000045,90.0,1498.0,41.1,88.0,0,0,0,0,0,0,-11.400000000000034,61567.8
L52558,L,29.75,39.25,90.0,1550.0,36.9,194.0,0,0,0,0,0,0,-9.5,57195.0
L48935,L,24.850000000000023,34.150000000000034,90.0,1424.0,46.5,185.0,0,0,0,0,0,0,-9.300000000000011,66216.0
L54535,L,26.450000000000045,37.05000000000001,90.0,1588.0,34.1,38.0,0,0,0,0,0,0,-10.599999999999966,54150.8
L55284,L,27.150000000000034,38.75,90.0,1692.0,31.5,187.0,0,0,0,0,0,0,-11.599999999999966,53298.0
M20317,M,29.850000000000023,39.35000000000002,90.0,1602.0,33.7,135.0,0,0,0,0,0,0,-9.5,53987.4
M21568,M,28.25,37.450000000000045,90.0,1464.0,37.4,74.0,0,0,0,0,0,0,-9.200000000000045,54753.6
L53141,L,27.150000000000034,37.55000000000001,90.0,1539.0,32.3,123.0,0,0,0,0,0,0,-10.399999999999977,49709.7
L50097,L,27.450000000000045,36.35000000000002,90.0,1516.0,39.0,142.0,0,0,0,0,0,0,-8.899999999999977,59124.0
M24250,M,24.350000000000023,34.85000000000002,90.0,1560.0,39.0,141.0,0,0,0,0,0,0,-10.5,60840.0
M17852,M,27.350000000000023,36.55000000000001,90.0,1685.0,29.4,140.0,0,0,0,0,0,0,-9.199999999999989,49539.0
L49497,L,26.05000000000001,35.650000000000034,90.0,1605.0,31.1,181.0,0,0,0,0,0,0,-9.600000000000023,49915.5
L52027,L,30.25,38.75,90.0,1434.0,44.6,78.0,0,0,0,0,0,0,-8.5,63956.4
L54171,L,27.650000000000034,37.950000000000045,90.0,1509.0,33.4,172.0,0,0,0,0,0,0,-10.300000000000011,50400.6
H37831,H,25.650000000000034,36.950000000000045,90.0,1704.0,30.7,150.0,0,0,0,0,0,0,-11.300000000000011,52312.799999999996
M17123,M,26.05000000000001,35.25,90.0,1529.0,43.0,50.0,0,0,0,0,0,0,-9.199999999999989,65747.0
M20186,M,30.350000000000023,39.55000000000001,90.0,1420.0,49.1,42.0,0,0,0,0,0,0,-9.199999999999989,69722.0
L54020,L,27.950000000000045,37.950000000000045,90.0,1799.0,21.7,206.0,0,0,0,0,0,0,-10.0,39038.299999999996
M15753,M,22.55000000000001,33.05000000000001,90.0,1423.0,42.5,121.0,0,0,0,0,0,0,-10.5,60477.5
M16710,M,24.55000000000001,34.05000000000001,90.0,1372.0,52.8,33.0,0,0,0,0,0,0,-9.5,72441.59999999999
L48395,L,23.650000000000034,34.75,90.0,1709.0,28.4,118.0,0,0,0,0,0,0,-11.099999999999966,48535.6
L50079,L,27.450000000000045,36.25,90.0,1410.0,40.6,99.0,0,0,0,0,0,0,-8.799999999999955,57246.0
L55152,L,27.950000000000045,39.05000000000001,90.0,1397.0,54.9,81.0,0,0,0,0,0,0,-11.099999999999966,76695.3
L53349,L,27.55000000000001,37.35000000000002,90.0,1448.0,38.2,218.0,0,0,0,0,0,0,-9.800000000000011,55313.600000000006
L51082,L,29.05000000000001,37.950000000000045,90.0,1630.0,34.6,94.0,0,0,0,0,0,0,-8.900000000000034,56398.0
L55127,L,27.650000000000034,38.55000000000001,90.0,1426.0,45.5,16.0,0,0,0,0,0,0,-10.899999999999977,64883.0
L56277,L,24.150000000000034,34.950000000000045,90.0,1642.0,36.9,206.0,0,0,0,0,0,0,-10.800000000000011,60589.799999999996
M18114,M,27.850000000000023,36.55000000000001,90.0,1288.0,58.4,162.0,0,0,0,0,0,0,-8.699999999999989,75219.2
M17655,M,27.150000000000034,36.35000000000002,90.0,1405.0,49.4,77.0,0,0,0,0,0,0,-9.199999999999989,69407.0
L52286,L,30.850000000000023,40.150000000000034,90.0,1519.0,36.7,117.0,0,0,0,0,0,0,-9.300000000000011,55747.3
M23871,M,24.05000000000001,34.75,90.0,1530.0,35.9,197.0,0,0,0,0,0,0,-10.699999999999989,54927.0
M23965,M,24.150000000000034,35.05000000000001,90.0,1677.0,34.9,21.0,0,0,0,0,0,0,-10.899999999999977,58527.299999999996
H30148,H,23.850000000000023,35.25,90.0,1305.0,54.6,168.0,0,0,0,0,0,0,-11.399999999999977,71253.0
L47358,L,25.05000000000001,35.05000000000001,90.0,1436.0,50.2,43.0,0,0,0,0,0,0,-10.0,72087.2
M20690,M,28.150000000000034,38.05000000000001,90.0,1438.0,42.4,7.0,0,0,0,0,0,0,-9.899999999999977,60971.2
M16034,M,23.950000000000045,34.950000000000045,90.0,1352.0,44.4,0.0,0,0,0,0,0,0,-11.0,60028.799999999996
L53822,L,28.450000000000045,37.450000000000045,90.0,1431.0,37.5,137.0,0,0,0,0,0,0,-9.0,53662.5
M16691,M,24.650000000000034,34.150000000000034,90.0,1315.0,54.0,180.0,0,0,0,0,0,0,-9.5,71010.0
L55175,L,27.850000000000023,39.05000000000001,90.0,1776.0,28.8,138.0,0,0,0,0,0,0,-11.199999999999989,51148.8
L55777,L,24.450000000000045,35.150000000000034,90.0,1410.0,47.0,191.0,0,0,0,0,0,0,-10.699999999999989,66270.0
L47378,L,25.25,35.55000000000001,90.0,1588.0,35.0,99.0,0,0,0,0,0,0,-10.300000000000011,55580.0
L56464,L,25.05000000000001,35.75,90.0,1683.0,31.7,74.0,0,0,0,0,0,0,-10.699999999999989,53351.1
H30511,H,23.75,34.35000000000002,90.0,1397.0,48.3,22.0,0,0,0,0,0,0,-10.600000000000023,67475.09999999999
L47728,L,24.25,36.150000000000034,90.0,1332.0,53.2,115.0,0,0,0,0,0,0,-11.900000000000034,70862.40000000001
L49712,L,25.75,35.55000000000001,90.0,1389.0,44.9,69.0,0,0,0,0,0,0,-9.800000000000011,62366.1
L49494,L,26.05000000000001,35.75,90.0,1368.0,47.2,175.0,0,0,0,0,0,0,-9.699999999999989,64569.600000000006
M20797,M,27.450000000000045,37.35000000000002,90.0,1462.0,41.3,68.0,0,0,0,0,0,0,-9.899999999999977,60380.6
M17675,M,26.950000000000045,36.25,90.0,1569.0,31.6,124.0,0,0,0,0,0,0,-9.299999999999955,49580.4
L51060,L,29.350000000000023,38.450000000000045,90.0,1595.0,29.5,35.0,0,0,0,0,0,0,-9.100000000000023,47052.5
L51337,L,28.850000000000023,37.35000000000002,90.0,1263.0,60.6,90.0,1,0,1,0,0,0,-8.5,76537.8
M14926,M,25.75,35.75,90.0,1679.0,28.7,181.0,0,0,0,0,0,0,-10.0,48187.299999999996
L55046,L,27.350000000000023,38.75,90.0,1431.0,49.4,37.0,0,0,0,0,0,0,-11.399999999999977,70691.4
H30030,H,24.950000000000045,36.75,90.0,1686.0,29.1,60.0,0,0,0,0,0,0,-11.799999999999955,49062.600000000006
L48298,L,23.350000000000023,34.35000000000002,90.0,1443.0,41.8,87.0,0,0,0,0,0,0,-11.0,60317.399999999994
M21464,M,28.350000000000023,37.450000000000045,90.0,1573.0,37.4,37.0,0,0,0,0,0,0,-9.100000000000023,58830.2
M17432,M,26.25,35.950000000000045,90.0,1352.0,44.7,172.0,0,0,0,0,0,0,-9.700000000000045,60434.4
M21184,M,27.55000000000001,36.950000000000045,90.0,1367.0,52.6,167.0,0,0,0,0,0,0,-9.400000000000034,71904.2
M16541,M,24.650000000000034,34.150000000000034,90.0,1804.0,26.0,222.0,0,0,0,0,0,0,-9.5,46904.0
L49306,L,26.150000000000034,35.85000000000002,90.0,1449.0,46.5,121.0,0,0,0,0,0,0,-9.699999999999989,67378.5
M22096,M,26.650000000000034,36.85000000000002,90.0,1460.0,37.1,169.0,0,0,0,0,0,0,-10.199999999999989,54166.0
L56283,L,24.150000000000034,35.05000000000001,90.0,1490.0,41.0,16.0,0,0,0,0,0,0,-10.899999999999977,61090.0
M18140,M,28.05000000000001,36.75,90.0,1456.0,50.8,15.0,0,0,0,0,0,0,-8.699999999999989,73964.8
M20441,M,29.350000000000023,38.950000000000045,90.0,1454.0,47.6,37.0,0,0,0,0,0,0,-9.600000000000023,69210.40000000001
H33006,H,28.450000000000045,37.25,90.0,1369.0,45.4,156.0,0,0,0,0,0,0,-8.799999999999955,62152.6
L56871,L,25.850000000000023,36.85000000000002,90.0,1582.0,31.9,51.0,0,0,0,0,0,0,-11.0,50465.799999999996
L53427,L,27.650000000000034,37.05000000000001,90.0,1492.0,46.3,187.0,0,0,0,0,0,0,-9.399999999999977,69079.59999999999
M19013,M,28.850000000000023,37.25,90.0,1212.0,55.6,79.0,1,0,1,0,0,0,-8.399999999999977,67387.2
M16212,M,25.55000000000001,37.05000000000001,90.0,1598.0,33.3,36.0,0,0,0,0,0,0,-11.5,53213.399999999994
M19169,M,28.150000000000034,36.75,90.0,1501.0,39.5,27.0,0,0,0,0,0,0,-8.599999999999966,59289.5
L52878,L,29.350000000000023,38.75,90.0,1265.0,59.8,119.0,0,0,0,0,0,0,-9.399999999999977,75647.0
L54869,L,27.450000000000045,38.55000000000001,90.0,1432.0,39.2,2.0,0,0,0,0,0,0,-11.099999999999966,56134.4
M24117,M,25.150000000000034,35.950000000000045,90.0,1296.0,58.7,201.0,0,0,0,0,0,0,-10.800000000000011,76075.2
M19546,M,30.350000000000023,38.450000000000045,90.0,1562.0,34.2,107.0,0,0,0,0,0,0,-8.100000000000023,53420.4
M19871,M,30.55000000000001,39.650000000000034,90.0,1634.0,33.8,63.0,0,0,0,0,0,0,-9.100000000000023,55229.2
L52999,L,28.150000000000034,37.85000000000002,90.0,1418.0,41.9,208.0,0,0,0,0,0,0,-9.699999999999989,59414.2
L55650,L,25.55000000000001,36.75,90.0,1464.0,38.0,74.0,0,0,0,0,0,0,-11.199999999999989,55632.0
L51851,L,30.150000000000034,38.25,90.0,1511.0,43.4,65.0,0,0,0,0,0,0,-8.099999999999966,65577.4
L48605,L,25.450000000000045,36.55000000000001,90.0,1356.0,54.0,6.0,0,0,0,0,0,0,-11.099999999999966,73224.0
L56558,L,24.450000000000045,35.150000000000034,90.0,1816.0,28.8,106.0,0,0,0,0,0,0,-10.699999999999989,52300.8
M20347,M,29.450000000000045,38.950000000000045,90.0,1611.0,39.9,210.0,0,0,0,0,0,0,-9.5,64278.899999999994
L53152,L,27.350000000000023,37.650000000000034,90.0,1445.0,46.6,155.0,0,0,0,0,0,0,-10.300000000000011,67337.0
M17748,M,27.450000000000045,36.450000000000045,90.0,1365.0,50.0,70.0,0,0,0,0,0,0,-9.0,68250.0
L53866,L,28.55000000000001,37.85000000000002,90.0,1715.0,24.8,17.0,0,0,0,0,0,0,-9.300000000000011,42532.0
M21175,M,27.850000000000023,37.25,90.0,1517.0,46.1,145.0,0,0,0,0,0,0,-9.399999999999977,69933.7
M15387,M,24.450000000000045,36.450000000000045,90.0,1592.0,35.8,57.0,0,0,0,0,0,0,-12.0,56993.6
M18989,M,28.650000000000034,37.150000000000034,90.0,1666.0,32.7,19.0,0,0,0,0,0,0,-8.5,54478.200000000004
L47400,L,25.150000000000034,35.35000000000002,90.0,1416.0,52.7,151.0,0,0,0,0,0,0,-10.199999999999989,74623.2
L56368,L,24.75,35.85000000000002,90.0,1502.0,40.2,30.0,0,0,0,0,0,0,-11.100000000000023,60380.4
L51663,L,29.55000000000001,37.25,90.0,1489.0,42.7,33.0,0,0,0,0,0,0,-7.699999999999989,63580.3
M24566,M,25.850000000000023,36.950000000000045,90.0,1705.0,30.1,84.0,0,0,0,0,0,0,-11.100000000000023,51320.5
M21763,M,27.850000000000023,38.450000000000045,90.0,1609.0,35.8,156.0,0,0,0,0,0,0,-10.600000000000023,57602.2
L49571,L,26.05000000000001,35.25,90.0,1580.0,32.6,142.0,0,0,0,0,0,0,-9.199999999999989,51508.0
L54361,L,27.05000000000001,37.150000000000034,90.0,1331.0,52.1,30.0,0,0,0,0,0,0,-10.100000000000023,69345.1
L51508,L,28.450000000000045,36.950000000000045,90.0,1326.0,48.2,77.0,1,0,1,0,0,0,-8.5,63913.200000000004
L53632,L,27.55000000000001,36.950000000000045,90.0,1376.0,50.8,75.0,0,0,0,0,0,0,-9.400000000000034,69900.8
M16843,M,24.850000000000023,34.450000000000045,90.0,1459.0,44.4,163.0,0,0,0,0,0,0,-9.600000000000023,64779.6
M16414,M,25.25,35.55000000000001,90.0,1584.0,31.7,117.0,0,0,0,0,0,0,-10.300000000000011,50212.799999999996
L52030,L,30.350000000000023,38.85000000000002,90.0,1441.0,56.8,88.0,0,0,0,0,0,0,-8.5,81848.8
L56275,L,24.150000000000034,34.950000000000045,90.0,1458.0,45.7,202.0,0,0,0,0,0,0,-10.800000000000011,66630.6
H39336,H,25.450000000000045,35.650000000000034,90.0,1566.0,39.1,36.0,0,0,0,0,0,0,-10.199999999999989,61230.600000000006
M22392,M,26.850000000000023,38.150000000000034,90.0,1629.0,32.1,55.0,0,0,0,0,0,0,-11.300000000000011,52290.9
M17741,M,27.450000000000045,36.450000000000045,90.0,1588.0,37.0,50.0,0,0,0,0,0,0,-9.0,58756.0
M16537,M,24.75,34.35000000000002,90.0,1647.0,30.8,212.0,0,0,0,0,0,0,-9.600000000000023,50727.6
H30315,H,22.450000000000045,32.950000000000045,90.0,1256.0,62.3,142.0,0,0,0,0,0,0,-10.5,78248.8
L54310,L,27.450000000000045,36.75,90.0,1428.0,48.8,109.0,0,0,0,0,0,0,-9.299999999999955,69686.4
L53417,L,28.25,37.75,90.0,1414.0,38.8,162.0,0,0,0,0,0,0,-9.5,54863.2
L47476,L,24.850000000000023,35.35000000000002,90.0,1395.0,46.2,122.0,0,0,0,0,0,0,-10.5,64449.00000000001
L55958,L,24.350000000000023,35.55000000000001,90.0,1454.0,45.0,19.0,0,0,0,0,0,0,-11.199999999999989,65430.0
L51565,L,28.650000000000034,36.55000000000001,90.0,1442.0,45.3,233.0,1,1,0,0,0,0,-7.899999999999977,65322.6
L50164,L,27.450000000000045,36.55000000000001,90.0,1639.0,30.4,121.0,0,0,0,0,0,0,-9.099999999999966,49825.6
L57057,L,25.650000000000034,36.55000000000001,90.0,1374.0,58.6,123.0,0,0,0,0,0,0,-10.899999999999977,80516.40000000001
L49856,L,26.55000000000001,36.150000000000034,90.0,1592.0,34.2,8.0,0,0,0,0,0,0,-9.600000000000023,54446.4
L55725,L,25.25,36.150000000000034,90.0,1806.0,27.6,64.0,0,0,0,0,0,0,-10.900000000000034,49845.600000000006
L52442,L,30.25,39.650000000000034,90.0,1449.0,43.9,94.0,0,0,0,0,0,0,-9.400000000000034,63611.1
M20701,M,28.150000000000034,37.950000000000045,90.0,1678.0,30.7,34.0,0,0,0,0,0,0,-9.800000000000011,51514.6
M18108,M,27.850000000000023,36.55000000000001,90.0,1511.0,39.3,146.0,0,0,0,0,0,0,-8.699999999999989,59382.299999999996
L54843,L,27.350000000000023,38.450000000000045,90.0,1385.0,54.8,173.0,0,0,0,0,0,0,-11.100000000000023,75898.0
L50341,L,27.25,36.650000000000034,90.0,1314.0,63.1,146.0,0,0,0,0,0,0,-9.400000000000034,82913.40000000001
L51050,L,29.55000000000001,38.650000000000034,90.0,1461.0,46.1,10.0,0,0,0,0,0,0,-9.100000000000023,67352.1
M19264,M,29.25,37.05000000000001,90.0,1485.0,45.9,50.0,0,0,0,0,0,0,-7.800000000000011,68161.5
L54132,L,27.650000000000034,38.150000000000034,90.0,1498.0,40.2,73.0,0,0,0,0,0,0,-10.5,60219.600000000006
L48550,L,25.55000000000001,37.150000000000034,90.0,1451.0,40.0,86.0,0,0,0,0,0,0,-11.600000000000023,58040.0
L52712,L,29.25,38.650000000000034,90.0,1476.0,46.6,110.0,0,0,0,0,0,0,-9.400000000000034,68781.6
L56800,L,25.75,36.85000000000002,90.0,1470.0,45.9,109.0,0,0,0,0,0,0,-11.100000000000023,67473.0
L52888,L,29.150000000000034,38.55000000000001,90.0,1611.0,38.6,143.0,0,0,0,0,0,0,-9.399999999999977,62184.600000000006
M15541,M,24.55000000000001,35.85000000000002,90.0,1656.0,33.2,20.0,0,0,0,0,0,0,-11.300000000000011,54979.200000000004
M15294,M,24.350000000000023,35.35000000000002,90.0,1484.0,44.7,40.0,0,0,0,0,0,0,-11.0,66334.8
L56489,L,25.150000000000034,36.05000000000001,90.0,1562.0,37.6,137.0,0,0,0,0,0,0,-10.899999999999977,58731.200000000004
L52004,L,30.25,38.650000000000034,90.0,1499.0,45.0,16.0,0,0,0,0,0,0,-8.400000000000034,67455.0
L56941,L,25.450000000000045,36.55000000000001,90.0,1703.0,26.1,5.0,0,0,0,0,0,0,-11.099999999999966,44448.3
M16349,M,25.05000000000001,35.85000000000002,90.0,1723.0,26.6,168.0,0,0,0,0,0,0,-10.800000000000011,45831.8
M16742,M,24.850000000000023,34.450000000000045,90.0,1581.0,43.4,113.0,0,0,0,0,0,0,-9.600000000000023,68615.4
L56447,L,25.05000000000001,35.650000000000034,90.0,1362.0,57.3,28.0,0,0,0,0,0,0,-10.600000000000023,78042.59999999999
M18156,M,28.05000000000001,37.150000000000034,90.0,1379.0,43.2,56.0,0,0,0,0,0,0,-9.100000000000023,59572.8
M19385,M,29.25,37.25,90.0,1463.0,42.2,139.0,0,0,0,0,0,0,-8.0,61738.600000000006
M18589,M,29.25,38.150000000000034,90.0,1312.0,61.5,85.0,0,0,0,0,0,0,-8.900000000000034,80688.0
L54195,L,27.350000000000023,37.35000000000002,90.0,1452.0,42.9,29.0,0,0,0,0,0,0,-10.0,62290.799999999996
M16472,M,24.75,34.75,90.0,1540.0,39.8,38.0,0,0,0,0,0,0,-10.0,61291.99999999999
L48361,L,24.05000000000001,35.150000000000034,90.0,1379.0,52.1,21.0,0,0,0,0,0,0,-11.100000000000023,71845.90000000001
M16235,M,25.650000000000034,37.150000000000034,90.0,1528.0,37.1,99.0,0,0,0,0,0,0,-11.5,56688.8
M18806,M,29.05000000000001,38.150000000000034,90.0,1658.0,31.0,2.0,0,0,0,0,0,0,-9.100000000000023,51398.0
M22070,M,26.650000000000034,36.450000000000045,90.0,1331.0,50.2,98.0,0,0,0,0,0,0,-9.800000000000011,66816.2
L52391,L,30.55000000000001,39.35000000000002,90.0,1433.0,53.6,185.0,0,0,0,0,0,0,-8.800000000000011,76808.8
M14923,M,25.75,35.85000000000002,90.0,1812.0,25.9,174.0,0,0,0,0,0,0,-10.100000000000023,46930.799999999996
L47806,L,25.25,36.950000000000045,90.0,1533.0,35.2,92.0,0,0,0,0,0,0,-11.700000000000045,53961.600000000006
L51601,L,29.450000000000045,37.05000000000001,90.0,1325.0,62.4,92.0,1,0,1,0,0,0,-7.599999999999966,82680.0
M24623,M,25.450000000000045,36.450000000000045,90.0,1635.0,29.7,9.0,0,0,0,0,0,0,-11.0,48559.5
M21405,M,28.25,37.650000000000034,90.0,1738.0,30.3,104.0,0,0,0,0,0,0,-9.400000000000034,52661.4
L47264,L,25.75,35.75,90.0,1422.0,47.6,15.0,0,0,0,0,0,0,-10.0,67687.2
L56360,L,24.75,35.950000000000045,90.0,1507.0,36.9,13.0,0,0,0,0,0,0,-11.200000000000045,55608.299999999996
M17747,M,27.350000000000023,36.35000000000002,90.0,1691.0,27.6,67.0,0,0,0,0,0,0,-9.0,46671.600000000006
L47864,L,24.55000000000001,35.85000000000002,90.0,1538.0,43.2,30.0,0,0,0,0,0,0,-11.300000000000011,66441.6
L51649,L,29.55000000000001,37.35000000000002,90.0,1446.0,40.9,211.0,1,1,0,0,0,0,-7.800000000000011,59141.4
M20088,M,30.75,39.950000000000045,90.0,1343.0,61.4,14.0,0,0,0,0,0,0,-9.200000000000045,82460.2
M19113,M,29.450000000000045,37.85000000000002,90.0,1329.0,48.6,111.0,1,0,1,0,0,0,-8.399999999999977,64589.4
L49889,L,26.450000000000045,35.950000000000045,90.0,1641.0,35.8,81.0,0,0,0,0,0,0,-9.5,58747.799999999996
L49537,L,26.150000000000034,35.35000000000002,90.0,1772.0,26.1,52.0,0,0,0,0,0,0,-9.199999999999989,46249.200000000004
L55239,L,27.05000000000001,38.450000000000045,90.0,1540.0,37.7,71.0,0,0,0,0,0,0,-11.400000000000034,58058.00000000001
M16226,M,25.55000000000001,36.950000000000045,90.0,1368.0,56.8,72.0,0,0,0,0,0,0,-11.400000000000034,77702.4
L53457,L,28.05000000000001,37.650000000000034,90.0,1461.0,40.6,47.0,0,0,0,0,0,0,-9.600000000000023,59316.6
L51096,L,29.450000000000045,38.450000000000045,90.0,1453.0,37.0,135.0,0,0,0,0,0,0,-9.0,53761.0
H29707,H,24.950000000000045,35.35000000000002,90.0,1392.0,44.8,111.0,0,0,0,0,0,0,-10.399999999999977,62361.6
M17499,M,26.650000000000034,36.25,90.0,1412.0,47.8,130.0,0,0,0,0,0,0,-9.599999999999966,67493.59999999999
L48686,L,24.850000000000023,35.650000000000034,90.0,1610.0,33.7,212.0,0,0,0,0,0,0,-10.800000000000011,54257.00000000001
M22253,M,26.55000000000001,37.35000000000002,90.0,1594.0,35.4,134.0,0,0,0,0,0,0,-10.800000000000011,56427.6
L57071,L,25.650000000000034,36.35000000000002,90.0,1374.0,48.1,159.0,0,0,0,0,0,0,-10.699999999999989,66089.40000000001
L52738,L,29.350000000000023,38.75,90.0,1553.0,40.1,187.0,0,0,0,0,0,0,-9.399999999999977,62275.3
L50118,L,27.55000000000001,36.35000000000002,90.0,1479.0,34.5,197.0,0,0,0,0,0,0,-8.800000000000011,51025.5
L48743,L,25.05000000000001,35.150000000000034,90.0,1402.0,51.0,141.0,0,0,0,0,0,0,-10.100000000000023,71502.0
L52869,L,29.25,38.650000000000034,90.0,1543.0,31.1,96.0,0,0,0,0,0,0,-9.400000000000034,47987.3
L55838,L,24.25,35.35000000000002,90.0,1496.0,36.4,126.0,0,0,0,0,0,0,-11.100000000000023,54454.4
L54697,L,27.150000000000034,38.55000000000001,90.0,1445.0,47.3,15.0,0,0,0,0,0,0,-11.399999999999977,68348.5
H31393,H,24.850000000000023,34.450000000000045,90.0,1420.0,45.8,150.0,0,0,0,0,0,0,-9.600000000000023,65035.99999999999
M16743,M,24.850000000000023,34.450000000000045,90.0,1472.0,46.7,116.0,0,0,0,0,0,0,-9.600000000000023,68742.40000000001
L50983,L,29.05000000000001,37.75,90.0,1531.0,37.5,60.0,0,0,0,0,0,0,-8.699999999999989,57412.5
L47618,L,24.25,35.25,90.0,1341.0,52.2,49.0,0,0,0,0,0,0,-11.0,70000.2
L51708,L,29.350000000000023,37.35000000000002,90.0,1507.0,39.5,147.0,0,0,0,0,0,0,-8.0,59526.5
M19192,M,28.55000000000001,36.75,90.0,1452.0,41.5,86.0,0,0,0,0,0,0,-8.199999999999989,60258.0
L50753,L,28.650000000000034,37.450000000000045,90.0,1452.0,48.4,110.0,0,0,0,0,0,0,-8.800000000000011,70276.8
L55921,L,24.25,35.650000000000034,90.0,1538.0,41.2,126.0,0,0,0,0,0,0,-11.400000000000034,63365.600000000006
L56091,L,23.950000000000045,35.150000000000034,90.0,1773.0,23.8,169.0,0,0,0,0,0,0,-11.199999999999989,42197.4
L51997,L,30.350000000000023,38.950000000000045,90.0,1674.0,30.8,0.0,0,0,0,0,0,0,-8.600000000000023,51559.200000000004
L53615,L,27.150000000000034,36.75,90.0,1621.0,34.1,36.0,0,0,0,0,0,0,-9.599999999999966,55276.100000000006
L47884,L,24.55000000000001,35.75,90.0,1516.0,33.7,92.0,0,0,0,0,0,0,-11.199999999999989,51089.200000000004
L49460,L,26.25,35.650000000000034,90.0,1390.0,57.0,92.0,0,0,0,0,0,0,-9.400000000000034,79230.0
L52592,L,29.75,39.450000000000045,90.0,1328.0,59.9,24.0,0,0,0,0,0,0,-9.700000000000045,79547.2
L56403,L,24.75,35.85000000000002,90.0,1382.0,43.9,116.0,0,0,0,0,0,0,-11.100000000000023,60669.799999999996
M17445,M,25.850000000000023,35.55000000000001,90.0,1620.0,35.4,199.0,0,0,0,0,0,0,-9.699999999999989,57348.0
M24432,M,26.55000000000001,37.650000000000034,90.0,1405.0,47.6,192.0,0,0,0,0,0,0,-11.100000000000023,66878.0
H34696,H,30.650000000000034,40.05000000000001,90.0,1381.0,52.4,140.0,0,0,0,0,0,0,-9.399999999999977,72364.4
H38545,H,24.450000000000045,35.450000000000045,90.0,1463.0,46.7,85.0,0,0,0,0,0,0,-11.0,68322.1
L47674,L,24.450000000000045,36.25,90.0,1326.0,49.8,199.0,0,0,0,0,0,0,-11.799999999999955,66034.8
L54543,L,26.350000000000023,36.85000000000002,90.0,1412.0,48.9,56.0,0,0,0,0,0,0,-10.5,69046.8
M22789,M,27.450000000000045,38.450000000000045,90.0,1669.0,29.2,200.0,0,0,0,0,0,0,-11.0,48734.799999999996
M17757,M,27.450000000000045,36.35000000000002,90.0,1530.0,40.2,93.0,0,0,0,0,0,0,-8.899999999999977,61506.00000000001
M15226,M,24.450000000000045,35.35000000000002,90.0,1552.0,40.9,90.0,0,0,0,0,0,0,-10.899999999999977,63476.799999999996
L56634,L,25.25,36.05000000000001,90.0,1583.0,35.4,112.0,0,0,0,0,0,0,-10.800000000000011,56038.2
L49833,L,26.75,36.35000000000002,90.0,1779.0,26.1,169.0,0,0,0,0,0,0,-9.600000000000023,46431.9
M19025,M,29.05000000000001,37.35000000000002,90.0,1507.0,40.4,111.0,0,0,0,0,0,0,-8.300000000000011,60882.799999999996
H38280,H,24.75,35.75,90.0,1416.0,39.6,45.0,0,0,0,0,0,0,-11.0,56073.6
L47502,L,24.650000000000034,35.35000000000002,90.0,1448.0,40.0,192.0,0,0,0,0,0,0,-10.699999999999989,57920.0
L49211,L,25.650000000000034,35.450000000000045,90.0,1331.0,62.8,81.0,0,0,0,0,0,0,-9.800000000000011,83586.8
M23799,M,24.150000000000034,35.25,90.0,1434.0,44.8,21.0,0,0,0,0,0,0,-11.099999999999966,64243.2
L48259,L,23.850000000000023,34.55000000000001,90.0,1731.0,28.5,186.0,0,0,0,0,0,0,-10.699999999999989,49333.5
M17086,M,26.450000000000045,35.75,90.0,1685.0,27.8,161.0,0,0,0,0,0,0,-9.299999999999955,46843.0
L56316,L,24.55000000000001,35.55000000000001,90.0,1694.0,29.1,102.0,0,0,0,0,0,0,-11.0,49295.4
L56711,L,26.05000000000001,37.35000000000002,90.0,1458.0,44.1,91.0,0,0,0,0,0,0,-11.300000000000011,64297.8
L54004,L,27.75,37.55000000000001,90.0,1740.0,25.3,164.0,0,0,0,0,0,0,-9.800000000000011,44022.0
L48344,L,23.950000000000045,34.950000000000045,90.0,1754.0,30.3,206.0,0,0,0,0,0,0,-11.0,53146.200000000004
H32675,H,28.150000000000034,36.950000000000045,90.0,1469.0,39.7,179.0,0,0,0,0,0,0,-8.800000000000011,58319.3
H33276,H,29.350000000000023,38.35000000000002,90.0,1496.0,43.8,218.0,0,0,0,0,0,0,-9.0,65524.799999999996
H39002,H,26.150000000000034,37.25,90.0,1510.0,45.5,27.0,0,0,0,0,0,0,-11.099999999999966,68705.0
L53394,L,27.75,37.55000000000001,90.0,1392.0,44.2,97.0,0,0,0,0,0,0,-9.800000000000011,61526.4
L52516,L,30.05000000000001,39.25,90.0,1663.0,33.7,71.0,0,0,0,0,0,0,-9.199999999999989,56043.100000000006
L56691,L,25.950000000000045,37.150000000000034,90.0,1449.0,40.7,40.0,0,0,0,0,0,0,-11.199999999999989,58974.3
L50179,L,27.350000000000023,36.55000000000001,90.0,1395.0,61.0,157.0,0,0,0,0,0,0,-9.199999999999989,85095.0
M16374,M,24.950000000000045,35.650000000000034,90.0,1628.0,37.6,12.0,0,0,0,0,0,0,-10.699999999999989,61212.8
M17173,M,25.950000000000045,35.650000000000034,90.0,1725.0,26.6,172.0,0,0,0,0,0,0,-9.699999999999989,45885.0
M20127,M,30.350000000000023,39.75,90.0,1438.0,42.8,106.0,0,0,0,0,0,0,-9.399999999999977,61546.399999999994
H35545,H,27.850000000000023,37.85000000000002,90.0,1640.0,37.6,118.0,0,0,0,0,0,0,-10.0,61664.0
H30252,H,23.450000000000045,34.25,90.0,1406.0,41.5,189.0,0,0,0,0,0,0,-10.799999999999955,58349.0
H37675,H,26.05000000000001,37.450000000000045,90.0,1434.0,48.4,153.0,0,0,0,0,0,0,-11.400000000000034,69405.59999999999
M21274,M,27.25,36.950000000000045,90.0,1457.0,35.1,193.0,0,0,0,0,0,0,-9.700000000000045,51140.700000000004
M24124,M,25.150000000000034,35.85000000000002,90.0,1526.0,36.9,20.0,0,0,0,0,0,0,-10.699999999999989,56309.4
L55823,L,24.350000000000023,35.35000000000002,90.0,1448.0,54.3,83.0,0,0,0,0,0,0,-11.0,78626.4
M15199,M,24.350000000000023,35.05000000000001,90.0,1713.0,32.2,17.0,0,0,0,0,0,0,-10.699999999999989,55158.600000000006
M24423,M,26.650000000000034,37.950000000000045,90.0,1763.0,25.5,171.0,0,0,0,0,0,0,-11.300000000000011,44956.5
L53122,L,27.55000000000001,37.55000000000001,90.0,1450.0,43.4,80.0,0,0,0,0,0,0,-10.0,62930.0
L55282,L,27.150000000000034,38.650000000000034,90.0,1413.0,46.0,182.0,0,0,0,0,0,0,-11.5,64998.0
L55668,L,25.25,36.25,90.0,1385.0,43.2,119.0,0,0,0,0,0,0,-11.0,59832.00000000001
M18225,M,28.25,37.450000000000045,90.0,1630.0,30.3,2.0,0,0,0,0,0,0,-9.200000000000045,49389.0
L49850,L,26.650000000000034,36.25,90.0,1467.0,46.2,219.0,0,0,0,0,0,0,-9.599999999999966,67775.40000000001
M14894,M,25.650000000000034,35.950000000000045,90.0,1559.0,34.7,95.0,0,0,0,0,0,0,-10.300000000000011,54097.3
L47208,L,25.950000000000045,36.25,90.0,1439.0,44.2,82.0,0,0,0,0,0,0,-10.299999999999955,63603.8
L55297,L,27.150000000000034,38.55000000000001,90.0,1406.0,47.5,14.0,0,0,0,0,0,0,-11.399999999999977,66785.0
L55557,L,25.650000000000034,36.55000000000001,90.0,1336.0,50.3,44.0,0,0,0,0,0,0,-10.899999999999977,67200.8
L48069,L,22.450000000000045,32.950000000000045,90.0,1389.0,46.2,113.0,0,0,0,0,0,0,-10.5,64171.8
L50502,L,28.350000000000023,37.35000000000002,90.0,1351.0,52.9,116.0,0,0,0,0,0,0,-9.0,71467.9
L56576,L,24.650000000000034,35.150000000000034,90.0,1498.0,47.3,160.0,0,0,0,0,0,0,-10.5,70855.4
M23211,M,25.55000000000001,36.450000000000045,90.0,1686.0,26.2,189.0,0,0,0,0,0,0,-10.900000000000034,44173.2
L52541,L,30.150000000000034,39.55000000000001,90.0,1643.0,30.7,142.0,0,0,0,0,0,0,-9.399999999999977,50440.1
L50913,L,29.05000000000001,37.950000000000045,90.0,1470.0,39.6,97.0,0,0,0,0,0,0,-8.900000000000034,58212.0
M24323,M,25.350000000000023,36.150000000000034,90.0,1552.0,36.8,133.0,0,0,0,0,0,0,-10.800000000000011,57113.6
M19892,M,30.850000000000023,39.950000000000045,90.0,1694.0,31.4,116.0,0,0,0,0,0,0,-9.100000000000023,53191.6
L47403,L,25.25,35.450000000000045,90.0,1569.0,34.4,160.0,0,0,0,0,0,0,-10.200000000000045,53973.6
L55805,L,24.25,35.150000000000034,90.0,1632.0,33.5,39.0,0,0,0,0,0,0,-10.900000000000034,54672.0
L53374,L,27.75,37.650000000000034,90.0,1571.0,39.9,51.0,0,0,0,0,0,0,-9.900000000000034,62682.899999999994
L48770,L,25.05000000000001,35.25,90.0,1497.0,37.7,207.0,0,0,0,0,0,0,-10.199999999999989,56436.9
L53162,L,27.55000000000001,37.650000000000034,90.0,1486.0,37.1,186.0,0,0,0,0,0,0,-10.100000000000023,55130.6
L53860,L,28.350000000000023,37.650000000000034,90.0,1417.0,49.7,5.0,0,0,0,0,0,0,-9.300000000000011,70424.90000000001
M21663,M,27.950000000000045,37.55000000000001,90.0,1367.0,43.4,111.0,0,0,0,0,0,0,-9.599999999999966,59327.799999999996
L51969,L,30.650000000000034,39.650000000000034,90.0,1646.0,35.8,143.0,0,0,0,0,0,0,-9.0,58926.799999999996
L48338,L,23.850000000000023,34.75,90.0,1436.0,47.7,191.0,0,0,0,0,0,0,-10.899999999999977,68497.2
L49486,L,25.950000000000045,35.450000000000045,90.0,1260.0,57.8,152.0,0,0,0,0,0,0,-9.5,72828.0
L47453,L,24.950000000000045,34.85000000000002,90.0,1426.0,46.0,61.0,0,0,0,0,0,0,-9.899999999999977,65596.0
L53876,L,28.55000000000001,37.75,90.0,1636.0,31.3,42.0,0,0,0,0,0,0,-9.199999999999989,51206.8
L51988,L,30.350000000000023,39.150000000000034,90.0,1404.0,48.6,193.0,0,0,0,0,0,0,-8.800000000000011,68234.40000000001
L55263,L,26.950000000000045,38.25,90.0,1438.0,42.2,139.0,0,0,0,0,0,0,-11.299999999999955,60683.600000000006
L48962,L,25.25,34.85000000000002,90.0,1571.0,37.4,50.0,0,0,0,0,0,0,-9.600000000000023,58755.399999999994
L48023,L,23.450000000000045,34.35000000000002,90.0,1485.0,42.7,204.0,0,0,0,0,0,0,-10.899999999999977,63409.50000000001
L56525,L,25.05000000000001,35.650000000000034,90.0,1442.0,47.0,18.0,0,0,0,0,0,0,-10.600000000000023,67774.0
L51641,L,29.55000000000001,37.35000000000002,90.0,1642.0,30.8,195.0,0,0,0,0,0,0,-7.800000000000011,50573.6
H30318,H,22.55000000000001,33.05000000000001,90.0,1458.0,49.8,151.0,0,0,0,0,0,0,-10.5,72608.4
L57130,L,24.950000000000045,34.650000000000034,90.0,1413.0,54.1,113.0,0,0,0,0,0,0,-9.699999999999989,76443.3
M24157,M,24.950000000000045,35.75,90.0,1479.0,43.4,105.0,0,0,0,0,0,0,-10.799999999999955,64188.6
L48727,L,25.150000000000034,35.75,90.0,1348.0,55.5,102.0,0,0,0,0,0,0,-10.599999999999966,74814.0
L57061,L,25.650000000000034,36.650000000000034,90.0,1493.0,38.5,132.0,0,0,0,0,0,0,-11.0,57480.5
H35803,H,27.150000000000034,36.75,90.0,1677.0,30.1,130.0,0,0,0,0,0,0,-9.599999999999966,50477.700000000004
L54759,L,27.25,38.05000000000001,90.0,1436.0,56.8,173.0,0,0,0,0,0,0,-10.800000000000011,81564.8
L56425,L,25.150000000000034,35.75,90.0,1708.0,27.3,170.0,0,0,0,0,0,0,-10.599999999999966,46628.4
M21427,M,28.150000000000034,37.450000000000045,90.0,1499.0,36.1,163.0,0,0,0,0,0,0,-9.300000000000011,54113.9
L51000,L,29.150000000000034,37.650000000000034,90.0,1421.0,41.4,102.0,0,0,0,0,0,0,-8.5,58829.4
M17506,M,26.650000000000034,36.35000000000002,90.0,1453.0,43.2,153.0,0,0,0,0,0,0,-9.699999999999989,62769.600000000006
L51634,L,29.25,36.950000000000045,90.0,1401.0,48.8,177.0,0,0,0,0,0,0,-7.7000000000000455,68368.8
M23081,M,25.950000000000045,37.35000000000002,90.0,1428.0,43.0,53.0,0,0,0,0,0,0,-11.399999999999977,61404.0
L55776,L,24.350000000000023,35.05000000000001,90.0,1327.0,56.5,189.0,0,0,0,0,0,0,-10.699999999999989,74975.5
L56769,L,26.05000000000001,37.25,90.0,1472.0,43.3,32.0,0,0,0,0,0,0,-11.199999999999989,63737.6
M20931,M,27.75,37.650000000000034,90.0,1452.0,43.6,185.0,0,0,0,0,0,0,-9.900000000000034,63307.200000000004
L49335,L,26.150000000000034,35.650000000000034,90.0,1341.0,47.7,199.0,0,0,0,0,0,0,-9.5,63965.700000000004
H36126,H,28.25,37.55000000000001,90.0,1516.0,36.4,83.0,0,0,0,0,0,0,-9.300000000000011,55182.4
M18575,M,29.25,38.25,90.0,1475.0,45.2,46.0,0,0,0,0,0,0,-9.0,66670.0
L51237,L,28.850000000000023,37.75,90.0,1495.0,38.6,52.0,0,0,0,0,0,0,-8.899999999999977,57707.0
L53132,L,27.55000000000001,37.650000000000034,90.0,1563.0,33.8,104.0,0,0,0,0,0,0,-10.100000000000023,52829.399999999994
L50282,L,26.75,35.950000000000045,90.0,1412.0,48.3,198.0,0,0,0,0,0,0,-9.200000000000045,68199.59999999999
L47738,L,24.350000000000023,36.25,90.0,1650.0,34.6,142.0,0,0,0,0,0,0,-11.899999999999977,57090.0
L51790,L,29.950000000000045,38.05000000000001,90.0,1394.0,45.3,144.0,0,0,0,0,0,0,-8.099999999999966,63148.2
L54158,L,27.55000000000001,37.950000000000045,90.0,1427.0,50.3,137.0,0,0,0,0,0,0,-10.400000000000034,71778.09999999999
L52599,L,29.450000000000045,39.150000000000034,90.0,1321.0,53.4,42.0,0,0,0,0,0,0,-9.699999999999989,70541.4
L51230,L,28.650000000000034,37.650000000000034,90.0,1456.0,46.6,35.0,0,0,0,0,0,0,-9.0,67849.6
L51016,L,29.25,38.05000000000001,90.0,1466.0,43.9,152.0,0,0,0,0,0,0,-8.800000000000011,64357.4
H31532,H,26.150000000000034,35.75,90.0,1429.0,43.0,96.0,0,0,0,0,0,0,-9.599999999999966,61447.0
M21012,M,27.950000000000045,37.950000000000045,90.0,1592.0,35.7,174.0,0,0,0,0,0,0,-10.0,56834.4
M15361,M,24.450000000000045,36.150000000000034,90.0,1464.0,46.2,218.0,0,0,0,0,0,0,-11.699999999999989,67636.8
M16399,M,25.350000000000023,36.05000000000001,90.0,1449.0,46.4,83.0,0,0,0,0,0,0,-10.699999999999989,67233.59999999999
L53321,L,27.650000000000034,37.650000000000034,90.0,1486.0,45.7,146.0,0,0,0,0,0,0,-10.0,67910.2
H30625,H,23.75,34.85000000000002,90.0,1416.0,46.9,105.0,0,0,0,0,0,0,-11.100000000000023,66410.4
H32791,H,28.350000000000023,37.650000000000034,90.0,1591.0,29.6,33.0,0,0,0,0,0,0,-9.300000000000011,47093.600000000006
M16052,M,24.05000000000001,35.150000000000034,90.0,1431.0,43.7,46.0,0,0,0,0,0,0,-11.100000000000023,62534.700000000004
L50770,L,28.650000000000034,37.450000000000045,90.0,1403.0,46.8,151.0,0,0,0,0,0,0,-8.800000000000011,65660.4
L47685,L,24.450000000000045,36.150000000000034,90.0,1610.0,35.0,6.0,0,0,0,0,0,0,-11.699999999999989,56350.0
L55298,L,27.150000000000034,38.650000000000034,90.0,1548.0,33.0,16.0,0,0,0,0,0,0,-11.5,51084.0
L47686,L,24.450000000000045,36.150000000000034,90.0,1543.0,34.3,8.0,0,0,0,0,0,0,-11.699999999999989,52924.899999999994
M24309,M,24.950000000000045,35.650000000000034,90.0,1434.0,41.8,93.0,0,0,0,0,0,0,-10.699999999999989,59941.2
M21991,M,27.350000000000023,36.650000000000034,90.0,1410.0,44.4,111.0,0,0,0,0,0,0,-9.300000000000011,62604.0
L54483,L,26.950000000000045,37.450000000000045,90.0,1374.0,45.4,119.0,0,0,0,0,0,0,-10.5,62379.6
L54034,L,27.850000000000023,38.05000000000001,90.0,1511.0,42.9,26.0,0,0,0,0,0,0,-10.199999999999989,64821.9
H34320,H,30.450000000000045,39.25,90.0,1436.0,45.6,9.0,0,0,0,0,0,0,-8.799999999999955,65481.6
L47977,L,23.650000000000034,34.55000000000001,90.0,1565.0,40.1,89.0,0,0,0,0,0,0,-10.899999999999977,62756.5
L55965,L,24.350000000000023,35.450000000000045,90.0,1694.0,27.1,36.0,0,0,0,0,0,0,-11.100000000000023,45907.4
L54250,L,27.55000000000001,37.55000000000001,90.0,1333.0,61.0,177.0,0,0,0,0,0,0,-10.0,81313.0
L47492,L,24.75,35.450000000000045,90.0,1468.0,36.0,168.0,0,0,0,0,0,0,-10.700000000000045,52848.0
H31890,H,25.75,35.25,90.0,1449.0,42.4,149.0,0,0,0,0,0,0,-9.5,61437.6
M24185,M,25.450000000000045,36.150000000000034,90.0,1510.0,40.8,177.0,0,0,0,0,0,0,-10.699999999999989,61607.99999999999
M20075,M,30.55000000000001,39.55000000000001,90.0,1532.0,42.7,194.0,0,0,0,0,0,0,-9.0,65416.4
L49343,L,26.450000000000045,36.05000000000001,90.0,1422.0,39.8,219.0,0,0,0,0,0,0,-9.599999999999966,56595.6
L53757,L,28.25,37.25,90.0,1388.0,45.3,188.0,0,0,0,0,0,0,-9.0,62876.399999999994
M16772,M,24.850000000000023,34.55000000000001,90.0,1621.0,34.9,194.0,0,0,0,0,0,0,-9.699999999999989,56572.899999999994
M18752,M,29.150000000000034,37.950000000000045,90.0,1338.0,53.3,63.0,0,0,0,0,0,0,-8.800000000000011,71315.4
H31066,H,24.75,34.650000000000034,90.0,1635.0,34.0,142.0,0,0,0,0,0,0,-9.900000000000034,55590.0
L52404,L,30.75,40.05000000000001,90.0,1590.0,31.9,5.0,0,0,0,0,0,0,-9.300000000000011,50721.0
L56949,L,25.450000000000045,36.450000000000045,90.0,1386.0,48.6,25.0,0,0,0,0,0,0,-11.0,67359.6
L51137,L,29.05000000000001,38.25,90.0,1510.0,44.9,33.0,0,0,0,0,0,0,-9.199999999999989,67799.0
L54315,L,27.350000000000023,36.75,90.0,1443.0,48.3,122.0,0,0,0,0,0,0,-9.399999999999977,69696.9
L54658,L,26.950000000000045,38.150000000000034,90.0,1479.0,39.5,133.0,0,0,0,0,0,0,-11.199999999999989,58420.5
L51685,L,29.25,36.950000000000045,90.0,1426.0,46.8,95.0,0,0,0,0,0,0,-7.7000000000000455,66736.8
M24440,M,26.350000000000023,37.55000000000001,90.0,1423.0,56.5,7.0,0,0,0,0,0,0,-11.199999999999989,80399.5
L52468,L,30.650000000000034,40.05000000000001,90.0,1531.0,39.4,159.0,0,0,0,0,0,0,-9.399999999999977,60321.4
L48651,L,25.350000000000023,36.450000000000045,90.0,1421.0,53.6,122.0,0,0,0,0,0,0,-11.100000000000023,76165.6
L50526,L,28.150000000000034,37.55000000000001,90.0,1761.0,24.3,174.0,0,0,0,0,0,0,-9.399999999999977,42792.3
L53433,L,27.75,37.25,90.0,1615.0,30.9,200.0,0,0,0,0,0,0,-9.5,49903.5
M17713,M,27.350000000000023,36.150000000000034,90.0,1539.0,39.1,216.0,0,0,0,0,0,0,-8.800000000000011,60174.9
M24635,M,25.450000000000045,36.35000000000002,90.0,1684.0,27.8,44.0,0,0,0,0,0,0,-10.899999999999977,46815.200000000004
M21319,M,27.450000000000045,36.85000000000002,90.0,1397.0,55.2,90.0,0,0,0,0,0,0,-9.399999999999977,77114.40000000001
M19737,M,30.55000000000001,39.25,90.0,1546.0,33.7,149.0,0,0,0,0,0,0,-8.699999999999989,52100.200000000004
L52453,L,30.450000000000045,39.950000000000045,90.0,1395.0,44.1,120.0,0,0,0,0,0,0,-9.5,61519.5
L48229,L,23.350000000000023,34.450000000000045,90.0,1415.0,44.2,106.0,0,0,0,0,0,0,-11.100000000000023,62543.00000000001
H36340,H,27.950000000000045,38.450000000000045,90.0,1417.0,53.4,0.0,0,0,0,0,0,0,-10.5,75667.8
L51219,L,28.75,37.650000000000034,90.0,1567.0,39.3,9.0,0,0,0,0,0,0,-8.900000000000034,61583.1
M21735,M,27.650000000000034,38.05000000000001,90.0,1592.0,32.9,82.0,0,0,0,0,0,0,-10.399999999999977,52376.799999999996
M24214,M,25.05000000000001,35.650000000000034,90.0,1607.0,31.9,39.0,0,0,0,0,0,0,-10.600000000000023,51263.299999999996
L49152,L,24.75,34.450000000000045,90.0,1612.0,30.7,134.0,0,0,0,0,0,0,-9.700000000000045,49488.4
L52252,L,30.950000000000045,39.85000000000002,90.0,1408.0,45.3,28.0,0,0,0,0,0,0,-8.899999999999977,63782.399999999994
L49279,L,26.25,36.150000000000034,90.0,1596.0,31.8,40.0,0,0,0,0,0,0,-9.900000000000034,50752.8
L47832,L,24.55000000000001,36.05000000000001,90.0,1391.0,44.5,159.0,0,0,0,0,0,0,-11.5,61899.5
L47422,L,24.850000000000023,35.05000000000001,90.0,1348.0,58.8,202.0,1,0,0,0,1,0,-10.199999999999989,79262.4
L54152,L,27.55000000000001,37.85000000000002,90.0,1377.0,49.9,124.0,0,0,0,0,0,0,-10.300000000000011,68712.3
L49936,L,26.55000000000001,36.05000000000001,90.0,1781.0,29.6,201.0,0,0,0,0,0,0,-9.5,52717.600000000006
L52626,L,29.950000000000045,39.75,90.0,1511.0,40.1,107.0,0,0,0,0,0,0,-9.799999999999955,60591.1
L49256,L,26.25,36.150000000000034,90.0,1544.0,36.0,197.0,0,0,0,0,0,0,-9.900000000000034,55584.0
L51283,L,28.850000000000023,37.25,90.0,1448.0,43.4,167.0,0,0,0,0,0,0,-8.399999999999977,62843.2
L56739,L,26.350000000000023,37.75,90.0,1496.0,38.5,162.0,0,0,0,0,0,0,-11.399999999999977,57596.0
L54751,L,27.150000000000034,37.950000000000045,90.0,1606.0,30.9,156.0,0,0,0,0,0,0,-10.800000000000011,49625.399999999994
L52569,L,29.650000000000034,39.150000000000034,90.0,1366.0,49.1,221.0,0,0,0,0,0,0,-9.5,67070.6
L55784,L,24.25,35.05000000000001,90.0,1297.0,52.1,211.0,0,0,0,0,0,0,-10.800000000000011,67573.7
H37740,H,25.450000000000045,36.35000000000002,90.0,1523.0,34.2,119.0,0,0,0,0,0,0,-10.899999999999977,52086.600000000006
H33492,H,28.950000000000045,37.55000000000001,90.0,1294.0,62.4,101.0,1,0,1,0,0,0,-8.599999999999966,80745.59999999999
M15500,M,24.75,36.450000000000045,90.0,1515.0,38.8,124.0,0,0,0,0,0,0,-11.700000000000045,58781.99999999999
H38911,H,25.950000000000045,36.75,90.0,1443.0,40.3,0.0,0,0,0,0,0,0,-10.799999999999955,58152.899999999994
M18721,M,29.350000000000023,38.35000000000002,90.0,1481.0,41.1,215.0,0,0,0,0,0,0,-9.0,60869.1
L47505,L,24.650000000000034,35.35000000000002,90.0,1699.0,27.8,199.0,0,0,0,0,0,0,-10.699999999999989,47232.200000000004
L49518,L,26.150000000000034,35.150000000000034,90.0,1651.0,28.0,6.0,0,0,0,0,0,0,-9.0,46228.0
M18840,M,29.05000000000001,38.150000000000034,90.0,1375.0,47.0,98.0,0,0,0,0,0,0,-9.100000000000023,64625.0
M21737,M,27.650000000000034,38.05000000000001,90.0,1488.0,40.1,87.0,0,0,0,0,0,0,-10.399999999999977,59668.8
L49417,L,26.150000000000034,35.450000000000045,90.0,1403.0,50.6,189.0,0,0,0,0,0,0,-9.300000000000011,70991.8
L54286,L,27.650000000000034,37.35000000000002,90.0,1482.0,39.0,47.0,0,0,0,0,0,0,-9.699999999999989,57798.0
H34159,H,30.05000000000001,38.05000000000001,90.0,1475.0,43.1,20.0,0,0,0,0,0,0,-8.0,63572.5
L52688,L,29.75,39.05000000000001,90.0,1367.0,55.1,50.0,0,0,0,0,0,0,-9.300000000000011,75321.7
L53476,L,27.850000000000023,37.35000000000002,90.0,1429.0,39.4,98.0,0,0,0,0,0,0,-9.5,56302.6
H34965,H,29.25,38.75,90.0,1366.0,47.3,162.0,0,0,0,0,0,0,-9.5,64611.799999999996
M20583,M,29.150000000000034,38.650000000000034,90.0,1475.0,48.0,180.0,0,0,0,0,0,0,-9.5,70800.0
L56467,L,25.05000000000001,35.75,90.0,1709.0,28.1,81.0,0,0,0,0,0,0,-10.699999999999989,48022.9
L55051,L,27.450000000000045,39.05000000000001,90.0,1308.0,54.7,52.0,0,0,0,0,0,0,-11.599999999999966,71547.6
L49544,L,26.05000000000001,35.35000000000002,90.0,1366.0,49.7,74.0,0,0,0,0,0,0,-9.300000000000011,67890.2
L50393,L,27.25,36.05000000000001,90.0,1752.0,29.0,52.0,0,0,0,0,0,0,-8.800000000000011,50808.0
L56227,L,24.150000000000034,35.25,90.0,1488.0,37.4,69.0,0,0,0,0,0,0,-11.099999999999966,55651.2
L56970,L,25.450000000000045,36.35000000000002,90.0,1483.0,43.2,92.0,0,0,0,0,0,0,-10.899999999999977,64065.600000000006
L54469,L,27.150000000000034,37.450000000000045,90.0,1433.0,53.8,86.0,0,0,0,0,0,0,-10.300000000000011,77095.4
M24818,M,24.950000000000045,34.650000000000034,90.0,1525.0,35.9,132.0,0,0,0,0,0,0,-9.699999999999989,54747.5
L53716,L,28.150000000000034,37.35000000000002,90.0,1406.0,47.1,83.0,0,0,0,0,0,0,-9.199999999999989,66222.6
L56372,L,24.75,35.85000000000002,90.0,1562.0,35.8,40.0,0,0,0,0,0,0,-11.100000000000023,55919.6
L56987,L,25.05000000000001,35.85000000000002,90.0,1413.0,55.0,145.0,0,0,0,0,0,0,-10.800000000000011,77715.0
M15339,M,24.25,35.75,90.0,1323.0,57.3,163.0,0,0,0,0,0,0,-11.5,75807.9
M15522,M,24.450000000000045,35.75,90.0,1479.0,38.1,182.0,0,0,0,0,0,0,-11.299999999999955,56349.9
L51656,L,29.450000000000045,37.25,90.0,1415.0,52.1,12.0,0,0,0,0,0,0,-7.7999999999999545,73721.5
L56162,L,23.850000000000023,34.55000000000001,90.0,1315.0,60.1,128.0,0,0,0,0,0,0,-10.699999999999989,79031.5
L55257,L,27.150000000000034,38.650000000000034,90.0,1547.0,39.7,121.0,0,0,0,0,0,0,-11.5,61415.9
M17848,M,27.450000000000045,36.650000000000034,90.0,1532.0,42.5,130.0,0,0,0,0,0,0,-9.199999999999989,65110.0
L57015,L,25.25,36.150000000000034,90.0,1545.0,36.9,3.0,0,0,0,0,0,0,-10.900000000000034,57010.5
L52183,L,30.55000000000001,39.650000000000034,90.0,1437.0,51.3,42.0,0,0,0,0,0,0,-9.100000000000023,73718.09999999999
M19287,M,29.25,36.950000000000045,90.0,1379.0,48.9,107.0,1,0,1,0,0,0,-7.7000000000000455,67433.09999999999
M22291,M,26.850000000000023,38.25,90.0,1352.0,61.8,10.0,0,0,0,0,0,0,-11.399999999999977,83553.59999999999
L53531,L,26.850000000000023,36.55000000000001,90.0,1542.0,47.1,25.0,0,0,0,0,0,0,-9.699999999999989,72628.2
H32083,H,26.55000000000001,36.150000000000034,90.0,1494.0,37.8,214.0,0,0,0,0,0,0,-9.600000000000023,56473.2
L52439,L,30.350000000000023,39.75,90.0,1544.0,36.9,87.0,0,0,0,0,0,0,-9.399999999999977,56973.6
L47459,L,24.850000000000023,34.950000000000045,90.0,1819.0,23.4,78.0,0,0,0,0,0,0,-10.100000000000023,42564.6
M21590,M,28.450000000000045,37.85000000000002,90.0,1431.0,42.3,129.0,0,0,0,0,0,0,-9.399999999999977,60531.299999999996
L54200,L,27.650000000000034,37.650000000000034,90.0,1460.0,53.8,41.0,0,0,0,0,0,0,-10.0,78548.0
L48874,L,24.850000000000023,34.35000000000002,90.0,1618.0,35.2,31.0,0,0,0,0,0,0,-9.5,56953.600000000006
M18339,M,28.650000000000034,37.650000000000034,90.0,1619.0,31.0,76.0,0,0,0,0,0,0,-9.0,50189.0
M19276,M,29.450000000000045,37.25,90.0,1532.0,36.1,77.0,0,0,0,0,0,0,-7.7999999999999545,55305.200000000004
L54960,L,27.25,38.450000000000045,90.0,1815.0,23.5,49.0,0,0,0,0,0,0,-11.200000000000045,42652.5
L51773,L,29.850000000000023,38.05000000000001,90.0,1409.0,41.9,98.0,0,0,0,0,0,0,-8.199999999999989,59037.1
L49389,L,26.650000000000034,36.150000000000034,90.0,1386.0,49.4,116.0,0,0,0,0,0,0,-9.5,68468.4
L52681,L,29.55000000000001,38.950000000000045,90.0,1543.0,37.5,33.0,0,0,0,0,0,0,-9.400000000000034,57862.5
L47364,L,25.05000000000001,35.05000000000001,90.0,1667.0,30.6,59.0,0,0,0,0,0,0,-10.0,51010.200000000004
M19660,M,30.350000000000023,39.35000000000002,90.0,1353.0,51.0,172.0,0,0,0,0,0,0,-9.0,69003.0
M19705,M,30.150000000000034,38.650000000000034,90.0,1583.0,33.3,72.0,0,0,0,0,0,0,-8.5,52713.899999999994
L49530,L,26.150000000000034,35.450000000000045,90.0,1744.0,26.4,33.0,0,0,0,0,0,0,-9.300000000000011,46041.6
M15413,M,24.25,36.150000000000034,90.0,1564.0,36.0,126.0,0,0,0,0,0,0,-11.900000000000034,56304.0
L48564,L,25.75,37.150000000000034,90.0,1484.0,43.8,124.0,0,0,0,0,0,0,-11.400000000000034,64999.2
M24042,M,24.650000000000034,35.85000000000002,90.0,1576.0,45.0,17.0,0,0,0,0,0,0,-11.199999999999989,70920.0
M24677,M,25.350000000000023,36.150000000000034,90.0,1465.0,42.4,173.0,0,0,0,0,0,0,-10.800000000000011,62116.0
L47477,L,24.850000000000023,35.35000000000002,90.0,1713.0,25.3,124.0,0,0,0,0,0,0,-10.5,43338.9
H29857,H,24.25,35.35000000000002,90.0,1469.0,45.1,63.0,0,0,0,0,0,0,-11.100000000000023,66251.90000000001
L54518,L,26.650000000000034,37.35000000000002,90.0,1496.0,38.8,215.0,0,0,0,0,0,0,-10.699999999999989,58044.799999999996
L49257,L,26.25,36.25,90.0,1701.0,31.2,199.0,0,0,0,0,0,0,-10.0,53071.2
M22675,M,26.75,38.150000000000034,90.0,1703.0,28.4,134.0,0,0,0,0,0,0,-11.400000000000034,48365.2
H31951,H,25.75,35.55000000000001,90.0,1353.0,48.1,79.0,0,0,0,0,0,0,-9.800000000000011,65079.3
L56716,L,26.150000000000034,37.35000000000002,90.0,1818.0,26.0,102.0,0,0,0,0,0,0,-11.199999999999989,47268.0
L53623,L,27.650000000000034,37.150000000000034,90.0,1537.0,33.3,52.0,0,0,0,0,0,0,-9.5,51182.1
H32781,H,28.350000000000023,37.55000000000001,90.0,1790.0,26.2,8.0,0,0,0,0,0,0,-9.199999999999989,46898.0
L49758,L,26.25,36.150000000000034,90.0,1391.0,46.6,185.0,0,0,0,0,0,0,-9.900000000000034,64820.6
M16231,M,25.55000000000001,37.150000000000034,90.0,1495.0,38.7,88.0,0,0,0,0,0,0,-11.600000000000023,57856.50000000001
L52325,L,31.350000000000023,40.55000000000001,90.0,1670.0,32.9,7.0,0,0,0,0,0,0,-9.199999999999989,54943.0
M15767,M,22.450000000000045,32.950000000000045,90.0,1669.0,29.0,161.0,0,0,0,0,0,0,-10.5,48401.0
L56606,L,24.950000000000045,35.55000000000001,90.0,1341.0,55.7,30.0,0,0,0,0,0,0,-10.599999999999966,74693.7
M21005,M,27.950000000000045,37.950000000000045,90.0,1436.0,41.8,156.0,0,0,0,0,0,0,-10.0,60024.799999999996
M23268,M,25.350000000000023,36.450000000000045,90.0,1572.0,33.0,127.0,0,0,0,0,0,0,-11.100000000000023,51876.0
M21003,M,27.850000000000023,37.75,90.0,1575.0,34.6,150.0,0,0,0,0,0,0,-9.899999999999977,54495.0
L47195,L,25.450000000000045,36.05000000000001,90.0,1542.0,48.4,42.0,0,0,0,0,0,0,-10.599999999999966,74632.8
H29557,H,25.450000000000045,35.25,90.0,1407.0,50.5,164.0,0,0,0,0,0,0,-9.799999999999955,71053.5
L49543,L,26.150000000000034,35.35000000000002,90.0,1510.0,45.4,72.0,0,0,0,0,0,0,-9.199999999999989,68554.0
L47309,L,25.75,35.35000000000002,90.0,1559.0,34.3,126.0,0,0,0,0,0,0,-9.600000000000023,53473.7
M20989,M,27.850000000000023,37.85000000000002,90.0,1508.0,46.9,113.0,0,0,0,0,0,0,-10.0,70725.2
M19525,M,30.25,38.25,90.0,1307.0,54.0,44.0,1,0,1,0,0,0,-8.0,70578.0
L52840,L,29.05000000000001,38.25,90.0,1477.0,41.7,15.0,0,0,0,0,0,0,-9.199999999999989,61590.9
L53640,L,27.450000000000045,36.85000000000002,90.0,1313.0,52.9,93.0,0,0,0,0,0,0,-9.399999999999977,69457.7
L49056,L,25.150000000000034,34.85000000000002,90.0,1242.0,62.0,98.0,0,0,0,0,0,0,-9.699999999999989,77004.0
L56541,L,24.850000000000023,35.450000000000045,90.0,1610.0,33.1,56.0,0,0,0,0,0,0,-10.600000000000023,53291.0
L48362,L,24.150000000000034,35.150000000000034,90.0,1410.0,48.1,23.0,0,0,0,0,0,0,-11.0,67821.0
L53315,L,27.850000000000023,37.75,90.0,1740.0,28.9,129.0,0,0,0,0,0,0,-9.899999999999977,50286.0
M16030,M,23.950000000000045,34.950000000000045,90.0,1823.0,24.3,219.0,0,0,0,0,0,0,-11.0,44298.9
L55220,L,27.650000000000034,38.75,90.0,1498.0,39.3,23.0,0,0,0,0,0,0,-11.099999999999966,58871.399999999994
M19720,M,30.450000000000045,39.25,90.0,1504.0,49.5,109.0,0,0,0,0,0,0,-8.799999999999955,74448.0
L56435,L,25.05000000000001,35.85000000000002,90.0,1651.0,31.5,197.0,0,0,0,0,0,0,-10.800000000000011,52006.5
H37759,H,25.650000000000034,36.650000000000034,90.0,1490.0,35.9,171.0,0,0,0,0,0,0,-11.0,53491.0
L52044,L,30.450000000000045,39.150000000000034,90.0,1451.0,43.4,119.0,0,0,0,0,0,0,-8.699999999999989,62973.4
H35802,H,27.150000000000034,36.75,90.0,1509.0,46.6,125.0,0,0,0,0,0,0,-9.599999999999966,70319.40000000001
L47567,L,24.55000000000001,35.55000000000001,90.0,1249.0,60.4,143.0,0,0,0,0,0,0,-11.0,75439.59999999999
L54965,L,27.05000000000001,38.35000000000002,90.0,1383.0,42.1,60.0,0,0,0,0,0,0,-11.300000000000011,58224.3
L55032,L,27.150000000000034,38.55000000000001,90.0,1515.0,37.5,5.0,0,0,0,0,0,0,-11.399999999999977,56812.5
M18879,M,28.850000000000023,37.75,90.0,1558.0,45.3,193.0,0,0,0,0,0,0,-8.899999999999977,70577.4
L47871,L,24.55000000000001,35.950000000000045,90.0,1563.0,39.3,56.0,0,0,0,0,0,0,-11.400000000000034,61425.899999999994
L53838,L,28.25,37.25,90.0,1430.0,50.9,178.0,0,0,0,0,0,0,-9.0,72787.0
M24300,M,24.950000000000045,35.650000000000034,90.0,1378.0,53.5,65.0,0,0,0,0,0,0,-10.699999999999989,73723.0
L51119,L,29.350000000000023,38.450000000000045,90.0,1400.0,54.0,196.0,0,0,0,0,0,0,-9.100000000000023,75600.0
L52437,L,30.350000000000023,39.85000000000002,90.0,1482.0,38.5,82.0,0,0,0,0,0,0,-9.5,57057.0
L51149,L,29.150000000000034,38.25,90.0,1504.0,38.7,65.0,0,0,0,0,0,0,-9.099999999999966,58204.8
M16047,M,24.25,35.450000000000045,90.0,1522.0,38.0,33.0,0,0,0,0,0,0,-11.200000000000045,57836.0
H38287,H,24.850000000000023,35.950000000000045,90.0,1557.0,36.4,65.0,0,0,0,0,0,0,-11.100000000000023,56674.799999999996
L51764,L,29.650000000000034,37.950000000000045,90.0,1550.0,32.3,76.0,0,0,0,0,0,0,-8.300000000000011,50064.99999999999
L51503,L,28.650000000000034,37.150000000000034,90.0,1341.0,50.5,64.0,1,0,1,0,0,0,-8.5,67720.5
L52684,L,29.650000000000034,39.05000000000001,90.0,1458.0,51.0,42.0,0,0,0,0,0,0,-9.399999999999977,74358.0
M21934,M,27.55000000000001,37.450000000000045,90.0,1488.0,39.2,189.0,0,0,0,0,0,0,-9.900000000000034,58329.600000000006
M22885,M,27.650000000000034,38.85000000000002,90.0,1422.0,50.7,219.0,0,0,0,0,0,0,-11.199999999999989,72095.40000000001
H30339,H,22.450000000000045,32.950000000000045,90.0,1623.0,30.9,210.0,0,0,0,0,0,0,-10.5,50150.7
L53631,L,27.55000000000001,37.05000000000001,90.0,1696.0,27.5,73.0,0,0,0,0,0,0,-9.5,46640.0
L51651,L,29.650000000000034,37.450000000000045,90.0,1670.0,29.1,2.0,0,0,0,0,0,0,-7.800000000000011,48597.0
H34582,H,30.950000000000045,40.25,90.0,1696.0,29.6,65.0,0,0,0,0,0,0,-9.299999999999955,50201.600000000006
M23153,M,25.75,37.25,90.0,1533.0,44.4,24.0,0,0,0,0,0,0,-11.5,68065.2
L49082,L,24.850000000000023,34.450000000000045,90.0,1694.0,29.1,169.0,0,0,0,0,0,0,-9.600000000000023,49295.4
L52753,L,29.350000000000023,39.05000000000001,90.0,1738.0,25.3,14.0,0,0,0,0,0,0,-9.699999999999989,43971.4
M21785,M,27.950000000000045,38.450000000000045,90.0,1266.0,55.5,210.0,0,0,0,0,0,0,-10.5,70263.0
L55637,L,25.450000000000045,36.75,90.0,1393.0,45.5,38.0,0,0,0,0,0,0,-11.299999999999955,63381.5
L55336,L,26.450000000000045,37.650000000000034,90.0,1644.0,30.9,114.0,0,0,0,0,0,0,-11.199999999999989,50799.6
L55073,L,27.75,39.55000000000001,90.0,1416.0,43.8,112.0,0,0,0,0,0,0,-11.800000000000011,62020.799999999996
L48733,L,25.350000000000023,35.650000000000034,90.0,1332.0,59.1,115.0,0,0,0,0,0,0,-10.300000000000011,78721.2
H30197,H,23.55000000000001,34.75,90.0,1579.0,33.4,50.0,0,0,0,0,0,0,-11.199999999999989,52738.6
M17926,M,26.950000000000045,36.05000000000001,90.0,1457.0,44.3,98.0,0,0,0,0,0,0,-9.099999999999966,64545.1
L51910,L,30.150000000000034,38.55000000000001,90.0,1508.0,35.5,217.0,0,0,0,0,0,0,-8.399999999999977,53534.0
M16661,M,24.850000000000023,34.35000000000002,90.0,1427.0,43.6,101.0,0,0,0,0,0,0,-9.5,62217.200000000004
M20934,M,27.850000000000023,37.650000000000034,90.0,1533.0,39.3,194.0,0,0,0,0,0,0,-9.800000000000011,60246.899999999994
M22923,M,27.150000000000034,38.55000000000001,90.0,1551.0,36.4,84.0,0,0,0,0,0,0,-11.399999999999977,56456.399999999994
M20910,M,27.75,37.950000000000045,90.0,1546.0,37.7,133.0,0,0,0,0,0,0,-10.200000000000045,58284.200000000004
L55548,L,25.75,36.650000000000034,90.0,1534.0,42.1,23.0,0,0,0,0,0,0,-10.900000000000034,64581.4
L53197,L,27.650000000000034,37.75,90.0,1398.0,38.2,50.0,0,0,0,0,0,0,-10.099999999999966,53403.600000000006
L57111,L,25.150000000000034,35.150000000000034,90.0,1432.0,46.9,65.0,0,0,0,0,0,0,-10.0,67160.8
M23629,M,24.25,35.450000000000045,90.0,1452.0,41.2,197.0,0,0,0,0,0,0,-11.200000000000045,59822.4
M22363,M,27.150000000000034,38.55000000000001,90.0,1646.0,28.9,198.0,0,0,0,0,0,0,-11.399999999999977,47569.399999999994
L48789,L,24.55000000000001,34.55000000000001,90.0,1581.0,34.9,31.0,0,0,0,0,0,0,-10.0,55176.899999999994
L50276,L,26.75,36.05000000000001,90.0,1560.0,38.9,180.0,0,0,0,0,0,0,-9.300000000000011,60684.0
M24631,M,25.55000000000001,36.450000000000045,90.0,1424.0,50.4,32.0,0,0,0,0,0,0,-10.900000000000034,71769.59999999999
L51305,L,28.950000000000045,37.450000000000045,90.0,1439.0,40.0,7.0,0,0,0,0,0,0,-8.5,57560.0
L50426,L,27.850000000000023,36.55000000000001,90.0,1468.0,42.0,141.0,0,0,0,0,0,0,-8.699999999999989,61656.0
L53605,L,27.150000000000034,36.75,90.0,1393.0,56.1,12.0,0,0,0,0,0,0,-9.599999999999966,78147.3
L52488,L,30.850000000000023,40.05000000000001,90.0,1481.0,42.6,213.0,0,0,0,0,0,0,-9.199999999999989,63090.6
H36877,H,26.950000000000045,38.25,90.0,1518.0,46.9,87.0,0,0,0,0,0,0,-11.299999999999955,71194.2
L56337,L,24.350000000000023,35.35000000000002,90.0,1462.0,52.3,148.0,0,0,0,0,0,0,-11.0,76462.59999999999
H32755,H,28.25,37.55000000000001,90.0,1329.0,52.0,160.0,0,0,0,0,0,0,-9.300000000000011,69108.0
L54865,L,27.650000000000034,38.55000000000001,90.0,1397.0,43.5,227.0,0,0,0,0,0,0,-10.899999999999977,60769.5
H39075,H,25.850000000000023,36.85000000000002,90.0,1458.0,44.9,221.0,0,0,0,0,0,0,-11.0,65464.2
L49377,L,26.55000000000001,35.85000000000002,90.0,1412.0,49.2,85.0,0,0,0,0,0,0,-9.300000000000011,69470.40000000001
L51231,L,28.650000000000034,37.650000000000034,90.0,1383.0,46.4,37.0,0,0,0,0,0,0,-9.0,64171.2
H35468,H,27.55000000000001,37.650000000000034,90.0,1518.0,40.1,142.0,0,0,0,0,0,0,-10.100000000000023,60871.8
M21711,M,27.850000000000023,38.05000000000001,90.0,1394.0,41.3,16.0,0,0,0,0,0,0,-10.199999999999989,57572.2
L47905,L,24.25,35.650000000000034,90.0,1640.0,34.2,142.0,0,0,0,0,0,0,-11.400000000000034,56088.00000000001
L52114,L,30.25,39.05000000000001,90.0,1580.0,35.8,90.0,0,0,0,0,0,0,-8.800000000000011,56563.99999999999
M15838,M,23.05000000000001,33.650000000000034,90.0,1526.0,42.3,129.0,0,0,0,0,0,0,-10.600000000000023,64549.799999999996
L47988,L,23.75,34.55000000000001,90.0,1424.0,43.3,120.0,0,0,0,0,0,0,-10.800000000000011,61659.2
M16335,M,25.25,36.35000000000002,90.0,1519.0,35.4,133.0,0,0,0,0,0,0,-11.100000000000023,53772.6
L53115,L,27.350000000000023,37.35000000000002,90.0,1646.0,34.5,63.0,0,0,0,0,0,0,-10.0,56787.0
L56216,L,24.150000000000034,35.150000000000034,90.0,1519.0,37.7,45.0,0,0,0,0,0,0,-11.0,57266.3
L54515,L,26.75,37.25,90.0,1328.0,49.9,206.0,0,0,0,0,0,0,-10.5,66267.2
L51142,L,29.25,38.35000000000002,90.0,1785.0,24.8,45.0,0,0,0,0,0,0,-9.100000000000023,44268.0
L53602,L,27.150000000000034,36.75,90.0,1377.0,55.3,4.0,0,0,0,0,0,0,-9.599999999999966,76148.09999999999
L52085,L,30.450000000000045,39.25,90.0,1363.0,53.1,7.0,0,0,0,0,0,0,-8.799999999999955,72375.3
H30649,H,23.950000000000045,35.25,90.0,1654.0,31.4,171.0,0,0,0,0,0,0,-11.299999999999955,51935.6
H30639,H,23.950000000000045,35.150000000000034,90.0,1492.0,41.5,141.0,0,0,0,0,0,0,-11.199999999999989,61918.0
H37463,H,27.450000000000045,38.75,90.0,1604.0,30.5,45.0,0,0,0,0,0,0,-11.299999999999955,48922.0
L55851,L,24.350000000000023,35.650000000000034,90.0,1530.0,37.8,157.0,0,0,0,0,0,0,-11.300000000000011,57833.99999999999
L47467,L,25.05000000000001,35.150000000000034,90.0,1805.0,31.6,96.0,0,0,0,0,0,0,-10.100000000000023,57038.0
M19883,M,30.850000000000023,39.85000000000002,90.0,1575.0,34.5,92.0,0,0,0,0,0,0,-9.0,54337.5
L50146,L,27.450000000000045,36.150000000000034,90.0,1601.0,40.2,69.0,0,0,0,0,0,0,-8.699999999999989,64360.200000000004
L50344,L,27.25,36.55000000000001,90.0,1685.0,31.3,152.0,0,0,0,0,0,0,-9.300000000000011,52740.5
L56067,L,24.650000000000034,35.75,90.0,1530.0,37.6,106.0,0,0,0,0,0,0,-11.099999999999966,57528.0
M16517,M,24.950000000000045,34.85000000000002,90.0,1374.0,48.8,156.0,0,0,0,0,0,0,-9.899999999999977,67051.2
L49155,L,24.850000000000023,34.55000000000001,90.0,1422.0,45.6,140.0,0,0,0,0,0,0,-9.699999999999989,64843.200000000004
L55210,L,27.450000000000045,38.85000000000002,90.0,1490.0,42.2,3.0,0,0,0,0,0,0,-11.399999999999977,62878.00000000001
L51876,L,30.25,38.450000000000045,90.0,1449.0,41.7,132.0,0,0,0,0,0,0,-8.200000000000045,60423.3
M18541,M,28.950000000000045,38.150000000000034,90.0,1453.0,45.1,174.0,0,0,0,0,0,0,-9.199999999999989,65530.3
L47837,L,24.55000000000001,36.05000000000001,90.0,1365.0,58.6,170.0,0,0,0,0,0,0,-11.5,79989.0
L50481,L,28.150000000000034,37.35000000000002,90.0,1365.0,47.7,70.0,0,0,0,0,0,0,-9.199999999999989,65110.50000000001
L55471,L,25.75,37.35000000000002,90.0,1717.0,26.9,17.0,0,0,0,0,0,0,-11.600000000000023,46187.299999999996
M22357,M,27.150000000000034,38.650000000000034,90.0,1483.0,45.1,181.0,0,0,0,0,0,0,-11.5,66883.3
M19058,M,29.25,37.950000000000045,90.0,1432.0,44.5,195.0,0,0,0,0,0,0,-8.700000000000045,63724.0
L49598,L,25.75,35.150000000000034,90.0,1660.0,34.4,9.0,0,0,0,0,0,0,-9.400000000000034,57104.0
M22342,M,27.05000000000001,38.450000000000045,90.0,1510.0,47.5,146.0,0,0,0,0,0,0,-11.400000000000034,71725.0
L48141,L,22.650000000000034,33.35000000000002,90.0,1493.0,40.5,90.0,0,0,0,0,0,0,-10.699999999999989,60466.5
M16440,M,25.150000000000034,35.25,90.0,1444.0,47.5,178.0,0,0,0,0,0,0,-10.099999999999966,68590.0
L52187,L,30.650000000000034,39.75,90.0,1442.0,48.3,52.0,0,0,0,0,0,0,-9.099999999999966,69648.59999999999
L49386,L,26.75,36.05000000000001,90.0,1436.0,52.0,107.0,0,0,0,0,0,0,-9.300000000000011,74672.0
M21172,M,27.75,37.05000000000001,90.0,1533.0,38.1,137.0,0,0,0,0,0,0,-9.300000000000011,58407.3
M24422,M,26.55000000000001,37.85000000000002,90.0,1435.0,50.1,168.0,0,0,0,0,0,0,-11.300000000000011,71893.5
L51411,L,29.05000000000001,37.650000000000034,90.0,1340.0,47.8,54.0,0,0,0,0,0,0,-8.600000000000023,64051.99999999999
L47937,L,23.75,34.950000000000045,90.0,1555.0,33.7,229.0,0,0,0,0,0,0,-11.200000000000045,52403.50000000001
L49464,L,26.05000000000001,35.35000000000002,90.0,1378.0,53.4,100.0,0,0,0,0,0,0,-9.300000000000011,73585.2
L53843,L,28.150000000000034,37.25,90.0,1504.0,47.2,193.0,0,0,0,0,0,0,-9.099999999999966,70988.8
L51935,L,30.25,38.55000000000001,90.0,1295.0,51.3,51.0,1,0,1,0,0,0,-8.300000000000011,66433.5
L55391,L,26.05000000000001,37.450000000000045,90.0,1675.0,33.3,28.0,0,0,0,0,0,0,-11.400000000000034,55777.49999999999
M21435,M,28.25,37.35000000000002,90.0,1451.0,45.3,183.0,0,0,0,0,0,0,-9.100000000000023,65730.3
H37133,H,27.450000000000045,38.55000000000001,90.0,1535.0,33.3,92.0,0,0,0,0,0,0,-11.099999999999966,51115.49999999999
H31859,H,26.05000000000001,35.55000000000001,90.0,1375.0,55.1,78.0,0,0,0,0,0,0,-9.5,75762.5
M20735,M,28.350000000000023,37.85000000000002,90.0,1577.0,39.7,118.0,0,0,0,0,0,0,-9.5,62606.9
L55343,L,26.55000000000001,37.950000000000045,90.0,1574.0,36.4,135.0,0,0,0,0,0,0,-11.400000000000034,57293.6
L48253,L,23.850000000000023,34.650000000000034,90.0,1414.0,47.5,168.0,0,0,0,0,0,0,-10.800000000000011,67165.0
L49271,L,26.25,36.05000000000001,90.0,1433.0,42.1,22.0,0,0,0,0,0,0,-9.800000000000011,60329.3
M19387,M,29.25,37.35000000000002,90.0,1372.0,45.7,144.0,1,0,1,0,0,0,-8.100000000000023,62700.4
L54382,L,26.850000000000023,36.55000000000001,90.0,1326.0,61.9,80.0,0,0,0,0,0,0,-9.699999999999989,82079.4
L53975,L,28.25,37.650000000000034,90.0,1477.0,50.4,90.0,0,0,0,0,0,0,-9.400000000000034,74440.8
M22097,M,26.650000000000034,36.85000000000002,90.0,1632.0,33.7,172.0,0,0,0,0,0,0,-10.199999999999989,54998.4
L54602,L,26.850000000000023,38.05000000000001,90.0,1351.0,44.1,206.0,0,0,0,0,0,0,-11.199999999999989,59579.1
L54029,L,27.950000000000045,38.150000000000034,90.0,1498.0,37.6,11.0,0,0,0,0,0,0,-10.199999999999989,56324.8
L48183,L,23.05000000000001,33.950000000000045,90.0,1444.0,46.7,194.0,0,0,0,0,0,0,-10.900000000000034,67434.8
H35028,H,29.850000000000023,39.05000000000001,90.0,1624.0,28.8,117.0,0,0,0,0,0,0,-9.199999999999989,46771.200000000004
L51831,L,30.05000000000001,38.25,90.0,1349.0,51.1,9.0,1,0,1,0,0,0,-8.199999999999989,68933.90000000001
M22467,M,27.350000000000023,38.150000000000034,90.0,1468.0,41.1,34.0,0,0,0,0,0,0,-10.800000000000011,60334.8
M15569,M,24.450000000000045,35.650000000000034,90.0,1357.0,49.7,104.0,0,0,0,0,0,0,-11.199999999999989,67442.90000000001
L56986,L,25.150000000000034,35.950000000000045,90.0,1417.0,60.5,143.0,0,0,0,0,0,0,-10.800000000000011,85728.5
L55222,L,27.650000000000034,38.75,90.0,1486.0,45.1,30.0,0,0,0,0,0,0,-11.099999999999966,67018.6
L54391,L,26.650000000000034,36.55000000000001,90.0,1431.0,40.3,101.0,0,0,0,0,0,0,-9.899999999999977,57669.299999999996
L55494,L,25.650000000000034,36.75,90.0,1739.0,30.6,83.0,0,0,0,0,0,0,-11.099999999999966,53213.4
M20324,M,29.75,39.25,90.0,1659.0,33.1,152.0,0,0,0,0,0,0,-9.5,54912.9
H29682,H,24.75,34.85000000000002,90.0,1800.0,24.8,44.0,0,0,0,0,0,0,-10.100000000000023,44640.0
L50760,L,28.650000000000034,37.450000000000045,90.0,1650.0,31.9,126.0,0,0,0,0,0,0,-8.800000000000011,52635.0
M20209,M,30.150000000000034,39.55000000000001,90.0,1642.0,33.6,104.0,0,0,0,0,0,0,-9.399999999999977,55171.200000000004
L54470,L,27.150000000000034,37.450000000000045,90.0,1806.0,24.4,88.0,0,0,0,0,0,0,-10.300000000000011,44066.399999999994
M21461,M,28.350000000000023,37.55000000000001,90.0,1347.0,47.9,29.0,0,0,0,0,0,0,-9.199999999999989,64521.299999999996
L47769,L,24.450000000000045,36.25,90.0,1491.0,40.2,231.0,0,0,0,0,0,0,-11.799999999999955,59938.200000000004
M21521,M,28.150000000000034,37.25,90.0,1501.0,39.8,187.0,0,0,0,0,0,0,-9.099999999999966,59739.799999999996
L54836,L,27.350000000000023,38.450000000000045,90.0,1541.0,47.8,156.0,0,0,0,0,0,0,-11.100000000000023,73659.79999999999
M21756,M,27.850000000000023,38.450000000000045,90.0,1454.0,40.0,140.0,0,0,0,0,0,0,-10.600000000000023,58160.0
L54774,L,27.450000000000045,38.150000000000034,90.0,1531.0,38.5,0.0,0,0,0,0,0,0,-10.699999999999989,58943.5
M21678,M,27.850000000000023,37.55000000000001,90.0,1657.0,29.9,148.0,0,0,0,0,0,0,-9.699999999999989,49544.299999999996
H34710,H,30.650000000000034,40.05000000000001,90.0,1379.0,50.2,178.0,0,0,0,0,0,0,-9.399999999999977,69225.8
H36517,H,27.650000000000034,37.150000000000034,90.0,1777.0,30.1,38.0,0,0,0,0,0,0,-9.5,53487.700000000004
M19894,M,30.75,39.950000000000045,90.0,1514.0,41.1,121.0,0,0,0,0,0,0,-9.200000000000045,62225.4
L49612,L,25.75,35.05000000000001,90.0,1510.0,43.5,46.0,0,0,0,0,0,0,-9.300000000000011,65685.0
L53499,L,27.650000000000034,37.05000000000001,90.0,1514.0,40.0,155.0,0,0,0,0,0,0,-9.399999999999977,60560.0
L53299,L,27.75,37.950000000000045,90.0,1471.0,39.3,91.0,0,0,0,0,0,0,-10.200000000000045,57810.299999999996
M16471,M,24.650000000000034,34.75,90.0,1726.0,27.3,35.0,0,0,0,0,0,0,-10.099999999999966,47119.8
M21334,M,27.350000000000023,36.55000000000001,90.0,1347.0,54.3,136.0,0,0,0,0,0,0,-9.199999999999989,73142.09999999999
M23133,M,25.850000000000023,37.450000000000045,90.0,1787.0,22.2,192.0,0,0,0,0,0,0,-11.600000000000023,39671.4
H34115,H,30.350000000000023,38.55000000000001,90.0,1584.0,32.7,143.0,0,0,0,0,0,0,-8.199999999999989,51796.8
M19859,M,30.55000000000001,39.75,90.0,1532.0,41.3,32.0,0,0,0,0,0,0,-9.199999999999989,63271.6
M19955,M,30.950000000000045,40.35000000000002,90.0,1428.0,39.9,88.0,0,0,0,0,0,0,-9.399999999999977,56977.2
L56797,L,25.850000000000023,37.05000000000001,90.0,1516.0,35.3,102.0,0,0,0,0,0,0,-11.199999999999989,53514.799999999996
L49979,L,27.150000000000034,36.450000000000045,90.0,1404.0,44.6,87.0,0,0,0,0,0,0,-9.300000000000011,62618.4
H29998,H,24.450000000000045,36.450000000000045,90.0,1419.0,48.2,215.0,0,0,0,0,0,0,-12.0,68395.8
M18128,M,28.150000000000034,36.950000000000045,90.0,1525.0,37.8,199.0,0,0,0,0,0,0,-8.800000000000011,57644.99999999999
L48440,L,24.450000000000045,35.85000000000002,90.0,1528.0,33.8,22.0,0,0,0,0,0,0,-11.399999999999977,51646.399999999994
M21065,M,27.75,37.55000000000001,90.0,1696.0,27.3,76.0,0,0,0,0,0,0,-9.800000000000011,46300.8
L54969,L,27.05000000000001,38.35000000000002,90.0,1495.0,38.5,69.0,0,0,0,0,0,0,-11.300000000000011,57557.5
M21318,M,27.450000000000045,36.85000000000002,90.0,1302.0,62.9,87.0,0,0,0,0,0,0,-9.399999999999977,81895.8
M21066,M,27.650000000000034,37.450000000000045,90.0,1669.0,28.4,79.0,0,0,0,0,0,0,-9.800000000000011,47399.6
L53062,L,28.25,37.950000000000045,90.0,1469.0,36.9,133.0,0,0,0,0,0,0,-9.700000000000045,54206.1
H34082,H,30.150000000000034,38.25,90.0,1692.0,27.9,55.0,0,0,0,0,0,0,-8.099999999999966,47206.799999999996
M19158,M,28.650000000000034,37.05000000000001,90.0,1437.0,42.3,0.0,0,0,0,0,0,0,-8.399999999999977,60785.1
H33197,H,29.05000000000001,37.650000000000034,90.0,1397.0,47.6,11.0,0,0,0,0,0,0,-8.600000000000023,66497.2
L55534,L,25.450000000000045,36.450000000000045,90.0,1390.0,50.3,196.0,0,0,0,0,0,0,-11.0,69917.0
M18483,M,28.850000000000023,38.150000000000034,90.0,1530.0,36.4,27.0,0,0,0,0,0,0,-9.300000000000011,55692.0
H36453,H,27.450000000000045,37.35000000000002,90.0,1519.0,37.0,91.0,0,0,0,0,0,0,-9.899999999999977,56203.0
M19782,M,30.25,39.05000000000001,90.0,1615.0,35.7,56.0,0,0,0,0,0,0,-8.800000000000011,57655.50000000001
L52254,L,30.950000000000045,39.950000000000045,90.0,1666.0,34.6,33.0,0,0,0,0,0,0,-9.0,57643.600000000006
L47270,L,25.75,35.75,90.0,1753.0,25.8,33.0,0,0,0,0,0,0,-10.0,45227.4
L53154,L,27.350000000000023,37.55000000000001,90.0,1488.0,39.4,159.0,0,0,0,0,0,0,-10.199999999999989,58627.2
H35832,H,27.150000000000034,36.75,90.0,1405.0,52.1,205.0,0,0,0,0,0,0,-9.599999999999966,73200.5
L55820,L,24.450000000000045,35.450000000000045,90.0,1383.0,47.5,75.0,0,0,0,0,0,0,-11.0,65692.5
L55870,L,23.950000000000045,35.35000000000002,90.0,1323.0,44.4,207.0,1,1,0,0,0,0,-11.399999999999977,58741.2
H31531,H,26.25,35.75,90.0,1762.0,29.3,91.0,0,0,0,0,0,0,-9.5,51626.6
L50117,L,27.55000000000001,36.450000000000045,90.0,1810.0,26.0,195.0,0,0,0,0,0,0,-8.900000000000034,47060.0
L54022,L,28.05000000000001,38.05000000000001,90.0,1635.0,29.6,211.0,0,0,0,0,0,0,-10.0,48396.0
L48163,L,23.05000000000001,33.75,90.0,1526.0,34.9,140.0,0,0,0,0,0,0,-10.699999999999989,53257.4
H39399,H,25.55000000000001,35.35000000000002,90.0,1572.0,35.6,202.0,0,0,0,0,0,0,-9.800000000000011,55963.200000000004
M17785,M,27.55000000000001,36.450000000000045,90.0,1388.0,51.1,160.0,0,0,0,0,0,0,-8.900000000000034,70926.8
H35475,H,27.950000000000045,37.950000000000045,90.0,1618.0,29.5,160.0,0,0,0,0,0,0,-10.0,47731.0
L53627,L,27.450000000000045,36.950000000000045,90.0,1337.0,45.8,62.0,0,0,0,0,0,0,-9.5,61234.6
L54218,L,27.55000000000001,37.450000000000045,90.0,1654.0,34.2,89.0,0,0,0,0,0,0,-9.900000000000034,56566.8
L47807,L,25.25,36.950000000000045,90.0,1455.0,42.2,94.0,0,0,0,0,0,0,-11.700000000000045,61401.00000000001
L55188,L,27.650000000000034,38.75,90.0,1414.0,41.1,171.0,0,0,0,0,0,0,-11.099999999999966,58115.4
M19985,M,31.150000000000034,40.35000000000002,90.0,1416.0,48.1,167.0,0,0,0,0,0,0,-9.199999999999989,68109.6
L55323,L,26.55000000000001,37.75,90.0,1477.0,40.4,83.0,0,0,0,0,0,0,-11.199999999999989,59670.799999999996
L56774,L,25.950000000000045,37.150000000000034,90.0,1727.0,28.7,43.0,0,0,0,0,0,0,-11.199999999999989,49564.9
L48449,L,24.950000000000045,36.35000000000002,90.0,1467.0,41.8,48.0,0,0,0,0,0,0,-11.399999999999977,61320.6
L48891,L,25.05000000000001,34.650000000000034,90.0,1355.0,51.3,70.0,0,0,0,0,0,0,-9.600000000000023,69511.5
M22722,M,27.350000000000023,38.85000000000002,90.0,1382.0,54.1,27.0,0,0,0,0,0,0,-11.5,74766.2
L51415,L,29.05000000000001,37.650000000000034,90.0,1438.0,41.4,66.0,0,0,0,0,0,0,-8.600000000000023,59533.2
L53237,L,27.650000000000034,37.650000000000034,90.0,1689.0,32.9,151.0,0,0,0,0,0,0,-10.0,55568.1
L56498,L,25.350000000000023,36.25,90.0,1364.0,44.5,162.0,0,0,0,0,0,0,-10.899999999999977,60698.0
H35428,H,27.650000000000034,37.650000000000034,90.0,1618.0,32.8,40.0,0,0,0,0,0,0,-10.0,53070.399999999994
M16837,M,24.950000000000045,34.55000000000001,90.0,1633.0,30.7,145.0,0,0,0,0,0,0,-9.599999999999966,50133.1
L57067,L,25.650000000000034,36.35000000000002,90.0,1368.0,44.7,147.0,0,0,0,0,0,0,-10.699999999999989,61149.600000000006
L48485,L,25.650000000000034,36.85000000000002,90.0,1672.0,30.4,150.0,0,0,0,0,0,0,-11.199999999999989,50828.799999999996
L48453,L,24.950000000000045,36.25,90.0,1397.0,48.2,63.0,0,0,0,0,0,0,-11.299999999999955,67335.40000000001
H37469,H,27.05000000000001,38.450000000000045,90.0,1496.0,41.1,60.0,0,0,0,0,0,0,-11.400000000000034,61485.6
L48578,L,25.950000000000045,37.150000000000034,90.0,1472.0,46.6,157.0,0,0,0,0,0,0,-11.199999999999989,68595.2
L50538,L,28.350000000000023,37.450000000000045,90.0,1522.0,36.6,202.0,0,0,0,0,0,0,-9.100000000000023,55705.200000000004
L54047,L,27.850000000000023,38.150000000000034,90.0,1342.0,50.9,60.0,0,0,0,0,0,0,-10.300000000000011,68307.8
L52875,L,29.25,38.650000000000034,90.0,1451.0,42.0,110.0,0,0,0,0,0,0,-9.400000000000034,60942.0
H38249,H,24.25,35.650000000000034,90.0,1324.0,53.5,169.0,0,0,0,0,0,0,-11.400000000000034,70834.0
M24486,M,25.850000000000023,36.85000000000002,90.0,1341.0,58.9,126.0,0,0,0,0,0,0,-11.0,78984.9
H35584,H,27.650000000000034,37.35000000000002,90.0,1559.0,40.1,220.0,0,0,0,0,0,0,-9.699999999999989,62515.9
M19427,M,29.650000000000034,37.650000000000034,90.0,1451.0,44.7,32.0,0,0,0,0,0,0,-8.0,64859.700000000004
M23815,M,24.25,34.85000000000002,90.0,1355.0,55.1,63.0,0,0,0,0,0,0,-10.600000000000023,74660.5
L49836,L,26.75,36.35000000000002,90.0,1349.0,51.3,176.0,0,0,0,0,0,0,-9.600000000000023,69203.7
M23169,M,25.55000000000001,36.85000000000002,90.0,1459.0,40.2,69.0,0,0,0,0,0,0,-11.300000000000011,58651.8
L49141,L,24.650000000000034,34.35000000000002,90.0,1448.0,51.2,107.0,0,0,0,0,0,0,-9.699999999999989,74137.6
H35797,H,27.05000000000001,36.55000000000001,90.0,1483.0,43.8,108.0,0,0,0,0,0,0,-9.5,64955.399999999994
L56033,L,24.55000000000001,35.75,90.0,1458.0,41.1,14.0,0,0,0,0,0,0,-11.199999999999989,59923.8
L50356,L,27.150000000000034,36.450000000000045,90.0,1435.0,45.4,181.0,0,0,0,0,0,0,-9.300000000000011,65149.0
M22620,M,27.25,38.55000000000001,90.0,1511.0,33.0,200.0,0,0,0,0,0,0,-11.300000000000011,49863.0
L56885,L,25.75,36.85000000000002,90.0,1482.0,41.1,82.0,0,0,0,0,0,0,-11.100000000000023,60910.200000000004
L53719,L,28.25,37.55000000000001,90.0,1436.0,54.1,90.0,0,0,0,0,0,0,-9.300000000000011,77687.6
M18149,M,28.05000000000001,36.950000000000045,90.0,1295.0,56.6,39.0,0,0,0,0,0,0,-8.900000000000034,73297.0
L54791,L,27.350000000000023,38.25,90.0,1611.0,32.7,44.0,0,0,0,0,0,0,-10.899999999999977,52679.700000000004
L54067,L,27.650000000000034,38.150000000000034,90.0,1782.0,26.9,116.0,0,0,0,0,0,0,-10.5,47935.799999999996
L48231,L,23.450000000000045,34.55000000000001,90.0,1556.0,37.7,110.0,0,0,0,0,0,0,-11.099999999999966,58661.200000000004
M16902,M,25.950000000000045,35.75,90.0,1397.0,52.4,112.0,0,0,0,0,0,0,-9.799999999999955,73202.8
L51943,L,30.55000000000001,38.950000000000045,90.0,1443.0,45.9,74.0,0,0,0,0,0,0,-8.400000000000034,66233.7
M24369,M,26.05000000000001,37.25,90.0,1502.0,39.8,34.0,0,0,0,0,0,0,-11.199999999999989,59779.6
L48266,L,23.850000000000023,34.75,90.0,1455.0,49.0,204.0,0,0,0,0,0,0,-10.899999999999977,71295.0
L54912,L,27.450000000000045,38.85000000000002,90.0,1430.0,42.7,130.0,0,0,0,0,0,0,-11.399999999999977,61061.00000000001
M22375,M,27.25,38.75,90.0,1335.0,58.3,9.0,0,0,0,0,0,0,-11.5,77830.5
M22607,M,27.350000000000023,38.650000000000034,90.0,1331.0,55.3,167.0,0,0,0,0,0,0,-11.300000000000011,73604.3
L53952,L,28.150000000000034,37.55000000000001,90.0,1536.0,39.3,31.0,0,0,0,0,0,0,-9.399999999999977,60364.799999999996
L52297,L,30.950000000000045,40.450000000000045,90.0,1611.0,31.4,144.0,0,0,0,0,0,0,-9.5,50585.399999999994
M21644,M,28.150000000000034,37.55000000000001,90.0,1391.0,52.5,61.0,0,0,0,0,0,0,-9.399999999999977,73027.5
L50658,L,28.650000000000034,37.55000000000001,90.0,1597.0,30.8,74.0,0,0,0,0,0,0,-8.899999999999977,49187.6
M18784,M,29.350000000000023,38.25,90.0,1636.0,35.0,157.0,0,0,0,0,0,0,-8.899999999999977,57260.0
L49733,L,26.150000000000034,35.950000000000045,90.0,1473.0,40.3,125.0,0,0,0,0,0,0,-9.800000000000011,59361.899999999994
L52638,L,29.950000000000045,39.450000000000045,90.0,1514.0,42.1,138.0,0,0,0,0,0,0,-9.5,63739.4
M20733,M,28.350000000000023,37.950000000000045,90.0,1396.0,43.5,112.0,0,0,0,0,0,0,-9.600000000000023,60726.0
M17522,M,26.75,36.25,90.0,1483.0,38.1,193.0,0,0,0,0,0,0,-9.5,56502.3
M17973,M,26.75,35.950000000000045,90.0,1345.0,56.8,10.0,0,0,0,0,0,0,-9.200000000000045,76396.0
L50483,L,28.05000000000001,37.25,90.0,1390.0,49.9,74.0,0,0,0,0,0,0,-9.199999999999989,69361.0
M16550,M,24.75,34.25,90.0,1435.0,42.9,18.0,0,0,0,0,0,0,-9.5,61561.5
L53679,L,27.75,36.85000000000002,90.0,1671.0,26.8,199.0,0,0,0,0,0,0,-9.100000000000023,44782.8
L48684,L,24.850000000000023,35.55000000000001,90.0,1506.0,47.0,208.0,0,0,0,0,0,0,-10.699999999999989,70782.0
L56700,L,25.850000000000023,36.950000000000045,90.0,1375.0,48.9,59.0,0,0,0,0,0,0,-11.100000000000023,67237.5
L54443,L,27.25,37.450000000000045,90.0,1429.0,46.9,19.0,0,0,0,0,0,0,-10.200000000000045,67020.09999999999
M19372,M,29.350000000000023,37.150000000000034,90.0,1411.0,49.5,110.0,0,0,0,0,0,0,-7.800000000000011,69844.5
L51840,L,30.05000000000001,38.05000000000001,90.0,1439.0,43.9,30.0,0,0,0,0,0,0,-8.0,63172.1
L52764,L,29.25,38.75,90.0,1578.0,29.9,44.0,0,0,0,0,0,0,-9.5,47182.2
M15002,M,25.450000000000045,35.25,90.0,1778.0,28.2,161.0,0,0,0,0,0,0,-9.799999999999955,50139.6
M24071,M,24.850000000000023,35.85000000000002,90.0,1409.0,49.1,85.0,0,0,0,0,0,0,-11.0,69181.90000000001
M18269,M,28.05000000000001,37.25,90.0,1697.0,30.0,120.0,0,0,0,0,0,0,-9.199999999999989,50910.0
L47677,L,24.25,35.85000000000002,90.0,1505.0,39.2,209.0,0,0,0,0,0,0,-11.600000000000023,58996.00000000001
L48050,L,22.650000000000034,33.25,90.0,1325.0,56.2,65.0,0,0,0,0,0,0,-10.599999999999966,74465.0
H32771,H,28.450000000000045,37.55000000000001,90.0,1414.0,51.7,197.0,0,0,0,0,0,0,-9.099999999999966,73103.8
L48092,L,22.450000000000045,32.85000000000002,90.0,1569.0,40.4,174.0,0,0,0,0,0,0,-10.399999999999977,63387.6
L48066,L,22.55000000000001,33.05000000000001,90.0,1458.0,40.6,103.0,0,0,0,0,0,0,-10.5,59194.8
L56772,L,26.05000000000001,37.25,90.0,1379.0,46.8,39.0,0,0,0,0,0,0,-11.199999999999989,64537.2
M21447,M,28.450000000000045,37.55000000000001,90.0,1813.0,24.6,210.0,0,0,0,0,0,0,-9.099999999999966,44599.8
L48700,L,25.150000000000034,35.950000000000045,90.0,1472.0,40.1,31.0,0,0,0,0,0,0,-10.800000000000011,59027.200000000004
L55869,L,23.950000000000045,35.25,90.0,1543.0,39.6,205.0,0,0,0,0,0,0,-11.299999999999955,61102.8
L49926,L,26.55000000000001,36.05000000000001,90.0,1411.0,46.1,173.0,0,0,0,0,0,0,-9.5,65047.1
H36114,H,28.450000000000045,37.75,90.0,1419.0,50.2,51.0,0,0,0,0,0,0,-9.299999999999955,71233.8
M15174,M,24.75,35.35000000000002,90.0,1300.0,53.0,172.0,0,0,0,0,0,0,-10.600000000000023,68900.0
M16659,M,24.850000000000023,34.35000000000002,90.0,1427.0,45.1,95.0,0,0,0,0,0,0,-9.5,64357.700000000004
L47507,L,24.55000000000001,35.35000000000002,90.0,1373.0,56.7,203.0,1,0,0,0,1,0,-10.800000000000011,77849.1
L50309,L,26.950000000000045,36.450000000000045,90.0,1642.0,34.5,53.0,0,0,0,0,0,0,-9.5,56649.0
M24765,M,25.55000000000001,35.950000000000045,90.0,1423.0,49.5,200.0,0,0,0,0,0,0,-10.400000000000034,70438.5
M18828,M,29.150000000000034,38.25,90.0,1418.0,41.3,62.0,0,0,0,0,0,0,-9.099999999999966,58563.399999999994
M20603,M,29.05000000000001,38.450000000000045,90.0,1379.0,42.9,13.0,0,0,0,0,0,0,-9.400000000000034,59159.1
L50165,L,27.55000000000001,36.650000000000034,90.0,1596.0,31.5,123.0,0,0,0,0,0,0,-9.100000000000023,50274.0
M20506,M,29.25,38.650000000000034,90.0,1644.0,37.2,195.0,0,0,0,0,0,0,-9.400000000000034,61156.8
M20709,M,28.25,38.05000000000001,90.0,1434.0,47.6,52.0,0,0,0,0,0,0,-9.800000000000011,68258.40000000001
M22418,M,27.150000000000034,38.25,90.0,1386.0,48.1,119.0,0,0,0,0,0,0,-11.099999999999966,66666.6
L50738,L,28.55000000000001,37.450000000000045,90.0,1743.0,26.2,71.0,0,0,0,0,0,0,-8.900000000000034,45666.6
L56293,L,24.450000000000045,35.450000000000045,90.0,1744.0,28.5,42.0,0,0,0,0,0,0,-11.0,49704.0
L53766,L,28.350000000000023,37.450000000000045,90.0,1453.0,44.0,208.0,0,0,0,0,0,0,-9.100000000000023,63932.0
L50596,L,28.350000000000023,37.35000000000002,90.0,1435.0,44.6,135.0,0,0,0,0,0,0,-9.0,64001.0
L47528,L,24.450000000000045,35.150000000000034,90.0,1617.0,31.7,39.0,0,0,0,0,0,0,-10.699999999999989,51258.9
L48006,L,23.350000000000023,34.05000000000001,90.0,1481.0,38.2,160.0,0,0,0,0,0,0,-10.699999999999989,56574.200000000004
L56681,L,26.150000000000034,37.150000000000034,90.0,1396.0,47.4,14.0,0,0,0,0,0,0,-11.0,66170.4
H33896,H,29.55000000000001,37.35000000000002,90.0,1568.0,36.9,28.0,0,0,0,0,0,0,-7.800000000000011,57859.2
L53756,L,28.350000000000023,37.35000000000002,90.0,1644.0,34.9,186.0,0,0,0,0,0,0,-9.0,57375.6
L50862,L,28.950000000000045,38.05000000000001,90.0,1550.0,34.8,177.0,0,0,0,0,0,0,-9.099999999999966,53939.99999999999
L53056,L,28.350000000000023,37.950000000000045,90.0,1426.0,52.1,121.0,0,0,0,0,0,0,-9.600000000000023,74294.6
L55567,L,25.650000000000034,36.75,90.0,1351.0,47.2,73.0,0,0,0,0,0,0,-11.099999999999966,63767.200000000004
L49233,L,26.350000000000023,36.150000000000034,90.0,1382.0,61.0,140.0,0,0,0,0,0,0,-9.800000000000011,84302.0
L48846,L,25.05000000000001,34.75,90.0,1551.0,36.0,186.0,0,0,0,0,0,0,-9.699999999999989,55836.0
M20548,M,29.150000000000034,38.55000000000001,90.0,1423.0,44.6,93.0,0,0,0,0,0,0,-9.399999999999977,63465.8
L48625,L,25.850000000000023,36.950000000000045,90.0,1618.0,29.2,62.0,0,0,0,0,0,0,-11.100000000000023,47245.6
L52407,L,30.75,39.950000000000045,90.0,1440.0,41.1,12.0,0,0,0,0,0,0,-9.200000000000045,59184.0
L48875,L,24.850000000000023,34.450000000000045,90.0,1509.0,41.6,33.0,0,0,0,0,0,0,-9.600000000000023,62774.4
L50072,L,27.55000000000001,36.450000000000045,90.0,1329.0,54.3,80.0,0,0,0,0,0,0,-8.900000000000034,72164.7
M18063,M,26.950000000000045,35.950000000000045,90.0,1533.0,38.0,26.0,0,0,0,0,0,0,-9.0,58254.0
L51585,L,29.25,37.05000000000001,90.0,1331.0,45.5,53.0,1,0,1,0,0,0,-7.800000000000011,60560.5
L55560,L,25.75,36.85000000000002,90.0,1776.0,25.7,51.0,0,0,0,0,0,0,-11.100000000000023,45643.2
L49061,L,24.850000000000023,34.450000000000045,90.0,1548.0,45.8,111.0,0,0,0,0,0,0,-9.600000000000023,70898.4
H38235,H,24.25,35.55000000000001,90.0,1623.0,33.8,127.0,0,0,0,0,0,0,-11.300000000000011,54857.399999999994
H35877,H,27.350000000000023,36.85000000000002,90.0,1358.0,60.4,102.0,0,0,0,0,0,0,-9.5,82023.2
L48028,L,23.150000000000034,34.25,90.0,1465.0,47.1,215.0,0,0,0,0,0,0,-11.099999999999966,69001.5
L53368,L,27.850000000000023,37.75,90.0,1450.0,45.9,35.0,0,0,0,0,0,0,-9.899999999999977,66555.0
M17737,M,27.350000000000023,36.25,90.0,1655.0,32.1,37.0,0,0,0,0,0,0,-8.899999999999977,53125.5
L47366,L,24.950000000000045,35.150000000000034,90.0,1301.0,56.0,63.0,0,0,0,0,0,0,-10.199999999999989,72856.0
M23185,M,25.55000000000001,36.35000000000002,90.0,1500.0,38.8,116.0,0,0,0,0,0,0,-10.800000000000011,58199.99999999999
L56421,L,24.950000000000045,35.55000000000001,90.0,1683.0,29.1,161.0,0,0,0,0,0,0,-10.599999999999966,48975.3
L51095,L,29.350000000000023,38.35000000000002,90.0,1700.0,29.5,133.0,0,0,0,0,0,0,-9.0,50150.0
L48024,L,23.350000000000023,34.35000000000002,90.0,1566.0,35.1,206.0,0,0,0,0,0,0,-11.0,54966.600000000006
L49620,L,25.950000000000045,35.25,90.0,1426.0,47.9,67.0,0,0,0,0,0,0,-9.299999999999955,68305.4
M23445,M,24.25,34.75,90.0,1338.0,48.5,158.0,0,0,0,0,0,0,-10.5,64893.0
L48474,L,25.650000000000034,36.75,90.0,1486.0,40.3,126.0,0,0,0,0,0,0,-11.099999999999966,59885.799999999996
M19939,M,31.05000000000001,40.25,90.0,1411.0,54.8,44.0,0,0,0,0,0,0,-9.199999999999989,77322.8
M18302,M,28.25,37.35000000000002,90.0,1495.0,52.5,201.0,0,0,0,0,0,0,-9.100000000000023,78487.5
L55631,L,25.350000000000023,36.85000000000002,90.0,1435.0,42.5,25.0,0,0,0,0,0,0,-11.5,60987.5
M22133,M,27.05000000000001,37.150000000000034,90.0,1704.0,29.2,42.0,0,0,0,0,0,0,-10.100000000000023,49756.799999999996
M20965,M,27.650000000000034,37.75,90.0,1522.0,46.2,56.0,0,0,0,0,0,0,-10.099999999999966,70316.40000000001
H39130,H,25.850000000000023,36.85000000000002,90.0,1387.0,45.2,110.0,0,0,0,0,0,0,-11.0,62692.4
H31567,H,26.150000000000034,35.650000000000034,90.0,1397.0,45.4,191.0,0,0,0,0,0,0,-9.5,63423.799999999996
L56915,L,25.850000000000023,36.950000000000045,90.0,1444.0,47.7,161.0,0,0,0,0,0,0,-11.100000000000023,68878.8
L53137,L,27.55000000000001,37.75,90.0,1637.0,37.2,115.0,0,0,0,0,0,0,-10.199999999999989,60896.4
L55612,L,25.650000000000034,36.85000000000002,90.0,1537.0,39.9,190.0,0,0,0,0,0,0,-11.199999999999989,61326.299999999996
M24229,M,24.55000000000001,35.150000000000034,90.0,1547.0,36.8,74.0,0,0,0,0,0,0,-10.600000000000023,56929.6
L53372,L,27.850000000000023,37.75,90.0,1428.0,45.3,47.0,0,0,0,0,0,0,-9.899999999999977,64688.399999999994
L56115,L,24.25,35.150000000000034,90.0,1801.0,26.9,11.0,0,0,0,0,0,0,-10.900000000000034,48446.899999999994
L54329,L,27.05000000000001,36.650000000000034,90.0,1506.0,41.8,161.0,0,0,0,0,0,0,-9.600000000000023,62950.799999999996
L57026,L,25.150000000000034,35.85000000000002,90.0,1339.0,58.8,35.0,0,0,0,0,0,0,-10.699999999999989,78733.2
L51286,L,28.75,37.35000000000002,90.0,1425.0,51.1,173.0,0,0,0,0,0,0,-8.600000000000023,72817.5
M18986,M,28.850000000000023,37.450000000000045,90.0,1623.0,34.3,9.0,0,0,0,0,0,0,-8.600000000000023,55668.899999999994
L55480,L,25.55000000000001,36.950000000000045,90.0,1558.0,37.6,44.0,0,0,0,0,0,0,-11.400000000000034,58580.8
M23356,M,25.150000000000034,36.25,90.0,1816.0,22.6,138.0,0,0,0,0,0,0,-11.099999999999966,41041.600000000006
H33279,H,29.450000000000045,38.35000000000002,90.0,1629.0,34.4,228.0,1,1,0,0,0,0,-8.899999999999977,56037.6
L55667,L,25.25,36.25,90.0,1392.0,50.1,117.0,0,0,0,0,0,0,-11.0,69739.2
M15896,M,23.25,34.35000000000002,90.0,1684.0,31.4,72.0,0,0,0,0,0,0,-11.100000000000023,52877.6
L47816,L,25.150000000000034,36.75,90.0,1463.0,43.9,116.0,0,0,0,0,0,0,-11.599999999999966,64225.7
L48263,L,23.850000000000023,34.650000000000034,90.0,1683.0,32.3,197.0,0,0,0,0,0,0,-10.800000000000011,54360.899999999994
L47371,L,25.05000000000001,35.25,90.0,1666.0,34.6,74.0,0,0,0,0,0,0,-10.199999999999989,57643.600000000006
L47289,L,25.75,35.55000000000001,90.0,1572.0,34.1,80.0,0,0,0,0,0,0,-9.800000000000011,53605.200000000004
L49122,L,24.950000000000045,34.85000000000002,90.0,1456.0,42.4,59.0,0,0,0,0,0,0,-9.899999999999977,61734.4
H35270,H,28.05000000000001,37.75,90.0,1598.0,35.9,71.0,0,0,0,0,0,0,-9.699999999999989,57368.2
L55721,L,25.350000000000023,36.35000000000002,90.0,1738.0,25.2,49.0,0,0,0,0,0,0,-11.0,43797.6
L49220,L,25.950000000000045,35.75,90.0,1686.0,29.6,108.0,0,0,0,0,0,0,-9.799999999999955,49905.600000000006
L54511,L,26.650000000000034,37.150000000000034,90.0,1524.0,34.2,196.0,0,0,0,0,0,0,-10.5,52120.8
L54497,L,26.75,37.150000000000034,90.0,1638.0,29.1,152.0,0,0,0,0,0,0,-10.400000000000034,47665.8
L54959,L,27.350000000000023,38.55000000000001,90.0,1811.0,26.8,47.0,0,0,0,0,0,0,-11.199999999999989,48534.8
L54493,L,26.75,37.25,90.0,1408.0,38.4,144.0,0,0,0,0,0,0,-10.5,54067.2
L49955,L,26.950000000000045,36.25,90.0,1560.0,47.7,26.0,0,0,0,0,0,0,-9.299999999999955,74412.0
M19005,M,28.650000000000034,37.150000000000034,90.0,1465.0,46.5,60.0,0,0,0,0,0,0,-8.5,68122.5
M17183,M,26.05000000000001,35.55000000000001,90.0,1401.0,47.0,198.0,0,0,0,0,0,0,-9.5,65847.0
M15622,M,23.55000000000001,34.650000000000034,90.0,1286.0,60.5,0.0,0,0,0,0,0,0,-11.100000000000023,77803.0
L49797,L,26.25,35.950000000000045,90.0,1670.0,35.9,68.0,0,0,0,0,0,0,-9.700000000000045,59953.0
L49591,L,25.850000000000023,35.35000000000002,90.0,1559.0,38.1,194.0,0,0,0,0,0,0,-9.5,59397.9
L56452,L,25.05000000000001,35.450000000000045,90.0,1353.0,54.1,38.0,0,0,0,0,0,0,-10.400000000000034,73197.3
L50315,L,27.25,36.650000000000034,90.0,1342.0,52.5,68.0,0,0,0,0,0,0,-9.400000000000034,70455.0
L54967,L,27.150000000000034,38.35000000000002,90.0,1378.0,47.5,64.0,0,0,0,0,0,0,-11.199999999999989,65455.0
H34454,H,30.950000000000045,40.05000000000001,90.0,1586.0,34.6,139.0,0,0,0,0,0,0,-9.099999999999966,54875.600000000006
M18665,M,29.25,37.85000000000002,90.0,1580.0,36.5,64.0,0,0,0,0,0,0,-8.600000000000023,57670.0
L48064,L,22.650000000000034,33.25,90.0,1356.0,48.0,99.0,0,0,0,0,0,0,-10.599999999999966,65088.0
L53101,L,27.350000000000023,37.150000000000034,90.0,1336.0,57.1,29.0,0,0,0,0,0,0,-9.800000000000011,76285.6
L55265,L,27.05000000000001,38.25,90.0,1331.0,49.8,143.0,0,0,0,0,0,0,-11.199999999999989,66283.8
H36156,H,28.55000000000001,38.05000000000001,90.0,1639.0,30.0,161.0,0,0,0,0,0,0,-9.5,49170.0
H37040,H,27.350000000000023,38.450000000000045,90.0,1351.0,53.5,78.0,0,0,0,0,0,0,-11.100000000000023,72278.5
M20540,M,29.05000000000001,38.450000000000045,90.0,1386.0,50.5,69.0,0,0,0,0,0,0,-9.400000000000034,69993.0
M17062,M,26.75,36.05000000000001,90.0,1548.0,35.7,97.0,0,0,0,0,0,0,-9.300000000000011,55263.600000000006
L53597,L,27.150000000000034,36.75,90.0,1540.0,39.9,203.0,0,0,0,0,0,0,-9.599999999999966,61446.0
H30676,H,24.650000000000034,36.05000000000001,90.0,1648.0,33.0,29.0,0,0,0,0,0,0,-11.399999999999977,54384.0
L55559,L,25.650000000000034,36.75,90.0,1629.0,31.9,49.0,0,0,0,0,0,0,-11.099999999999966,51965.1
L52105,L,30.25,39.150000000000034,90.0,1680.0,30.6,67.0,0,0,0,0,0,0,-8.900000000000034,51408.0
L48121,L,22.450000000000045,33.05000000000001,90.0,1650.0,28.2,35.0,0,0,0,0,0,0,-10.599999999999966,46530.0
M17247,M,26.05000000000001,35.35000000000002,90.0,1474.0,47.2,132.0,0,0,0,0,0,0,-9.300000000000011,69572.8
L56908,L,25.650000000000034,36.650000000000034,90.0,1563.0,33.7,143.0,0,0,0,0,0,0,-11.0,52673.100000000006
M19251,M,29.05000000000001,36.950000000000045,90.0,1368.0,51.6,12.0,1,0,1,0,0,0,-7.900000000000034,70588.8
L52328,L,31.25,40.450000000000045,90.0,1507.0,43.1,13.0,0,0,0,0,0,0,-9.200000000000045,64951.700000000004
L51062,L,29.350000000000023,38.450000000000045,90.0,1419.0,43.7,39.0,0,0,0,0,0,0,-9.100000000000023,62010.3
M24298,M,24.950000000000045,35.55000000000001,90.0,1315.0,56.8,59.0,0,0,0,0,0,0,-10.599999999999966,74692.0
L53804,L,28.55000000000001,37.55000000000001,90.0,1532.0,39.8,92.0,0,0,0,0,0,0,-9.0,60973.6
H32203,H,27.150000000000034,36.35000000000002,90.0,1438.0,44.0,59.0,0,0,0,0,0,0,-9.199999999999989,63272.0
M15804,M,22.55000000000001,33.150000000000034,90.0,1712.0,28.5,43.0,0,0,0,0,0,0,-10.600000000000023,48792.0
L56088,L,24.05000000000001,35.35000000000002,90.0,1518.0,44.3,163.0,0,0,0,0,0,0,-11.300000000000011,67247.4
M23373,M,25.05000000000001,36.35000000000002,90.0,1478.0,36.5,182.0,0,0,0,0,0,0,-11.300000000000011,53947.0
L49870,L,26.850000000000023,36.35000000000002,90.0,1728.0,26.0,37.0,0,0,0,0,0,0,-9.5,44928.0
L56692,L,25.850000000000023,37.05000000000001,90.0,1575.0,37.8,42.0,0,0,0,0,0,0,-11.199999999999989,59534.99999999999
M21821,M,27.55000000000001,37.85000000000002,90.0,1378.0,41.2,93.0,0,0,0,0,0,0,-10.300000000000011,56773.600000000006
L57060,L,25.650000000000034,36.650000000000034,90.0,1753.0,27.5,130.0,0,0,0,0,0,0,-11.0,48207.5
L52342,L,31.05000000000001,40.150000000000034,90.0,1464.0,45.9,48.0,0,0,0,0,0,0,-9.100000000000023,67197.59999999999
L55133,L,27.850000000000023,38.85000000000002,90.0,1447.0,36.8,31.0,0,0,0,0,0,0,-11.0,53249.6
L51929,L,30.05000000000001,38.05000000000001,90.0,1404.0,50.9,31.0,0,0,0,0,0,0,-8.0,71463.59999999999
L49657,L,25.75,35.35000000000002,90.0,1387.0,57.3,154.0,0,0,0,0,0,0,-9.600000000000023,79475.09999999999
M24350,M,25.850000000000023,36.55000000000001,90.0,1418.0,44.7,209.0,0,0,0,0,0,0,-10.699999999999989,63384.600000000006
L53795,L,28.55000000000001,37.450000000000045,90.0,1545.0,42.1,68.0,0,0,0,0,0,0,-8.900000000000034,65044.5
M22273,M,26.950000000000045,37.950000000000045,90.0,1616.0,35.2,183.0,0,0,0,0,0,0,-11.0,56883.200000000004
L54766,L,27.25,37.950000000000045,90.0,1589.0,35.5,191.0,0,0,0,0,0,0,-10.700000000000045,56409.5
L52524,L,30.25,39.650000000000034,90.0,1360.0,50.8,94.0,0,0,0,0,0,0,-9.400000000000034,69088.0
M21971,M,27.650000000000034,37.25,90.0,1450.0,39.4,62.0,0,0,0,0,0,0,-9.599999999999966,57130.0
L49054,L,25.25,34.950000000000045,90.0,1598.0,32.7,94.0,0,0,0,0,0,0,-9.700000000000045,52254.600000000006
L47750,L,24.55000000000001,36.55000000000001,90.0,1498.0,41.0,176.0,0,0,0,0,0,0,-12.0,61418.0
M16308,M,25.850000000000023,37.150000000000034,90.0,1657.0,31.0,70.0,0,0,0,0,0,0,-11.300000000000011,51367.0
L53422,L,27.850000000000023,37.25,90.0,1476.0,43.6,173.0,0,0,0,0,0,0,-9.399999999999977,64353.6
L53527,L,27.05000000000001,36.55000000000001,90.0,1421.0,44.6,17.0,0,0,0,0,0,0,-9.5,63376.6
L55054,L,27.55000000000001,39.150000000000034,90.0,1548.0,37.9,58.0,0,0,0,0,0,0,-11.600000000000023,58669.2
M24676,M,25.350000000000023,36.05000000000001,90.0,1721.0,29.4,170.0,0,0,0,0,0,0,-10.699999999999989,50597.399999999994
L56924,L,25.650000000000034,36.950000000000045,90.0,1574.0,36.2,181.0,0,0,0,0,0,0,-11.300000000000011,56978.8
L51158,L,29.05000000000001,38.150000000000034,90.0,1382.0,46.4,94.0,0,0,0,0,0,0,-9.100000000000023,64124.799999999996
L50007,L,27.25,36.25,90.0,1412.0,51.6,153.0,0,0,0,0,0,0,-9.0,72859.2
M22518,M,27.25,38.450000000000045,90.0,1359.0,55.4,160.0,0,0,0,0,0,0,-11.200000000000045,75288.59999999999
M19856,M,30.450000000000045,39.650000000000034,90.0,1400.0,43.2,23.0,0,0,0,0,0,0,-9.199999999999989,60480.00000000001
L50442,L,28.150000000000034,36.950000000000045,90.0,1558.0,36.3,184.0,0,0,0,0,0,0,-8.800000000000011,56555.399999999994
L53566,L,27.05000000000001,36.55000000000001,90.0,1656.0,34.3,120.0,0,0,0,0,0,0,-9.5,56800.799999999996
M17762,M,27.450000000000045,36.25,90.0,1541.0,35.2,105.0,0,0,0,0,0,0,-8.799999999999955,54243.200000000004
L49438,L,25.950000000000045,35.05000000000001,90.0,1319.0,60.3,36.0,0,0,0,0,0,0,-9.099999999999966,79535.7
L49910,L,26.450000000000045,36.05000000000001,90.0,1425.0,45.9,133.0,0,0,0,0,0,0,-9.599999999999966,65407.5
L51658,L,29.350000000000023,37.05000000000001,90.0,1477.0,41.6,16.0,0,0,0,0,0,0,-7.699999999999989,61443.200000000004
M21926,M,27.650000000000034,37.55000000000001,90.0,1572.0,36.2,167.0,0,0,0,0,0,0,-9.899999999999977,56906.4
L49764,L,25.950000000000045,35.650000000000034,90.0,1502.0,46.7,197.0,0,0,0,0,0,0,-9.699999999999989,70143.40000000001
M20301,M,29.850000000000023,39.450000000000045,90.0,1392.0,42.9,94.0,0,0,0,0,0,0,-9.600000000000023,59716.799999999996
H37937,H,25.150000000000034,36.150000000000034,90.0,1529.0,41.7,5.0,0,0,0,0,0,0,-11.0,63759.3
H34790,H,29.650000000000034,39.150000000000034,90.0,1336.0,57.5,187.0,0,0,0,0,0,0,-9.5,76820.0
L48438,L,24.350000000000023,35.75,90.0,1427.0,50.4,17.0,0,0,0,0,0,0,-11.399999999999977,71920.8
L52457,L,30.350000000000023,39.75,90.0,1501.0,44.0,128.0,0,0,0,0,0,0,-9.399999999999977,66044.0
M18364,M,28.55000000000001,37.650000000000034,90.0,1524.0,41.3,147.0,0,0,0,0,0,0,-9.100000000000023,62941.2
M14973,M,25.650000000000034,35.450000000000045,90.0,1486.0,41.9,92.0,0,0,0,0,0,0,-9.800000000000011,62263.4
L48099,L,22.25,32.650000000000034,90.0,1407.0,50.7,192.0,0,0,0,0,0,0,-10.400000000000034,71334.90000000001
L49689,L,25.850000000000023,35.75,90.0,1511.0,35.9,16.0,0,0,0,0,0,0,-9.899999999999977,54244.9
L47345,L,25.350000000000023,35.25,90.0,1733.0,26.0,8.0,0,0,0,0,0,0,-9.899999999999977,45058.0
H34017,H,29.75,37.85000000000002,90.0,1452.0,58.3,123.0,0,0,0,0,0,0,-8.100000000000023,84651.59999999999
L48129,L,22.450000000000045,33.150000000000034,90.0,1636.0,32.7,56.0,0,0,0,0,0,0,-10.699999999999989,53497.200000000004
M19454,M,29.850000000000023,38.05000000000001,90.0,1387.0,41.4,100.0,0,0,0,0,0,0,-8.199999999999989,57421.799999999996
L50950,L,29.150000000000034,37.85000000000002,90.0,1609.0,31.0,190.0,0,0,0,0,0,0,-8.699999999999989,49879.0
M17366,M,26.05000000000001,35.950000000000045,90.0,1503.0,34.7,6.0,0,0,0,0,0,0,-9.900000000000034,52154.100000000006
L52287,L,30.75,40.05000000000001,90.0,1540.0,44.4,119.0,0,0,0,0,0,0,-9.300000000000011,68376.0
L50030,L,27.25,36.150000000000034,90.0,1671.0,35.0,209.0,0,0,0,0,0,0,-8.900000000000034,58485.0
L53665,L,27.450000000000045,36.650000000000034,90.0,1629.0,37.6,162.0,0,0,0,0,0,0,-9.199999999999989,61250.4
L52542,L,30.05000000000001,39.450000000000045,90.0,1281.0,57.0,144.0,0,0,0,0,0,0,-9.400000000000034,73017.0
L54622,L,26.850000000000023,38.35000000000002,90.0,1601.0,36.9,35.0,0,0,0,0,0,0,-11.5,59076.899999999994
L51626,L,29.350000000000023,37.150000000000034,90.0,1584.0,35.5,158.0,0,0,0,0,0,0,-7.800000000000011,56232.0
L51640,L,29.450000000000045,37.35000000000002,90.0,1596.0,32.8,193.0,0,0,0,0,0,0,-7.899999999999977,52348.799999999996
M24373,M,25.850000000000023,37.05000000000001,90.0,1598.0,33.4,44.0,0,0,0,0,0,0,-11.199999999999989,53373.2
L49685,L,26.05000000000001,35.950000000000045,90.0,1387.0,48.7,4.0,0,0,0,0,0,0,-9.900000000000034,67546.90000000001
H30528,H,23.25,34.150000000000034,90.0,1540.0,37.4,75.0,0,0,0,0,0,0,-10.900000000000034,57596.0
L50527,L,28.150000000000034,37.450000000000045,90.0,1529.0,41.8,176.0,0,0,0,0,0,0,-9.300000000000011,63912.2
L49915,L,26.55000000000001,36.05000000000001,90.0,1412.0,45.4,147.0,0,0,0,0,0,0,-9.5,64104.799999999996
L54999,L,26.650000000000034,38.05000000000001,90.0,1369.0,46.2,146.0,0,0,0,0,0,0,-11.399999999999977,63247.8
L57074,L,25.75,36.35000000000002,90.0,1645.0,31.1,169.0,0,0,0,0,0,0,-10.600000000000023,51159.5
L55966,L,24.350000000000023,35.35000000000002,90.0,1306.0,50.7,38.0,0,0,0,0,0,0,-11.0,66214.2
M19410,M,29.350000000000023,37.35000000000002,90.0,1507.0,40.2,201.0,0,0,0,0,0,0,-8.0,60581.4
M23432,M,24.55000000000001,35.35000000000002,90.0,1559.0,35.2,127.0,0,0,0,0,0,0,-10.800000000000011,54876.8
H36867,H,27.150000000000034,38.55000000000001,90.0,1432.0,47.7,61.0,0,0,0,0,0,0,-11.399999999999977,68306.40000000001
L49017,L,24.55000000000001,34.05000000000001,90.0,1392.0,43.0,197.0,0,0,0,0,0,0,-9.5,59856.0
H37732,H,25.55000000000001,36.55000000000001,90.0,1565.0,39.3,94.0,0,0,0,0,0,0,-11.0,61504.49999999999
L55903,L,24.05000000000001,35.450000000000045,90.0,1578.0,34.4,76.0,0,0,0,0,0,0,-11.400000000000034,54283.2
M15467,M,24.850000000000023,36.75,90.0,1565.0,33.9,40.0,0,0,0,0,0,0,-11.899999999999977,53053.5
L55554,L,25.650000000000034,36.55000000000001,90.0,1225.0,63.4,37.0,0,0,0,0,0,0,-10.899999999999977,77665.0
M15953,M,23.650000000000034,34.35000000000002,90.0,1443.0,39.2,13.0,0,0,0,0,0,0,-10.699999999999989,56565.600000000006
M21247,M,27.05000000000001,36.650000000000034,90.0,1487.0,39.2,122.0,0,0,0,0,0,0,-9.600000000000023,58290.4
L53685,L,27.950000000000045,36.950000000000045,90.0,1457.0,39.6,215.0,0,0,0,0,0,0,-9.0,57697.200000000004
M23824,M,24.05000000000001,34.75,90.0,1456.0,44.9,85.0,0,0,0,0,0,0,-10.699999999999989,65374.4
L51667,L,29.350000000000023,37.35000000000002,90.0,1436.0,36.5,43.0,0,0,0,0,0,0,-8.0,52414.0
L47340,L,25.25,35.05000000000001,90.0,1282.0,60.7,216.0,1,0,0,0,1,0,-9.800000000000011,77817.40000000001
L47383,L,25.25,35.35000000000002,90.0,1490.0,37.9,110.0,0,0,0,0,0,0,-10.100000000000023,56471.0
M20753,M,28.150000000000034,37.85000000000002,90.0,1410.0,52.7,161.0,0,0,0,0,0,0,-9.699999999999989,74307.0
H34347,H,30.25,39.05000000000001,90.0,1554.0,36.8,85.0,0,0,0,0,0,0,-8.800000000000011,57187.2
M17794,M,27.650000000000034,36.450000000000045,90.0,1546.0,42.3,186.0,0,0,0,0,0,0,-8.800000000000011,65395.799999999996
L49615,L,25.75,35.05000000000001,90.0,1686.0,30.4,53.0,0,0,0,0,0,0,-9.300000000000011,51254.399999999994
H38089,H,24.150000000000034,35.450000000000045,90.0,1688.0,29.4,166.0,0,0,0,0,0,0,-11.300000000000011,49627.2
M17906,M,27.05000000000001,36.25,90.0,1501.0,40.0,48.0,0,0,0,0,0,0,-9.199999999999989,60040.0
L55599,L,25.850000000000023,37.150000000000034,90.0,1431.0,39.9,157.0,0,0,0,0,0,0,-11.300000000000011,57096.9
M22526,M,27.450000000000045,38.55000000000001,90.0,1424.0,50.8,182.0,0,0,0,0,0,0,-11.099999999999966,72339.2
M21267,M,27.150000000000034,36.75,90.0,1611.0,29.0,177.0,0,0,0,0,0,0,-9.599999999999966,46719.0
H33665,H,29.350000000000023,37.75,90.0,1356.0,55.5,101.0,1,0,1,0,0,0,-8.399999999999977,75258.0
L52757,L,29.25,38.950000000000045,90.0,1455.0,40.4,28.0,0,0,0,0,0,0,-9.700000000000045,58782.0
L51214,L,28.850000000000023,37.650000000000034,90.0,1615.0,29.0,235.0,1,1,0,0,0,0,-8.800000000000011,46835.0
M22972,M,27.25,38.650000000000034,90.0,1442.0,45.1,0.0,0,0,0,0,0,0,-11.400000000000034,65034.200000000004
L51470,L,28.650000000000034,36.85000000000002,90.0,1642.0,32.6,201.0,0,0,0,0,0,0,-8.199999999999989,53529.200000000004
L51514,L,28.450000000000045,36.650000000000034,90.0,1472.0,42.5,91.0,0,0,0,0,0,0,-8.199999999999989,62560.0
H33291,H,29.450000000000045,38.55000000000001,90.0,1471.0,48.3,25.0,0,0,0,0,0,0,-9.099999999999966,71049.3
L52608,L,29.55000000000001,39.25,90.0,1453.0,47.3,62.0,0,0,0,0,0,0,-9.699999999999989,68726.9
H34167,H,30.05000000000001,38.25,90.0,1607.0,36.6,43.0,0,0,0,0,0,0,-8.199999999999989,58816.200000000004
L52066,L,30.650000000000034,39.35000000000002,90.0,1372.0,45.7,180.0,0,0,0,0,0,0,-8.699999999999989,62700.4
M15717,M,22.950000000000045,33.950000000000045,90.0,1350.0,53.3,22.0,0,0,0,0,0,0,-11.0,71955.0
M23093,M,25.950000000000045,37.450000000000045,90.0,1449.0,43.2,80.0,0,0,0,0,0,0,-11.5,62596.8
L49741,L,26.25,36.05000000000001,90.0,1607.0,31.7,145.0,0,0,0,0,0,0,-9.800000000000011,50941.9
M18661,M,29.05000000000001,37.75,90.0,1771.0,27.6,54.0,0,0,0,0,0,0,-8.699999999999989,48879.600000000006
M17500,M,26.75,36.35000000000002,90.0,1372.0,56.2,133.0,0,0,0,0,0,0,-9.600000000000023,77106.40000000001
M15509,M,24.55000000000001,36.05000000000001,90.0,1732.0,28.8,152.0,0,0,0,0,0,0,-11.5,49881.6
M23403,M,25.350000000000023,36.25,90.0,1365.0,48.7,56.0,0,0,0,0,0,0,-10.899999999999977,66475.5
L53613,L,27.150000000000034,36.75,90.0,1570.0,34.0,31.0,0,0,0,0,0,0,-9.599999999999966,53380.0
L47795,L,24.950000000000045,36.75,90.0,1642.0,30.4,58.0,0,0,0,0,0,0,-11.799999999999955,49916.799999999996
L49755,L,26.350000000000023,36.150000000000034,90.0,1422.0,49.2,179.0,0,0,0,0,0,0,-9.800000000000011,69962.40000000001
M18200,M,28.350000000000023,37.650000000000034,90.0,1452.0,44.1,157.0,0,0,0,0,0,0,-9.300000000000011,64033.200000000004
M16565,M,24.950000000000045,34.650000000000034,90.0,1608.0,32.6,57.0,0,0,0,0,0,0,-9.699999999999989,52420.8
H38474,H,24.05000000000001,35.150000000000034,90.0,1453.0,45.8,105.0,0,0,0,0,0,0,-11.100000000000023,66547.4
L56532,L,25.05000000000001,35.55000000000001,90.0,1780.0,27.9,35.0,0,0,0,0,0,0,-10.5,49662.0
L57143,L,25.150000000000034,34.75,90.0,1435.0,39.9,143.0,0,0,0,0,0,0,-9.599999999999966,57256.5
L54113,L,27.650000000000034,38.25,90.0,1492.0,40.6,20.0,0,0,0,0,0,0,-10.599999999999966,60575.200000000004
L48170,L,23.05000000000001,33.85000000000002,90.0,1414.0,48.3,162.0,0,0,0,0,0,0,-10.800000000000011,68296.2
L49954,L,26.950000000000045,36.25,90.0,1559.0,39.7,24.0,0,0,0,0,0,0,-9.299999999999955,61892.3
L54650,L,27.25,38.450000000000045,90.0,1332.0,54.6,111.0,0,0,0,0,0,0,-11.200000000000045,72727.2
H35833,H,27.150000000000034,36.75,90.0,1394.0,46.7,210.0,1,1,0,0,0,0,-9.599999999999966,65099.8
M18373,M,28.75,37.950000000000045,90.0,1417.0,52.5,171.0,0,0,0,0,0,0,-9.200000000000045,74392.5
L52658,L,29.55000000000001,39.05000000000001,90.0,1611.0,34.1,186.0,0,0,0,0,0,0,-9.5,54935.100000000006
L55580,L,25.450000000000045,36.450000000000045,90.0,1533.0,40.7,106.0,0,0,0,0,0,0,-11.0,62393.100000000006
M15079,M,25.150000000000034,35.35000000000002,90.0,1434.0,46.2,148.0,0,0,0,0,0,0,-10.199999999999989,66250.8
M21829,M,27.650000000000034,37.950000000000045,90.0,1583.0,32.1,116.0,0,0,0,0,0,0,-10.300000000000011,50814.3
M16148,M,25.350000000000023,36.450000000000045,90.0,1441.0,48.2,107.0,0,0,0,0,0,0,-11.100000000000023,69456.2
L50343,L,27.25,36.650000000000034,90.0,1549.0,38.9,150.0,0,0,0,0,0,0,-9.400000000000034,60256.1
H34092,H,30.450000000000045,38.55000000000001,90.0,1476.0,40.1,85.0,0,0,0,0,0,0,-8.099999999999966,59187.6
L50792,L,28.55000000000001,37.650000000000034,90.0,1622.0,37.8,0.0,0,0,0,0,0,0,-9.100000000000023,61311.6
H29457,H,25.650000000000034,36.05000000000001,90.0,1372.0,48.5,120.0,0,0,0,0,0,0,-10.399999999999977,66542.0
H37508,H,27.05000000000001,38.450000000000045,90.0,1662.0,28.8,162.0,0,0,0,0,0,0,-11.400000000000034,47865.6
M23232,M,25.650000000000034,36.55000000000001,90.0,1448.0,44.8,31.0,0,0,0,0,0,0,-10.899999999999977,64870.399999999994
L50972,L,29.150000000000034,37.75,90.0,1459.0,35.0,32.0,0,0,0,0,0,0,-8.599999999999966,51065.0
L48683,L,24.850000000000023,35.55000000000001,90.0,1771.0,26.2,206.0,0,0,0,0,0,0,-10.699999999999989,46400.2
L50619,L,28.25,37.150000000000034,90.0,1492.0,41.4,195.0,0,0,0,0,0,0,-8.900000000000034,61768.799999999996
M16752,M,24.650000000000034,34.25,90.0,1438.0,43.6,141.0,0,0,0,0,0,0,-9.599999999999966,62696.8
L56503,L,25.450000000000045,36.25,90.0,1447.0,40.2,173.0,0,0,0,0,0,0,-10.799999999999955,58169.4
L49135,L,24.75,34.55000000000001,90.0,1308.0,55.2,87.0,0,0,0,0,0,0,-9.800000000000011,72201.6
L52347,L,31.05000000000001,40.25,90.0,1639.0,32.7,63.0,0,0,0,0,0,0,-9.199999999999989,53595.3
L51994,L,30.25,38.650000000000034,90.0,1401.0,53.0,208.0,1,0,0,0,1,0,-8.400000000000034,74253.0
L47850,L,24.450000000000045,35.85000000000002,90.0,1822.0,25.4,202.0,0,0,0,0,0,0,-11.399999999999977,46278.799999999996
L54235,L,27.650000000000034,37.450000000000045,90.0,1663.0,30.6,139.0,0,0,0,0,0,0,-9.800000000000011,50887.8
L48077,L,22.450000000000045,33.05000000000001,90.0,1612.0,31.2,131.0,0,0,0,0,0,0,-10.599999999999966,50294.4
L50373,L,26.850000000000023,35.950000000000045,90.0,1401.0,44.5,0.0,0,0,0,0,0,0,-9.100000000000023,62344.5
L50070,L,27.450000000000045,36.55000000000001,90.0,1593.0,32.4,76.0,0,0,0,0,0,0,-9.099999999999966,51613.2
M17481,M,26.350000000000023,36.150000000000034,90.0,1506.0,41.5,77.0,0,0,0,0,0,0,-9.800000000000011,62499.0
L53188,L,27.55000000000001,37.55000000000001,90.0,1431.0,39.3,22.0,0,0,0,0,0,0,-10.0,56238.299999999996
L47182,L,24.950000000000045,35.35000000000002,90.0,1498.0,49.4,5.0,0,0,0,0,0,0,-10.399999999999977,74001.2
H37328,H,27.55000000000001,38.950000000000045,90.0,1490.0,43.1,159.0,0,0,0,0,0,0,-11.400000000000034,64219.0
L53205,L,27.55000000000001,37.85000000000002,90.0,1336.0,53.3,68.0,0,0,0,0,0,0,-10.300000000000011,71208.8
L47711,L,24.450000000000045,36.35000000000002,90.0,1549.0,34.9,68.0,0,0,0,0,0,0,-11.899999999999977,54060.1
M23584,M,24.05000000000001,35.450000000000045,90.0,1513.0,39.0,78.0,0,0,0,0,0,0,-11.400000000000034,59007.0
L55829,L,24.25,35.25,90.0,1328.0,61.8,98.0,0,0,0,0,0,0,-11.0,82070.4
H32534,H,26.950000000000045,36.25,90.0,1563.0,40.8,28.0,0,0,0,0,0,0,-9.299999999999955,63770.399999999994
M15591,M,24.150000000000034,35.450000000000045,90.0,1431.0,53.0,160.0,0,0,0,0,0,0,-11.300000000000011,75843.0
L49519,L,26.05000000000001,35.05000000000001,90.0,1466.0,41.3,8.0,0,0,0,0,0,0,-9.0,60545.799999999996
L53760,L,28.150000000000034,37.25,90.0,1507.0,39.1,194.0,0,0,0,0,0,0,-9.099999999999966,58923.700000000004
L49745,L,26.25,35.950000000000045,90.0,1304.0,50.5,153.0,0,0,0,0,0,0,-9.700000000000045,65852.0
M22586,M,27.650000000000034,38.75,90.0,1761.0,29.0,113.0,0,0,0,0,0,0,-11.099999999999966,51069.0
M22680,M,26.650000000000034,38.05000000000001,90.0,1706.0,29.2,148.0,0,0,0,0,0,0,-11.399999999999977,49815.2
L53893,L,28.150000000000034,37.450000000000045,90.0,1416.0,45.2,88.0,0,0,0,0,0,0,-9.300000000000011,64003.200000000004
M21855,M,27.450000000000045,37.55000000000001,90.0,1705.0,31.2,181.0,0,0,0,0,0,0,-10.099999999999966,53196.0
M21802,M,27.650000000000034,38.25,90.0,1732.0,26.9,45.0,0,0,0,0,0,0,-10.599999999999966,46590.799999999996
M22654,M,27.05000000000001,38.450000000000045,90.0,1415.0,55.8,82.0,0,0,0,0,0,0,-11.400000000000034,78957.0
H38389,H,23.55000000000001,34.25,90.0,1661.0,34.2,109.0,0,0,0,0,0,0,-10.699999999999989,56806.200000000004
H30669,H,24.350000000000023,35.75,90.0,1419.0,50.7,7.0,0,0,0,0,0,0,-11.399999999999977,71943.3
M16964,M,26.150000000000034,35.950000000000045,90.0,1600.0,35.3,52.0,0,0,0,0,0,0,-9.800000000000011,56479.99999999999
M21594,M,28.450000000000045,37.75,90.0,1575.0,40.1,139.0,0,0,0,0,0,0,-9.299999999999955,63157.5
H39192,H,25.55000000000001,36.55000000000001,90.0,1311.0,54.5,52.0,0,0,0,0,0,0,-11.0,71449.5
M24010,M,24.350000000000023,35.450000000000045,90.0,1347.0,57.0,132.0,0,0,0,0,0,0,-11.100000000000023,76779.0
L56149,L,23.850000000000023,34.650000000000034,90.0,1396.0,50.0,96.0,0,0,0,0,0,0,-10.800000000000011,69800.0
L52237,L,30.650000000000034,39.75,90.0,1367.0,49.9,192.0,0,0,0,0,0,0,-9.099999999999966,68213.3
L53026,L,28.25,38.150000000000034,90.0,1674.0,33.3,46.0,0,0,0,0,0,0,-9.900000000000034,55744.2
L51614,L,29.25,36.950000000000045,90.0,1556.0,32.9,132.0,0,0,0,0,0,0,-7.7000000000000455,51192.399999999994
L50664,L,28.75,37.650000000000034,90.0,1519.0,39.0,90.0,0,0,0,0,0,0,-8.900000000000034,59241.0
L56673,L,25.950000000000045,36.650000000000034,90.0,1398.0,55.4,217.0,1,0,0,0,1,0,-10.699999999999989,77449.2
L52498,L,30.350000000000023,39.450000000000045,90.0,1496.0,39.0,21.0,0,0,0,0,0,0,-9.100000000000023,58344.0
M20589,M,29.150000000000034,38.650000000000034,90.0,1463.0,35.7,197.0,0,0,0,0,0,0,-9.5,52229.100000000006
M23763,M,24.25,35.55000000000001,90.0,1382.0,49.9,151.0,0,0,0,0,0,0,-11.300000000000011,68961.8
H39303,H,25.650000000000034,36.450000000000045,90.0,1516.0,40.2,152.0,0,0,0,0,0,0,-10.800000000000011,60943.200000000004
L56603,L,24.950000000000045,35.35000000000002,90.0,1676.0,30.5,22.0,0,0,0,0,0,0,-10.399999999999977,51118.0
H38316,H,24.25,35.55000000000001,90.0,1522.0,46.3,146.0,0,0,0,0,0,0,-11.300000000000011,70468.59999999999
L56661,L,25.75,36.450000000000045,90.0,1365.0,50.9,183.0,0,0,0,0,0,0,-10.700000000000045,69478.5
L49643,L,25.75,35.35000000000002,90.0,1580.0,39.1,119.0,0,0,0,0,0,0,-9.600000000000023,61778.0
L55469,L,25.75,37.450000000000045,90.0,1406.0,43.8,12.0,0,0,0,0,0,0,-11.700000000000045,61582.799999999996
L48968,L,25.150000000000034,34.85000000000002,90.0,1442.0,47.3,65.0,0,0,0,0,0,0,-9.699999999999989,68206.59999999999
L47430,L,24.850000000000023,35.150000000000034,90.0,1662.0,32.7,0.0,0,0,0,0,0,0,-10.300000000000011,54347.4
M24510,M,25.950000000000045,36.85000000000002,90.0,1437.0,41.1,192.0,0,0,0,0,0,0,-10.899999999999977,59060.700000000004
L48000,L,23.55000000000001,34.450000000000045,90.0,1516.0,37.4,146.0,0,0,0,0,0,0,-10.900000000000034,56698.4
M24487,M,25.75,36.85000000000002,90.0,1487.0,36.6,129.0,0,0,0,0,0,0,-11.100000000000023,54424.200000000004
L52894,L,29.05000000000001,38.650000000000034,90.0,1618.0,36.0,158.0,0,0,0,0,0,0,-9.600000000000023,58248.0
M22055,M,26.950000000000045,36.950000000000045,90.0,1443.0,49.3,61.0,0,0,0,0,0,0,-10.0,71139.9
H35129,H,29.05000000000001,38.75,90.0,1597.0,35.8,160.0,0,0,0,0,0,0,-9.699999999999989,57172.6
L51580,L,29.150000000000034,36.950000000000045,90.0,1353.0,50.9,36.0,1,0,1,0,0,0,-7.800000000000011,68867.7
L56470,L,25.05000000000001,35.85000000000002,90.0,1418.0,44.2,87.0,0,0,0,0,0,0,-10.800000000000011,62675.600000000006
M20248,M,29.650000000000034,39.150000000000034,90.0,1432.0,49.0,218.0,0,0,0,0,0,0,-9.5,70168.0
H33580,H,29.150000000000034,37.450000000000045,90.0,1525.0,48.7,114.0,0,0,0,0,0,0,-8.300000000000011,74267.5
L52131,L,30.650000000000034,39.55000000000001,90.0,1596.0,36.6,134.0,0,0,0,0,0,0,-8.899999999999977,58413.600000000006
L49867,L,26.75,36.25,90.0,1348.0,52.8,31.0,0,0,0,0,0,0,-9.5,71174.4
M19250,M,29.05000000000001,36.950000000000045,90.0,1421.0,45.4,9.0,0,0,0,0,0,0,-7.900000000000034,64513.4
L53040,L,28.150000000000034,37.75,90.0,1566.0,33.1,82.0,0,0,0,0,0,0,-9.599999999999966,51834.600000000006
M20841,M,27.55000000000001,37.55000000000001,90.0,1347.0,46.5,183.0,0,0,0,0,0,0,-10.0,62635.5
M19787,M,30.350000000000023,39.150000000000034,90.0,1543.0,33.3,71.0,0,0,0,0,0,0,-8.800000000000011,51381.899999999994
L53915,L,28.450000000000045,37.85000000000002,90.0,1485.0,40.1,142.0,0,0,0,0,0,0,-9.399999999999977,59548.5
L47418,L,24.75,34.950000000000045,90.0,1393.0,50.3,193.0,0,0,0,0,0,0,-10.200000000000045,70067.9
L51195,L,28.950000000000045,37.75,90.0,1477.0,41.4,184.0,0,0,0,0,0,0,-8.799999999999955,61147.799999999996
M24122,M,25.150000000000034,35.950000000000045,90.0,1404.0,47.0,15.0,0,0,0,0,0,0,-10.800000000000011,65988.0
L52277,L,31.05000000000001,40.25,90.0,1457.0,49.4,96.0,0,0,0,0,0,0,-9.199999999999989,71975.8
L52983,L,28.350000000000023,37.75,90.0,1671.0,31.1,170.0,0,0,0,0,0,0,-9.399999999999977,51968.100000000006
M18412,M,28.650000000000034,37.75,90.0,1358.0,52.3,56.0,0,0,0,0,0,0,-9.099999999999966,71023.4
L57149,L,25.25,34.950000000000045,90.0,1491.0,50.0,156.0,0,0,0,0,0,0,-9.700000000000045,74550.0
L50540,L,28.350000000000023,37.450000000000045,90.0,1394.0,46.5,206.0,0,0,0,0,0,0,-9.100000000000023,64821.0
L55429,L,25.850000000000023,37.25,90.0,1524.0,39.8,120.0,0,0,0,0,0,0,-11.399999999999977,60655.2
L49590,L,25.950000000000045,35.35000000000002,90.0,1689.0,32.1,192.0,0,0,0,0,0,0,-9.399999999999977,54216.9
M23322,M,25.55000000000001,36.650000000000034,90.0,1501.0,44.7,48.0,0,0,0,0,0,0,-11.100000000000023,67094.7
L51162,L,29.05000000000001,38.150000000000034,90.0,1475.0,48.6,104.0,0,0,0,0,0,0,-9.100000000000023,71685.0
H29560,H,25.350000000000023,35.25,90.0,1612.0,36.1,174.0,0,0,0,0,0,0,-9.899999999999977,58193.200000000004
L50791,L,28.55000000000001,37.75,90.0,1405.0,46.4,207.0,1,1,0,0,0,1,-9.199999999999989,65192.0
L52533,L,30.25,39.55000000000001,90.0,1589.0,34.0,116.0,0,0,0,0,0,0,-9.300000000000011,54026.0
L48916,L,25.25,34.75,90.0,1544.0,35.9,132.0,0,0,0,0,0,0,-9.5,55429.6
L54839,L,27.350000000000023,38.450000000000045,90.0,1528.0,42.4,163.0,0,0,0,0,0,0,-11.100000000000023,64787.2
L47294,L,25.650000000000034,35.450000000000045,90.0,1680.0,29.4,95.0,0,0,0,0,0,0,-9.800000000000011,49392.0
M23720,M,24.75,35.950000000000045,90.0,1488.0,37.3,30.0,0,0,0,0,0,0,-11.200000000000045,55502.399999999994
M20509,M,29.350000000000023,38.75,90.0,1414.0,51.6,205.0,0,0,0,0,0,0,-9.399999999999977,72962.40000000001
H37236,H,26.75,38.150000000000034,90.0,1413.0,41.8,153.0,0,0,0,0,0,0,-11.400000000000034,59063.399999999994
L47900,L,24.25,35.75,90.0,1809.0,23.8,131.0,0,0,0,0,0,0,-11.5,43054.200000000004
H38257,H,24.150000000000034,35.650000000000034,90.0,1564.0,38.0,191.0,0,0,0,0,0,0,-11.5,59432.0
H32503,H,26.950000000000045,36.150000000000034,90.0,1520.0,38.2,158.0,0,0,0,0,0,0,-9.199999999999989,58064.00000000001
L54406,L,26.55000000000001,36.450000000000045,90.0,1399.0,51.3,144.0,0,0,0,0,0,0,-9.900000000000034,71768.7
L54486,L,26.950000000000045,37.35000000000002,90.0,1356.0,45.8,126.0,0,0,0,0,0,0,-10.399999999999977,62104.799999999996
H35922,H,27.850000000000023,36.950000000000045,90.0,1756.0,30.7,2.0,0,0,0,0,0,0,-9.100000000000023,53909.2
M15456,M,24.450000000000045,36.450000000000045,90.0,1530.0,37.3,10.0,0,0,0,0,0,0,-12.0,57068.99999999999
M20955,M,27.75,37.55000000000001,90.0,1452.0,47.3,25.0,0,0,0,0,0,0,-9.800000000000011,68679.59999999999
M20024,M,31.150000000000034,40.25,90.0,1624.0,32.1,53.0,0,0,0,0,0,0,-9.099999999999966,52130.4
L48827,L,24.650000000000034,34.650000000000034,90.0,1761.0,28.9,128.0,0,0,0,0,0,0,-10.0,50892.899999999994
H37581,H,26.55000000000001,37.950000000000045,90.0,1353.0,47.1,143.0,0,0,0,0,0,0,-11.400000000000034,63726.3
M21780,M,28.05000000000001,38.450000000000045,90.0,1423.0,48.0,199.0,0,0,0,0,0,0,-10.400000000000034,68304.0
L49880,L,26.75,36.150000000000034,90.0,1473.0,40.4,59.0,0,0,0,0,0,0,-9.400000000000034,59509.2
H34818,H,29.650000000000034,39.35000000000002,90.0,1422.0,46.1,4.0,0,0,0,0,0,0,-9.699999999999989,65554.2
M22079,M,26.650000000000034,36.55000000000001,90.0,1556.0,37.7,124.0,0,0,0,0,0,0,-9.899999999999977,58661.200000000004
H36916,H,27.150000000000034,38.55000000000001,90.0,1655.0,29.9,193.0,0,0,0,0,0,0,-11.399999999999977,49484.5
L50122,L,27.55000000000001,36.35000000000002,90.0,1461.0,49.9,0.0,0,0,0,0,0,0,-8.800000000000011,72903.9
M21161,M,28.05000000000001,37.450000000000045,90.0,1576.0,39.6,109.0,0,0,0,0,0,0,-9.400000000000034,62409.600000000006
H29500,H,25.850000000000023,35.85000000000002,90.0,1436.0,43.9,20.0,0,0,0,0,0,0,-10.0,63040.4
L49857,L,26.650000000000034,36.35000000000002,90.0,1495.0,39.6,10.0,0,0,0,0,0,0,-9.699999999999989,59202.0
H37143,H,27.55000000000001,38.75,90.0,1329.0,59.2,121.0,0,0,0,0,0,0,-11.199999999999989,78676.8
L49774,L,25.650000000000034,35.35000000000002,90.0,1446.0,37.0,11.0,0,0,0,0,0,0,-9.699999999999989,53502.0
M20744,M,28.150000000000034,37.950000000000045,90.0,1438.0,43.0,137.0,0,0,0,0,0,0,-9.800000000000011,61834.0
M15889,M,23.05000000000001,34.150000000000034,90.0,1477.0,35.2,53.0,0,0,0,0,0,0,-11.100000000000023,51990.4
H29550,H,25.55000000000001,35.35000000000002,90.0,1420.0,45.7,143.0,0,0,0,0,0,0,-9.800000000000011,64894.00000000001
L54011,L,27.950000000000045,37.85000000000002,90.0,1565.0,52.3,183.0,0,0,0,0,0,0,-9.899999999999977,81849.5
L50034,L,27.350000000000023,36.150000000000034,90.0,1470.0,40.8,219.0,0,0,0,0,0,0,-8.800000000000011,59975.99999999999
M16060,M,23.75,34.85000000000002,90.0,1430.0,55.9,71.0,0,0,0,0,0,0,-11.100000000000023,79937.0
L54508,L,26.850000000000023,37.35000000000002,90.0,1517.0,42.2,186.0,0,0,0,0,0,0,-10.5,64017.4
L54769,L,27.25,37.85000000000002,90.0,1802.0,26.0,197.0,0,0,0,0,0,0,-10.600000000000023,46852.0
L53752,L,28.25,37.55000000000001,90.0,1428.0,53.7,176.0,0,0,0,0,0,0,-9.300000000000011,76683.6
H35949,H,28.05000000000001,37.35000000000002,90.0,1505.0,43.6,78.0,0,0,0,0,0,0,-9.300000000000011,65618.0
M23135,M,25.75,37.450000000000045,90.0,1720.0,25.3,197.0,0,0,0,0,0,0,-11.700000000000045,43516.0
M17190,M,26.150000000000034,35.55000000000001,90.0,1390.0,49.3,215.0,0,0,0,0,0,0,-9.399999999999977,68527.0
M18375,M,28.75,37.950000000000045,90.0,1605.0,40.0,179.0,0,0,0,0,0,0,-9.200000000000045,64200.0
M17047,M,26.650000000000034,36.25,90.0,1439.0,47.4,57.0,0,0,0,0,0,0,-9.599999999999966,68208.59999999999
L47375,L,25.150000000000034,35.35000000000002,90.0,1453.0,42.9,89.0,0,0,0,0,0,0,-10.199999999999989,62333.7
L54437,L,27.05000000000001,37.25,90.0,1518.0,41.8,5.0,0,0,0,0,0,0,-10.199999999999989,63452.399999999994
L52239,L,30.75,39.650000000000034,90.0,1419.0,47.9,196.0,0,0,0,0,0,0,-8.900000000000034,67970.09999999999
M23708,M,24.350000000000023,35.75,90.0,1436.0,44.8,2.0,0,0,0,0,0,0,-11.399999999999977,64332.799999999996
M24788,M,25.25,35.35000000000002,90.0,1576.0,27.4,55.0,0,0,0,0,0,0,-10.100000000000023,43182.399999999994
L56262,L,24.05000000000001,34.75,90.0,1309.0,49.6,167.0,0,0,0,0,0,0,-10.699999999999989,64926.4
M23604,M,24.25,35.55000000000001,90.0,1798.0,23.0,135.0,0,0,0,0,0,0,-11.300000000000011,41354.0
H30058,H,24.55000000000001,36.25,90.0,1608.0,30.2,135.0,0,0,0,0,0,0,-11.699999999999989,48561.6
M24234,M,24.650000000000034,35.35000000000002,90.0,1466.0,44.7,88.0,0,0,0,0,0,0,-10.699999999999989,65530.200000000004
L52283,L,30.950000000000045,40.25,90.0,1399.0,43.7,111.0,0,0,0,0,0,0,-9.299999999999955,61136.3
L48817,L,24.75,34.650000000000034,90.0,1665.0,33.9,102.0,0,0,0,0,0,0,-9.900000000000034,56443.5
L47300,L,25.75,35.55000000000001,90.0,1433.0,44.7,108.0,0,0,0,0,0,0,-9.800000000000011,64055.100000000006
H32395,H,27.25,36.25,90.0,1530.0,40.4,112.0,0,0,0,0,0,0,-9.0,61812.0
L50254,L,26.950000000000045,36.05000000000001,90.0,1783.0,27.3,118.0,0,0,0,0,0,0,-9.099999999999966,48675.9
M23787,M,24.25,35.25,90.0,1789.0,25.0,210.0,0,0,0,0,0,0,-11.0,44725.0
L49315,L,26.150000000000034,35.85000000000002,90.0,1511.0,47.8,148.0,0,0,0,0,0,0,-9.699999999999989,72225.8
M23801,M,24.150000000000034,35.150000000000034,90.0,1595.0,32.2,29.0,0,0,0,0,0,0,-11.0,51359.00000000001
L52150,L,30.650000000000034,39.450000000000045,90.0,1565.0,36.0,179.0,0,0,0,0,0,0,-8.800000000000011,56340.0
L47314,L,25.650000000000034,35.25,90.0,1369.0,53.0,138.0,0,0,0,0,0,0,-9.599999999999966,72557.0
L54911,L,27.450000000000045,38.85000000000002,90.0,1566.0,30.1,128.0,0,0,0,0,0,0,-11.399999999999977,47136.600000000006
M20184,M,30.25,39.650000000000034,90.0,1526.0,30.8,37.0,0,0,0,0,0,0,-9.400000000000034,47000.8
L56820,L,26.25,37.35000000000002,90.0,1514.0,36.1,169.0,0,0,0,0,0,0,-11.100000000000023,54655.4
L53340,L,27.850000000000023,37.75,90.0,1570.0,34.0,192.0,0,0,0,0,0,0,-9.899999999999977,53380.0
M17327,M,25.75,35.450000000000045,90.0,1574.0,33.5,128.0,0,0,0,0,0,0,-9.700000000000045,52729.0
M21657,M,28.05000000000001,37.55000000000001,90.0,1615.0,34.9,95.0,0,0,0,0,0,0,-9.5,56363.5
L47921,L,23.75,35.150000000000034,90.0,1513.0,38.8,189.0,0,0,0,0,0,0,-11.400000000000034,58704.399999999994
L52487,L,30.850000000000023,40.150000000000034,90.0,1530.0,34.8,211.0,0,0,0,0,0,0,-9.300000000000011,53243.99999999999
L50821,L,29.150000000000034,38.450000000000045,90.0,1488.0,41.8,75.0,0,0,0,0,0,0,-9.300000000000011,62198.399999999994
L47624,L,24.25,35.25,90.0,1582.0,37.2,68.0,0,0,0,0,0,0,-11.0,58850.4
L55320,L,26.450000000000045,37.75,90.0,1658.0,28.0,76.0,0,0,0,0,0,0,-11.299999999999955,46424.0
L50438,L,28.05000000000001,36.75,90.0,1643.0,32.9,171.0,0,0,0,0,0,0,-8.699999999999989,54054.7
L51843,L,30.150000000000034,38.150000000000034,90.0,1389.0,53.9,39.0,0,0,0,0,0,0,-8.0,74867.09999999999
L49053,L,25.25,34.950000000000045,90.0,1367.0,57.8,92.0,0,0,0,0,0,0,-9.700000000000045,79012.59999999999
L49776,L,25.850000000000023,35.55000000000001,90.0,1426.0,38.6,16.0,0,0,0,0,0,0,-9.699999999999989,55043.6
L48897,L,25.05000000000001,34.450000000000045,90.0,1369.0,54.5,82.0,0,0,0,0,0,0,-9.400000000000034,74610.5
L50023,L,27.150000000000034,36.05000000000001,90.0,1532.0,40.2,194.0,0,0,0,0,0,0,-8.899999999999977,61586.4
L52668,L,29.55000000000001,39.05000000000001,90.0,1450.0,52.1,213.0,1,0,0,0,1,0,-9.5,75545.0
L55814,L,24.150000000000034,35.150000000000034,90.0,1411.0,43.2,63.0,0,0,0,0,0,0,-11.0,60955.200000000004
L55217,L,27.55000000000001,38.650000000000034,90.0,1603.0,34.1,17.0,0,0,0,0,0,0,-11.100000000000023,54662.3
H30104,H,24.450000000000045,35.85000000000002,90.0,1413.0,40.2,51.0,0,0,0,0,0,0,-11.399999999999977,56802.600000000006
M16771,M,24.950000000000045,34.650000000000034,90.0,1316.0,57.2,191.0,0,0,0,0,0,0,-9.699999999999989,75275.2
L48194,L,23.05000000000001,34.05000000000001,90.0,1445.0,41.8,20.0,0,0,0,0,0,0,-11.0,60400.99999999999
L52949,L,28.55000000000001,38.150000000000034,90.0,1348.0,51.0,87.0,0,0,0,0,0,0,-9.600000000000023,68748.0
M18617,M,29.05000000000001,37.950000000000045,90.0,1516.0,33.7,158.0,0,0,0,0,0,0,-8.900000000000034,51089.200000000004
L52463,L,30.650000000000034,40.05000000000001,90.0,1525.0,41.9,145.0,0,0,0,0,0,0,-9.399999999999977,63897.5
L51550,L,28.850000000000023,36.75,90.0,1308.0,57.6,197.0,1,0,1,0,1,0,-7.899999999999977,75340.8
M16221,M,25.450000000000045,36.950000000000045,90.0,1458.0,41.9,61.0,0,0,0,0,0,0,-11.5,61090.2
L55641,L,25.55000000000001,36.75,90.0,1446.0,43.3,46.0,0,0,0,0,0,0,-11.199999999999989,62611.799999999996
L48507,L,25.650000000000034,37.05000000000001,90.0,1814.0,26.8,204.0,0,0,0,0,0,0,-11.399999999999977,48615.200000000004
L55687,L,25.25,36.55000000000001,90.0,1518.0,39.8,165.0,0,0,0,0,0,0,-11.300000000000011,60416.399999999994
L48731,L,25.25,35.650000000000034,90.0,1458.0,40.1,111.0,0,0,0,0,0,0,-10.400000000000034,58465.8
L54949,L,27.150000000000034,38.35000000000002,90.0,1552.0,38.9,23.0,0,0,0,0,0,0,-11.199999999999989,60372.799999999996
L57088,L,25.450000000000045,35.85000000000002,90.0,1456.0,47.7,0.0,0,0,0,0,0,0,-10.399999999999977,69451.2
H30751,H,25.55000000000001,37.05000000000001,90.0,1613.0,36.0,0.0,0,0,0,0,0,0,-11.5,58068.0
H33315,H,29.05000000000001,37.950000000000045,90.0,1553.0,34.1,89.0,0,0,0,0,0,0,-8.900000000000034,52957.3
L50190,L,27.150000000000034,36.450000000000045,90.0,1537.0,37.1,187.0,0,0,0,0,0,0,-9.300000000000011,57022.700000000004
M23685,M,24.150000000000034,35.650000000000034,90.0,1548.0,41.3,140.0,0,0,0,0,0,0,-11.5,63932.399999999994
L53713,L,28.150000000000034,37.55000000000001,90.0,1504.0,47.2,74.0,0,0,0,0,0,0,-9.399999999999977,70988.8
H34453,H,30.950000000000045,40.150000000000034,90.0,1689.0,32.5,134.0,0,0,0,0,0,0,-9.199999999999989,54892.5
L49526,L,26.05000000000001,35.25,90.0,1402.0,47.7,24.0,0,0,0,0,0,0,-9.199999999999989,66875.40000000001
M24142,M,25.05000000000001,35.75,90.0,1414.0,44.3,68.0,0,0,0,0,0,0,-10.699999999999989,62640.2
L52665,L,29.450000000000045,38.950000000000045,90.0,1344.0,51.0,206.0,0,0,0,0,0,0,-9.5,68544.0
L49964,L,27.05000000000001,36.450000000000045,90.0,1430.0,52.7,47.0,0,0,0,0,0,0,-9.400000000000034,75361.0
L52299,L,31.05000000000001,40.450000000000045,90.0,1411.0,46.0,149.0,0,0,0,0,0,0,-9.400000000000034,64906.0
M22410,M,27.150000000000034,38.25,90.0,1554.0,34.3,99.0,0,0,0,0,0,0,-11.099999999999966,53302.2
L52735,L,29.350000000000023,38.85000000000002,90.0,1411.0,44.2,177.0,0,0,0,0,0,0,-9.5,62366.200000000004
M20459,M,29.55000000000001,38.85000000000002,90.0,1652.0,31.0,81.0,0,0,0,0,0,0,-9.300000000000011,51212.0
L47330,L,25.25,35.150000000000034,90.0,1422.0,42.7,186.0,0,0,0,0,0,0,-9.900000000000034,60719.4
L49984,L,26.950000000000045,36.35000000000002,90.0,1450.0,40.1,100.0,0,0,0,0,0,0,-9.399999999999977,58145.0
H31500,H,26.25,36.150000000000034,90.0,1439.0,49.7,9.0,0,0,0,0,0,0,-9.900000000000034,71518.3
L50931,L,29.25,37.950000000000045,90.0,1520.0,42.2,143.0,0,0,0,0,0,0,-8.700000000000045,64144.00000000001
L52792,L,29.850000000000023,39.150000000000034,90.0,1486.0,42.4,112.0,0,0,0,0,0,0,-9.300000000000011,63006.4
M20918,M,27.75,37.75,90.0,1636.0,35.3,153.0,0,0,0,0,0,0,-10.0,57750.799999999996
L55214,L,27.55000000000001,38.650000000000034,90.0,1564.0,36.8,11.0,0,0,0,0,0,0,-11.100000000000023,57555.2
H30273,H,23.05000000000001,33.85000000000002,90.0,1542.0,40.6,28.0,0,0,0,0,0,0,-10.800000000000011,62605.200000000004
M22451,M,27.350000000000023,37.950000000000045,90.0,1296.0,61.3,202.0,1,0,0,0,1,0,-10.600000000000023,79444.8
L55277,L,27.150000000000034,38.55000000000001,90.0,1452.0,41.5,172.0,0,0,0,0,0,0,-11.399999999999977,60258.0
H36734,H,26.650000000000034,37.05000000000001,90.0,1411.0,49.7,161.0,0,0,0,0,0,0,-10.399999999999977,70126.7
L51919,L,30.05000000000001,38.25,90.0,1351.0,53.8,8.0,1,0,1,0,0,0,-8.199999999999989,72683.8
L55774,L,24.25,34.85000000000002,90.0,1356.0,51.9,184.0,0,0,0,0,0,0,-10.600000000000023,70376.4
L52708,L,29.25,38.650000000000034,90.0,1384.0,50.9,99.0,0,0,0,0,0,0,-9.400000000000034,70445.59999999999
M16639,M,25.450000000000045,35.05000000000001,90.0,1488.0,44.0,43.0,0,0,0,0,0,0,-9.599999999999966,65472.0
M24081,M,24.650000000000034,35.85000000000002,90.0,1675.0,30.0,110.0,0,0,0,0,0,0,-11.199999999999989,50250.0
H34199,H,30.75,39.55000000000001,90.0,1401.0,50.0,129.0,0,0,0,0,0,0,-8.800000000000011,70050.0
M21194,M,27.25,36.650000000000034,90.0,1725.0,30.4,195.0,0,0,0,0,0,0,-9.400000000000034,52440.0
L52117,L,30.25,39.150000000000034,90.0,1540.0,38.7,96.0,0,0,0,0,0,0,-8.900000000000034,59598.00000000001
H36895,H,27.05000000000001,38.25,90.0,1506.0,36.1,141.0,0,0,0,0,0,0,-11.199999999999989,54366.6
L55930,L,24.150000000000034,35.35000000000002,90.0,1764.0,30.8,148.0,0,0,0,0,0,0,-11.199999999999989,54331.200000000004
L47262,L,25.75,35.75,90.0,1453.0,40.8,11.0,0,0,0,0,0,0,-10.0,59282.399999999994
L47996,L,23.650000000000034,34.450000000000045,90.0,1434.0,48.3,138.0,0,0,0,0,0,0,-10.800000000000011,69262.2
H38015,H,24.25,35.05000000000001,90.0,1359.0,46.9,199.0,0,0,0,0,0,0,-10.800000000000011,63737.1
M22214,M,26.55000000000001,37.150000000000034,90.0,1429.0,47.7,35.0,0,0,0,0,0,0,-10.600000000000023,68163.3
L56361,L,24.75,35.950000000000045,90.0,1521.0,36.1,15.0,0,0,0,0,0,0,-11.200000000000045,54908.1
L52748,L,29.350000000000023,38.950000000000045,90.0,1534.0,38.6,3.0,0,0,0,0,0,0,-9.600000000000023,59212.4
L47463,L,25.05000000000001,35.05000000000001,90.0,1469.0,43.0,88.0,0,0,0,0,0,0,-10.0,63167.0
M18980,M,28.950000000000045,37.55000000000001,90.0,1376.0,46.3,210.0,1,0,1,0,0,0,-8.599999999999966,63708.799999999996
M22340,M,27.05000000000001,38.25,90.0,1570.0,35.3,138.0,0,0,0,0,0,0,-11.199999999999989,55420.99999999999
L47789,L,24.950000000000045,36.75,90.0,1629.0,32.5,45.0,0,0,0,0,0,0,-11.799999999999955,52942.5
L50095,L,27.350000000000023,36.35000000000002,90.0,1255.0,62.1,138.0,0,0,0,0,0,0,-9.0,77935.5
H30685,H,24.850000000000023,36.25,90.0,1490.0,40.5,53.0,0,0,0,0,0,0,-11.399999999999977,60345.0
H39009,H,25.850000000000023,36.950000000000045,90.0,1432.0,50.0,45.0,0,0,0,0,0,0,-11.100000000000023,71600.0
L50174,L,27.350000000000023,36.650000000000034,90.0,1461.0,52.5,146.0,0,0,0,0,0,0,-9.300000000000011,76702.5
L54289,L,27.75,37.35000000000002,90.0,1599.0,40.5,57.0,0,0,0,0,0,0,-9.600000000000023,64759.5
L53733,L,28.25,37.650000000000034,90.0,1389.0,52.7,125.0,0,0,0,0,0,0,-9.400000000000034,73200.3
H31719,H,26.05000000000001,35.35000000000002,90.0,1342.0,47.5,147.0,0,0,0,0,0,0,-9.300000000000011,63745.0
L53440,L,27.950000000000045,37.55000000000001,90.0,1436.0,45.3,8.0,0,0,0,0,0,0,-9.599999999999966,65050.799999999996
L51375,L,29.350000000000023,37.85000000000002,90.0,1548.0,38.4,188.0,0,0,0,0,0,0,-8.5,59443.2
L52742,L,29.150000000000034,38.55000000000001,90.0,1648.0,32.1,197.0,0,0,0,0,0,0,-9.399999999999977,52900.8
L55327,L,26.350000000000023,37.650000000000034,90.0,1447.0,41.0,93.0,0,0,0,0,0,0,-11.300000000000011,59327.0
L51348,L,29.05000000000001,37.450000000000045,90.0,1632.0,30.5,122.0,0,0,0,0,0,0,-8.400000000000034,49776.0
L51029,L,29.150000000000034,37.85000000000002,90.0,1561.0,37.2,180.0,0,0,0,0,0,0,-8.699999999999989,58069.200000000004
L57027,L,25.25,35.950000000000045,90.0,1362.0,46.1,37.0,0,0,0,0,0,0,-10.700000000000045,62788.200000000004
H37815,H,25.350000000000023,36.25,90.0,1671.0,31.8,108.0,0,0,0,0,0,0,-10.899999999999977,53137.8
L52433,L,30.350000000000023,39.85000000000002,90.0,1547.0,40.3,73.0,0,0,0,0,0,0,-9.5,62344.1
L52713,L,29.25,38.55000000000001,90.0,1721.0,26.9,112.0,0,0,0,0,0,0,-9.300000000000011,46294.899999999994
L49594,L,25.950000000000045,35.35000000000002,90.0,1415.0,43.4,0.0,0,0,0,0,0,0,-9.399999999999977,61411.0
L50734,L,28.75,37.650000000000034,90.0,1525.0,43.2,62.0,0,0,0,0,0,0,-8.900000000000034,65880.0
L49375,L,26.450000000000045,35.75,90.0,1613.0,30.8,80.0,0,0,0,0,0,0,-9.299999999999955,49680.4
M19905,M,30.950000000000045,40.05000000000001,90.0,1510.0,46.9,152.0,0,0,0,0,0,0,-9.099999999999966,70819.0
L49780,L,26.150000000000034,35.85000000000002,90.0,1422.0,47.3,25.0,0,0,0,0,0,0,-9.699999999999989,67260.59999999999
H30932,H,25.05000000000001,35.85000000000002,90.0,1371.0,55.7,23.0,0,0,0,0,0,0,-10.800000000000011,76364.7
M19624,M,30.55000000000001,38.85000000000002,90.0,1402.0,48.6,76.0,0,0,0,0,0,0,-8.300000000000011,68137.2
H33728,H,28.25,36.950000000000045,90.0,1623.0,32.3,39.0,0,0,0,0,0,0,-8.700000000000045,52422.899999999994
L53245,L,27.850000000000023,37.75,90.0,1568.0,38.2,172.0,0,0,0,0,0,0,-9.899999999999977,59897.600000000006
L53762,L,28.350000000000023,37.35000000000002,90.0,1528.0,35.7,198.0,0,0,0,0,0,0,-9.0,54549.600000000006
L49813,L,26.950000000000045,36.650000000000034,90.0,1532.0,39.8,115.0,0,0,0,0,0,0,-9.699999999999989,60973.6
L52813,L,29.55000000000001,39.05000000000001,90.0,1447.0,47.5,166.0,0,0,0,0,0,0,-9.5,68732.5
L55969,L,24.25,35.35000000000002,90.0,1471.0,43.9,45.0,0,0,0,0,0,0,-11.100000000000023,64576.9
M17294,M,25.850000000000023,35.05000000000001,90.0,1358.0,42.7,50.0,0,0,0,0,0,0,-9.199999999999989,57986.600000000006
L53938,L,28.55000000000001,37.950000000000045,90.0,1644.0,32.8,206.0,0,0,0,0,0,0,-9.400000000000034,53923.2
H36025,H,28.350000000000023,37.35000000000002,90.0,1587.0,33.8,57.0,0,0,0,0,0,0,-9.0,53640.6
L51700,L,29.25,37.25,90.0,1456.0,47.6,127.0,0,0,0,0,0,0,-8.0,69305.6
L52767,L,29.350000000000023,38.75,90.0,1481.0,42.9,52.0,0,0,0,0,0,0,-9.399999999999977,63534.9
L50725,L,28.650000000000034,37.650000000000034,90.0,1576.0,38.6,38.0,0,0,0,0,0,0,-9.0,60833.600000000006
M23665,M,24.25,35.450000000000045,90.0,1469.0,42.6,80.0,0,0,0,0,0,0,-11.200000000000045,62579.4
M20391,M,29.150000000000034,38.55000000000001,90.0,1504.0,37.3,107.0,0,0,0,0,0,0,-9.399999999999977,56099.2
M15377,M,24.350000000000023,36.25,90.0,1391.0,58.2,34.0,0,0,0,0,0,0,-11.899999999999977,80956.2
L54044,L,27.950000000000045,38.150000000000034,90.0,1268.0,60.0,53.0,0,0,0,0,0,0,-10.199999999999989,76080.0
M19524,M,30.150000000000034,38.150000000000034,90.0,1566.0,46.1,41.0,0,0,0,0,0,0,-8.0,72192.6
L52035,L,30.55000000000001,39.150000000000034,90.0,1375.0,46.2,98.0,0,0,0,0,0,0,-8.600000000000023,63525.00000000001
L47307,L,25.75,35.450000000000045,90.0,1413.0,46.5,122.0,0,0,0,0,0,0,-9.700000000000045,65704.5
M18334,M,28.75,37.650000000000034,90.0,1557.0,35.3,65.0,0,0,0,0,0,0,-8.900000000000034,54962.1
L51490,L,28.25,36.85000000000002,90.0,1776.0,25.6,30.0,0,0,0,0,0,0,-8.600000000000023,45465.600000000006
L54056,L,27.650000000000034,38.05000000000001,90.0,1430.0,54.4,85.0,0,0,0,0,0,0,-10.399999999999977,77792.0
L53076,L,27.950000000000045,37.650000000000034,90.0,1274.0,55.7,169.0,0,0,0,0,0,0,-9.699999999999989,70961.8
M20700,M,28.150000000000034,37.950000000000045,90.0,1581.0,30.9,31.0,0,0,0,0,0,0,-9.800000000000011,48852.899999999994
H39184,H,25.450000000000045,36.35000000000002,90.0,1584.0,31.8,27.0,0,0,0,0,0,0,-10.899999999999977,50371.200000000004
M16333,M,25.350000000000023,36.35000000000002,90.0,1315.0,48.9,127.0,0,0,0,0,0,0,-11.0,64303.5
L52001,L,30.350000000000023,38.75,90.0,1405.0,45.6,10.0,0,0,0,0,0,0,-8.399999999999977,64068.0
L50740,L,28.650000000000034,37.55000000000001,90.0,1680.0,32.4,76.0,0,0,0,0,0,0,-8.899999999999977,54432.0
M18811,M,29.150000000000034,38.25,90.0,1571.0,32.7,17.0,0,0,0,0,0,0,-9.099999999999966,51371.700000000004
M20297,M,29.75,39.450000000000045,90.0,1394.0,46.4,82.0,0,0,0,0,0,0,-9.700000000000045,64681.6
L47696,L,24.350000000000023,36.150000000000034,90.0,1732.0,29.9,32.0,0,0,0,0,0,0,-11.800000000000011,51786.799999999996
M18028,M,27.25,36.450000000000045,90.0,1614.0,30.3,161.0,0,0,0,0,0,0,-9.200000000000045,48904.200000000004
M17809,M,27.55000000000001,36.35000000000002,90.0,1470.0,48.7,21.0,0,0,0,0,0,0,-8.800000000000011,71589.0
L48604,L,25.55000000000001,36.55000000000001,90.0,1462.0,46.8,4.0,0,0,0,0,0,0,-11.0,68421.59999999999
L49104,L,24.75,34.55000000000001,90.0,1353.0,50.7,13.0,0,0,0,0,0,0,-9.800000000000011,68597.1
L49558,L,25.950000000000045,35.05000000000001,90.0,1348.0,56.1,110.0,0,0,0,0,0,0,-9.099999999999966,75622.8
L52311,L,30.950000000000045,40.150000000000034,90.0,1452.0,43.9,182.0,0,0,0,0,0,0,-9.199999999999989,63742.799999999996
L51739,L,29.55000000000001,37.55000000000001,90.0,1433.0,43.7,13.0,0,0,0,0,0,0,-8.0,62622.100000000006
M19455,M,29.850000000000023,38.05000000000001,90.0,1460.0,43.9,103.0,0,0,0,0,0,0,-8.199999999999989,64094.0
H32664,H,28.05000000000001,36.650000000000034,90.0,1709.0,27.0,151.0,0,0,0,0,0,0,-8.600000000000023,46143.0
M19550,M,30.25,38.35000000000002,90.0,1483.0,43.0,117.0,0,0,0,0,0,0,-8.100000000000023,63769.0
H37181,H,27.05000000000001,38.25,90.0,1319.0,54.6,15.0,0,0,0,0,0,0,-11.199999999999989,72017.40000000001
M19406,M,29.350000000000023,37.25,90.0,1429.0,43.2,191.0,0,0,0,0,0,0,-7.899999999999977,61732.8
L50457,L,28.150000000000034,36.950000000000045,90.0,1531.0,41.6,9.0,0,0,0,0,0,0,-8.800000000000011,63689.6
M22402,M,27.25,38.450000000000045,90.0,1401.0,49.9,79.0,0,0,0,0,0,0,-11.200000000000045,69909.9
L53773,L,28.450000000000045,37.55000000000001,90.0,1679.0,29.5,10.0,0,0,0,0,0,0,-9.099999999999966,49530.5
L51248,L,28.75,37.55000000000001,90.0,1405.0,48.8,78.0,0,0,0,0,0,0,-8.800000000000011,68564.0
L55768,L,24.150000000000034,34.650000000000034,90.0,1385.0,44.4,169.0,0,0,0,0,0,0,-10.5,61494.0
M18082,M,27.55000000000001,36.55000000000001,90.0,1435.0,44.7,76.0,0,0,0,0,0,0,-9.0,64144.50000000001
L56133,L,24.150000000000034,34.85000000000002,90.0,1518.0,36.0,59.0,0,0,0,0,0,0,-10.699999999999989,54648.0
L52166,L,30.55000000000001,39.75,90.0,1502.0,40.5,0.0,0,0,0,0,0,0,-9.199999999999989,60831.0
M18523,M,29.150000000000034,38.55000000000001,90.0,1442.0,41.7,127.0,0,0,0,0,0,0,-9.399999999999977,60131.4
L49943,L,26.650000000000034,36.05000000000001,90.0,1491.0,47.5,216.0,0,0,0,0,0,0,-9.399999999999977,70822.5
L51800,L,29.950000000000045,38.150000000000034,90.0,1336.0,52.6,172.0,1,0,1,0,0,0,-8.199999999999989,70273.6
L48179,L,23.150000000000034,33.950000000000045,90.0,1560.0,33.2,186.0,0,0,0,0,0,0,-10.800000000000011,51792.00000000001
M15249,M,24.450000000000045,35.55000000000001,90.0,1408.0,54.8,147.0,0,0,0,0,0,0,-11.099999999999966,77158.4
L48656,L,25.25,36.35000000000002,90.0,1692.0,28.3,136.0,0,0,0,0,0,0,-11.100000000000023,47883.6
L49420,L,26.05000000000001,35.35000000000002,90.0,1457.0,44.7,195.0,0,0,0,0,0,0,-9.300000000000011,65127.9
L49566,L,25.950000000000045,35.25,90.0,1543.0,37.9,130.0,0,0,0,0,0,0,-9.299999999999955,58479.7
L56319,L,24.350000000000023,35.35000000000002,90.0,1536.0,36.9,108.0,0,0,0,0,0,0,-11.0,56678.399999999994
L48172,L,22.950000000000045,33.950000000000045,90.0,1651.0,35.7,167.0,0,0,0,0,0,0,-11.0,58940.700000000004
M17832,M,27.450000000000045,36.25,90.0,1432.0,44.2,84.0,0,0,0,0,0,0,-8.799999999999955,63294.4
M23672,M,24.05000000000001,35.25,90.0,1378.0,41.9,97.0,0,0,0,0,0,0,-11.199999999999989,57738.2
H34183,H,30.450000000000045,38.75,90.0,1544.0,37.1,88.0,0,0,0,0,0,0,-8.299999999999955,57282.4
H30707,H,25.55000000000001,36.650000000000034,90.0,1582.0,33.4,121.0,0,0,0,0,0,0,-11.100000000000023,52838.799999999996
L49004,L,24.950000000000045,34.35000000000002,90.0,1391.0,57.4,161.0,0,0,0,0,0,0,-9.399999999999977,79843.4
M19033,M,29.05000000000001,37.450000000000045,90.0,1346.0,49.2,134.0,1,0,1,0,0,0,-8.400000000000034,66223.2
L49715,L,25.850000000000023,35.650000000000034,90.0,1495.0,38.4,75.0,0,0,0,0,0,0,-9.800000000000011,57408.0
L49087,L,24.75,34.450000000000045,90.0,1504.0,42.4,180.0,0,0,0,0,0,0,-9.700000000000045,63769.6
M24351,M,25.850000000000023,36.55000000000001,90.0,1489.0,40.7,212.0,0,0,0,0,0,0,-10.699999999999989,60602.3
L48331,L,23.850000000000023,34.75,90.0,1350.0,47.7,168.0,0,0,0,0,0,0,-10.899999999999977,64395.00000000001
M21218,M,27.05000000000001,36.650000000000034,90.0,1466.0,45.7,41.0,0,0,0,0,0,0,-9.600000000000023,66996.2
L53687,L,27.850000000000023,36.950000000000045,90.0,1558.0,32.6,0.0,0,0,0,0,0,0,-9.100000000000023,50790.8
M19147,M,28.55000000000001,36.75,90.0,1457.0,39.2,192.0,0,0,0,0,0,0,-8.199999999999989,57114.4
L54955,L,27.150000000000034,38.35000000000002,90.0,1663.0,33.6,38.0,0,0,0,0,0,0,-11.199999999999989,55876.8
L53894,L,28.150000000000034,37.450000000000045,90.0,1440.0,53.8,90.0,0,0,0,0,0,0,-9.300000000000011,77472.0
M15959,M,23.650000000000034,34.25,90.0,1472.0,43.9,30.0,0,0,0,0,0,0,-10.599999999999966,64620.799999999996
M18268,M,28.05000000000001,37.25,90.0,1382.0,41.6,117.0,0,0,0,0,0,0,-9.199999999999989,57491.200000000004
L48718,L,25.25,35.950000000000045,90.0,1798.0,29.6,81.0,0,0,0,0,0,0,-10.700000000000045,53220.8
L49472,L,26.450000000000045,35.75,90.0,1422.0,53.2,120.0,0,0,0,0,0,0,-9.299999999999955,75650.40000000001
L56480,L,24.950000000000045,35.75,90.0,1367.0,41.9,113.0,0,0,0,0,0,0,-10.799999999999955,57277.299999999996
L48543,L,25.55000000000001,36.950000000000045,90.0,1433.0,54.6,66.0,0,0,0,0,0,0,-11.400000000000034,78241.8
M24321,M,25.25,36.05000000000001,90.0,1414.0,46.4,128.0,0,0,0,0,0,0,-10.800000000000011,65609.59999999999
L56495,L,25.350000000000023,36.35000000000002,90.0,1569.0,41.0,153.0,0,0,0,0,0,0,-11.0,64329.0
L56478,L,24.950000000000045,35.75,90.0,1313.0,50.6,108.0,0,0,0,0,0,0,-10.799999999999955,66437.8
H29580,H,25.25,35.05000000000001,90.0,1612.0,32.6,10.0,0,0,0,0,0,0,-9.800000000000011,52551.200000000004
M20357,M,29.75,39.35000000000002,90.0,1551.0,40.0,20.0,0,0,0,0,0,0,-9.600000000000023,62040.0
L55479,L,25.55000000000001,36.85000000000002,90.0,1637.0,31.8,42.0,0,0,0,0,0,0,-11.300000000000011,52056.6
L50674,L,28.75,37.85000000000002,90.0,1356.0,45.7,119.0,0,0,0,0,0,0,-9.100000000000023,61969.200000000004
H39047,H,25.950000000000045,36.950000000000045,90.0,1421.0,41.2,149.0,0,0,0,0,0,0,-11.0,58545.200000000004
L56930,L,25.55000000000001,36.85000000000002,90.0,1555.0,32.6,197.0,0,0,0,0,0,0,-11.300000000000011,50693.0
L48284,L,23.450000000000045,34.25,90.0,1389.0,42.7,48.0,0,0,0,0,0,0,-10.799999999999955,59310.3
L51055,L,29.450000000000045,38.650000000000034,90.0,1427.0,50.1,21.0,0,0,0,0,0,0,-9.199999999999989,71492.7
M22383,M,26.950000000000045,38.35000000000002,90.0,1343.0,46.2,28.0,0,0,0,0,0,0,-11.399999999999977,62046.600000000006
L48932,L,25.05000000000001,34.450000000000045,90.0,1492.0,37.2,178.0,0,0,0,0,0,0,-9.400000000000034,55502.4
L52490,L,30.650000000000034,39.85000000000002,90.0,1427.0,43.0,0.0,0,0,0,0,0,0,-9.199999999999989,61361.0
L50096,L,27.450000000000045,36.450000000000045,90.0,1411.0,41.6,140.0,0,0,0,0,0,0,-9.0,58697.6
L56154,L,23.650000000000034,34.35000000000002,90.0,1474.0,42.4,107.0,0,0,0,0,0,0,-10.699999999999989,62497.6
L52934,L,28.950000000000045,38.35000000000002,90.0,1727.0,27.7,50.0,0,0,0,0,0,0,-9.399999999999977,47837.9
M15012,M,25.25,35.05000000000001,90.0,1584.0,41.0,191.0,0,0,0,0,0,0,-9.800000000000011,64944.0
M22550,M,27.350000000000023,38.450000000000045,90.0,1577.0,36.5,4.0,0,0,0,0,0,0,-11.100000000000023,57560.5
H38549,H,24.55000000000001,35.650000000000034,90.0,1404.0,50.3,97.0,0,0,0,0,0,0,-11.100000000000023,70621.2
H31966,H,26.150000000000034,35.950000000000045,90.0,1552.0,40.7,120.0,0,0,0,0,0,0,-9.800000000000011,63166.4
L50731,L,28.75,37.75,90.0,1799.0,24.2,54.0,0,0,0,0,0,0,-9.0,43535.799999999996
L47700,L,24.450000000000045,36.35000000000002,90.0,1617.0,36.2,42.0,0,0,0,0,0,0,-11.899999999999977,58535.4
M21638,M,28.150000000000034,37.55000000000001,90.0,1819.0,25.5,46.0,0,0,0,0,0,0,-9.399999999999977,46384.5
L49002,L,24.950000000000045,34.450000000000045,90.0,1488.0,39.4,157.0,0,0,0,0,0,0,-9.5,58627.2
L51266,L,28.850000000000023,37.35000000000002,90.0,1567.0,36.1,124.0,0,0,0,0,0,0,-8.5,56568.700000000004
L53328,L,27.950000000000045,38.05000000000001,90.0,1564.0,37.0,165.0,0,0,0,0,0,0,-10.099999999999966,57868.0
M24332,M,25.55000000000001,36.25,90.0,1375.0,48.3,157.0,0,0,0,0,0,0,-10.699999999999989,66412.5
M15169,M,24.75,35.35000000000002,90.0,1449.0,40.8,157.0,0,0,0,0,0,0,-10.600000000000023,59119.2
L55402,L,25.850000000000023,37.35000000000002,90.0,1755.0,27.9,56.0,0,0,0,0,0,0,-11.5,48964.5
L50802,L,28.850000000000023,38.150000000000034,90.0,1509.0,39.9,25.0,0,0,0,0,0,0,-9.300000000000011,60209.1
M18671,M,28.950000000000045,37.55000000000001,90.0,1608.0,30.3,81.0,0,0,0,0,0,0,-8.599999999999966,48722.4
L50630,L,28.450000000000045,37.450000000000045,90.0,1506.0,43.4,222.0,0,0,0,0,0,0,-9.0,65360.4
H39254,H,25.150000000000034,36.05000000000001,90.0,1486.0,42.4,16.0,0,0,0,0,0,0,-10.899999999999977,63006.4
L48315,L,23.75,34.75,90.0,1535.0,39.2,133.0,0,0,0,0,0,0,-11.0,60172.00000000001
L50793,L,28.55000000000001,37.75,90.0,1557.0,39.4,2.0,0,0,0,0,0,0,-9.199999999999989,61345.799999999996
L49029,L,24.55000000000001,34.05000000000001,90.0,1668.0,32.7,31.0,0,0,0,0,0,0,-9.5,54543.600000000006
L54849,L,27.55000000000001,38.650000000000034,90.0,1336.0,58.4,189.0,1,0,0,0,1,0,-11.100000000000023,78022.4
H31402,H,25.150000000000034,34.75,90.0,1420.0,39.2,176.0,0,0,0,0,0,0,-9.599999999999966,55664.00000000001
L50420,L,27.75,36.35000000000002,90.0,1612.0,35.2,124.0,0,0,0,0,0,0,-8.600000000000023,56742.4
L51695,L,29.350000000000023,37.25,90.0,1415.0,48.2,117.0,0,0,0,0,0,0,-7.899999999999977,68203.0
M20490,M,29.650000000000034,39.05000000000001,90.0,1615.0,32.9,159.0,0,0,0,0,0,0,-9.399999999999977,53133.5
L56552,L,24.55000000000001,35.25,90.0,1487.0,41.4,84.0,0,0,0,0,0,0,-10.699999999999989,61561.799999999996
L50289,L,26.75,36.05000000000001,90.0,1491.0,44.3,214.0,0,0,0,0,0,0,-9.300000000000011,66051.3
L52119,L,30.450000000000045,39.35000000000002,90.0,1286.0,62.4,101.0,0,0,0,0,0,0,-8.899999999999977,80246.4
M16847,M,25.05000000000001,34.650000000000034,90.0,1599.0,31.2,173.0,0,0,0,0,0,0,-9.600000000000023,49888.799999999996
L54337,L,27.05000000000001,36.85000000000002,90.0,1486.0,40.1,182.0,0,0,0,0,0,0,-9.800000000000011,59588.6
L56054,L,24.950000000000045,36.150000000000034,90.0,1443.0,45.3,70.0,0,0,0,0,0,0,-11.199999999999989,65367.899999999994
L53793,L,28.55000000000001,37.450000000000045,90.0,1513.0,41.1,64.0,0,0,0,0,0,0,-8.900000000000034,62184.3
M18248,M,28.55000000000001,37.75,90.0,1435.0,48.0,66.0,0,0,0,0,0,0,-9.199999999999989,68880.0
L50336,L,27.25,36.55000000000001,90.0,1467.0,36.9,131.0,0,0,0,0,0,0,-9.300000000000011,54132.299999999996
M24855,M,25.650000000000034,35.25,90.0,1604.0,29.5,14.0,0,0,0,0,0,0,-9.599999999999966,47318.0
L49907,L,26.55000000000001,36.150000000000034,90.0,1434.0,38.5,127.0,0,0,0,0,0,0,-9.600000000000023,55209.0
M23611,M,24.25,35.35000000000002,90.0,1472.0,42.0,150.0,0,0,0,0,0,0,-11.100000000000023,61824.0
L55482,L,25.55000000000001,36.950000000000045,90.0,1641.0,31.1,49.0,0,0,0,0,0,0,-11.400000000000034,51035.100000000006
L53217,L,27.55000000000001,37.950000000000045,90.0,1426.0,46.2,97.0,0,0,0,0,0,0,-10.400000000000034,65881.2
M18692,M,29.05000000000001,37.75,90.0,1465.0,43.5,140.0,0,0,0,0,0,0,-8.699999999999989,63727.5
M23777,M,23.950000000000045,35.05000000000001,90.0,1529.0,37.9,183.0,0,0,0,0,0,0,-11.099999999999966,57949.1
L51956,L,30.350000000000023,38.950000000000045,90.0,1522.0,36.4,107.0,0,0,0,0,0,0,-8.600000000000023,55400.799999999996
M19136,M,29.05000000000001,37.25,90.0,1456.0,47.5,167.0,0,0,0,0,0,0,-8.199999999999989,69160.0
M24450,M,26.05000000000001,37.25,90.0,1325.0,52.0,34.0,0,0,0,0,0,0,-11.199999999999989,68900.0
M15138,M,24.850000000000023,34.85000000000002,90.0,1620.0,29.4,75.0,0,0,0,0,0,0,-10.0,47628.0
L50432,L,27.950000000000045,36.55000000000001,90.0,1668.0,30.8,158.0,0,0,0,0,0,0,-8.599999999999966,51374.4
L47469,L,24.950000000000045,35.25,90.0,1436.0,46.7,103.0,0,0,0,0,0,0,-10.299999999999955,67061.2
L53266,L,27.75,37.650000000000034,90.0,1482.0,37.0,5.0,0,0,0,0,0,0,-9.900000000000034,54834.0
H37537,H,27.05000000000001,38.35000000000002,90.0,1515.0,36.8,27.0,0,0,0,0,0,0,-11.300000000000011,55751.99999999999
L54778,L,27.350000000000023,37.950000000000045,90.0,1491.0,42.6,11.0,0,0,0,0,0,0,-10.600000000000023,63516.6
L53583,L,26.950000000000045,36.450000000000045,90.0,1649.0,33.6,168.0,0,0,0,0,0,0,-9.5,55406.4
M22143,M,26.850000000000023,37.05000000000001,90.0,1443.0,58.7,68.0,0,0,0,0,0,0,-10.199999999999989,84704.1
L56897,L,25.75,36.75,90.0,1500.0,44.2,115.0,0,0,0,0,0,0,-11.0,66300.0
L53301,L,27.75,37.950000000000045,90.0,1457.0,37.4,96.0,0,0,0,0,0,0,-10.200000000000045,54491.799999999996
M22614,M,27.25,38.55000000000001,90.0,1478.0,39.9,185.0,0,0,0,0,0,0,-11.300000000000011,58972.2
L51750,L,29.650000000000034,37.75,90.0,1312.0,52.2,40.0,1,0,1,0,0,0,-8.099999999999966,68486.40000000001
H38530,H,24.450000000000045,35.55000000000001,90.0,1659.0,32.1,49.0,0,0,0,0,0,0,-11.099999999999966,53253.9
L56983,L,25.25,36.05000000000001,90.0,1692.0,29.8,137.0,0,0,0,0,0,0,-10.800000000000011,50421.6
L51496,L,28.350000000000023,36.950000000000045,90.0,1639.0,33.4,47.0,0,0,0,0,0,0,-8.600000000000023,54742.6
L54524,L,26.450000000000045,36.950000000000045,90.0,1384.0,49.8,11.0,0,0,0,0,0,0,-10.5,68923.2
L54628,L,27.150000000000034,38.650000000000034,90.0,1488.0,38.4,51.0,0,0,0,0,0,0,-11.5,57139.2
L47263,L,25.850000000000023,35.85000000000002,90.0,1469.0,40.1,13.0,0,0,0,0,0,0,-10.0,58906.9
M24465,M,25.75,36.950000000000045,90.0,1484.0,37.9,73.0,0,0,0,0,0,0,-11.200000000000045,56243.6
L51737,L,29.55000000000001,37.450000000000045,90.0,1686.0,26.3,9.0,0,0,0,0,0,0,-7.900000000000034,44341.8
L51680,L,29.450000000000045,37.25,90.0,1638.0,36.2,84.0,0,0,0,0,0,0,-7.7999999999999545,59295.600000000006
L49218,L,25.850000000000023,35.650000000000034,90.0,1405.0,55.2,103.0,0,0,0,0,0,0,-9.800000000000011,77556.0
L54089,L,27.650000000000034,38.05000000000001,90.0,1376.0,48.1,172.0,0,0,0,0,0,0,-10.399999999999977,66185.6
L49630,L,26.05000000000001,35.55000000000001,90.0,1492.0,37.8,91.0,0,0,0,0,0,0,-9.5,56397.6
L49509,L,26.150000000000034,35.55000000000001,90.0,1484.0,40.5,213.0,0,0,0,0,0,0,-9.399999999999977,60102.0
L56304,L,24.25,35.25,90.0,1426.0,50.4,70.0,0,0,0,0,0,0,-11.0,71870.4
M21904,M,27.55000000000001,37.450000000000045,90.0,1505.0,35.6,105.0,0,0,0,0,0,0,-9.900000000000034,53578.0
L52222,L,30.950000000000045,40.05000000000001,90.0,1569.0,35.8,146.0,0,0,0,0,0,0,-9.099999999999966,56170.2
L51926,L,30.05000000000001,38.05000000000001,90.0,1427.0,45.6,25.0,0,0,0,0,0,0,-8.0,65071.200000000004
L56582,L,24.55000000000001,34.950000000000045,90.0,1734.0,30.7,177.0,0,0,0,0,0,0,-10.400000000000034,53233.799999999996
M17261,M,26.05000000000001,35.450000000000045,90.0,1367.0,47.6,168.0,0,0,0,0,0,0,-9.400000000000034,65069.200000000004
M20380,M,29.450000000000045,38.85000000000002,90.0,1496.0,45.0,79.0,0,0,0,0,0,0,-9.399999999999977,67320.0
L48396,L,23.75,34.85000000000002,90.0,1514.0,41.0,120.0,0,0,0,0,0,0,-11.100000000000023,62074.0
M23555,M,24.05000000000001,35.450000000000045,90.0,1498.0,44.4,9.0,0,0,0,0,0,0,-11.400000000000034,66511.2
L53200,L,27.55000000000001,37.650000000000034,90.0,1619.0,34.9,57.0,0,0,0,0,0,0,-10.100000000000023,56503.1
L50966,L,29.150000000000034,37.75,90.0,1587.0,36.6,20.0,0,0,0,0,0,0,-8.599999999999966,58084.200000000004
L51590,L,29.350000000000023,37.05000000000001,90.0,1586.0,32.2,64.0,0,0,0,0,0,0,-7.699999999999989,51069.200000000004
L53940,L,28.350000000000023,37.75,90.0,1451.0,40.6,0.0,0,0,0,0,0,0,-9.399999999999977,58910.6
M20383,M,29.350000000000023,38.75,90.0,1524.0,34.8,86.0,0,0,0,0,0,0,-9.399999999999977,53035.2
M20856,M,27.350000000000023,37.05000000000001,90.0,1386.0,48.2,225.0,0,0,0,0,0,0,-9.699999999999989,66805.2
L56013,L,24.25,35.650000000000034,90.0,1529.0,41.3,165.0,0,0,0,0,0,0,-11.400000000000034,63147.7
M17868,M,27.25,36.55000000000001,90.0,1547.0,38.0,181.0,0,0,0,0,0,0,-9.300000000000011,58786.0
M15965,M,23.450000000000045,34.35000000000002,90.0,1734.0,27.0,50.0,0,0,0,0,0,0,-10.899999999999977,46818.0
L47872,L,24.55000000000001,35.950000000000045,90.0,1479.0,42.1,58.0,0,0,0,0,0,0,-11.400000000000034,62265.9
L53777,L,28.350000000000023,37.450000000000045,90.0,1481.0,46.8,20.0,0,0,0,0,0,0,-9.100000000000023,69310.8
H33783,H,28.850000000000023,36.75,90.0,1735.0,27.2,192.0,0,0,0,0,0,0,-7.899999999999977,47192.0
M17625,M,26.75,36.25,90.0,1399.0,54.8,3.0,0,0,0,0,0,0,-9.5,76665.2
M22388,M,26.950000000000045,38.150000000000034,90.0,1748.0,26.6,42.0,0,0,0,0,0,0,-11.199999999999989,46496.8
M15488,M,25.25,36.950000000000045,90.0,1335.0,57.8,96.0,0,0,0,0,0,0,-11.700000000000045,77163.0
L49631,L,26.05000000000001,35.55000000000001,90.0,1650.0,30.5,93.0,0,0,0,0,0,0,-9.5,50325.0
L54192,L,27.25,37.25,90.0,1298.0,61.4,19.0,0,0,0,0,0,0,-10.0,79697.2
L51004,L,29.150000000000034,37.75,90.0,1620.0,30.3,112.0,0,0,0,0,0,0,-8.599999999999966,49086.0
M23837,M,23.75,34.35000000000002,90.0,1556.0,31.2,116.0,0,0,0,0,0,0,-10.600000000000023,48547.2
L49832,L,26.75,36.35000000000002,90.0,1772.0,23.5,167.0,0,0,0,0,0,0,-9.600000000000023,41642.0
L50923,L,29.350000000000023,38.25,90.0,1759.0,24.6,124.0,0,0,0,0,0,0,-8.899999999999977,43271.4
M24766,M,25.450000000000045,35.950000000000045,90.0,1587.0,37.3,203.0,0,0,0,0,0,0,-10.5,59195.1
L50498,L,28.25,37.25,90.0,1436.0,49.7,108.0,0,0,0,0,0,0,-9.0,71369.2
M17647,M,27.150000000000034,36.450000000000045,90.0,1524.0,38.4,54.0,0,0,0,0,0,0,-9.300000000000011,58521.6
L51285,L,28.850000000000023,37.450000000000045,90.0,1583.0,35.2,171.0,0,0,0,0,0,0,-8.600000000000023,55721.600000000006
L53535,L,26.950000000000045,36.55000000000001,90.0,1481.0,37.9,34.0,0,0,0,0,0,0,-9.599999999999966,56129.9
H31090,H,24.75,34.450000000000045,90.0,1418.0,43.0,207.0,0,0,0,0,0,0,-9.700000000000045,60974.0
H33361,H,29.05000000000001,38.150000000000034,90.0,1749.0,29.2,5.0,0,0,0,0,0,0,-9.100000000000023,51070.799999999996
L56185,L,24.05000000000001,34.75,90.0,1337.0,58.1,184.0,0,0,0,0,0,0,-10.699999999999989,77679.7
L49683,L,26.05000000000001,35.85000000000002,90.0,1408.0,47.2,0.0,0,0,0,0,0,0,-9.800000000000011,66457.6
L55662,L,25.25,36.35000000000002,90.0,1520.0,38.1,106.0,0,0,0,0,0,0,-11.100000000000023,57912.0
L52147,L,30.75,39.450000000000045,90.0,1426.0,53.4,172.0,0,0,0,0,0,0,-8.700000000000045,76148.4
L53063,L,28.25,37.950000000000045,90.0,1800.0,26.0,135.0,0,0,0,0,0,0,-9.700000000000045,46800.0
L49397,L,26.55000000000001,35.950000000000045,90.0,1347.0,55.3,139.0,0,0,0,0,0,0,-9.400000000000034,74489.09999999999
L53027,L,28.25,38.150000000000034,90.0,1397.0,42.3,48.0,0,0,0,0,0,0,-9.900000000000034,59093.1
M21593,M,28.55000000000001,37.85000000000002,90.0,1311.0,46.8,136.0,0,0,0,0,0,0,-9.300000000000011,61354.799999999996
L57004,L,25.25,36.150000000000034,90.0,1504.0,39.3,192.0,0,0,0,0,0,0,-10.900000000000034,59107.2
L50799,L,28.75,38.05000000000001,90.0,1435.0,44.2,16.0,0,0,0,0,0,0,-9.300000000000011,63427.00000000001
H37121,H,27.350000000000023,38.25,90.0,1679.0,27.5,59.0,0,0,0,0,0,0,-10.899999999999977,46172.5
M21292,M,27.150000000000034,36.75,90.0,1447.0,46.5,28.0,0,0,0,0,0,0,-9.599999999999966,67285.5
L50295,L,26.75,36.05000000000001,90.0,1658.0,34.8,16.0,0,0,0,0,0,0,-9.300000000000011,57698.399999999994
L53153,L,27.350000000000023,37.650000000000034,90.0,1354.0,51.8,157.0,0,0,0,0,0,0,-10.300000000000011,70137.2
M17661,M,27.05000000000001,36.35000000000002,90.0,1642.0,28.8,92.0,0,0,0,0,0,0,-9.300000000000011,47289.6
L50847,L,29.150000000000034,38.450000000000045,90.0,1665.0,34.3,139.0,0,0,0,0,0,0,-9.300000000000011,57109.49999999999
L52338,L,30.950000000000045,40.150000000000034,90.0,1459.0,50.3,39.0,0,0,0,0,0,0,-9.199999999999989,73387.7
M20585,M,29.150000000000034,38.650000000000034,90.0,1557.0,34.1,185.0,0,0,0,0,0,0,-9.5,53093.700000000004
M22691,M,26.850000000000023,38.25,90.0,1533.0,42.6,180.0,0,0,0,0,0,0,-11.399999999999977,65305.8
M17385,M,25.650000000000034,35.450000000000045,90.0,1598.0,35.1,52.0,0,0,0,0,0,0,-9.800000000000011,56089.8
M23146,M,25.650000000000034,37.35000000000002,90.0,1678.0,32.8,4.0,0,0,0,0,0,0,-11.699999999999989,55038.399999999994
L50392,L,27.150000000000034,36.05000000000001,90.0,1649.0,32.4,50.0,0,0,0,0,0,0,-8.899999999999977,53427.6
L53942,L,28.25,37.650000000000034,90.0,1362.0,53.2,4.0,0,0,0,0,0,0,-9.400000000000034,72458.40000000001
M17755,M,27.55000000000001,36.450000000000045,90.0,1473.0,48.1,87.0,0,0,0,0,0,0,-8.900000000000034,70851.3
L53110,L,27.150000000000034,37.150000000000034,90.0,1483.0,51.6,50.0,0,0,0,0,0,0,-10.0,76522.8
L56747,L,26.650000000000034,37.950000000000045,90.0,1412.0,42.5,181.0,0,0,0,0,0,0,-11.300000000000011,60010.0
M18285,M,28.350000000000023,37.35000000000002,90.0,1623.0,33.5,157.0,0,0,0,0,0,0,-9.0,54370.5
M21791,M,27.650000000000034,38.25,90.0,1521.0,39.9,15.0,0,0,0,0,0,0,-10.599999999999966,60687.9
L53900,L,28.150000000000034,37.450000000000045,90.0,1458.0,48.0,104.0,0,0,0,0,0,0,-9.300000000000011,69984.0
L54590,L,26.75,37.85000000000002,90.0,1747.0,27.6,177.0,0,0,0,0,0,0,-11.100000000000023,48217.200000000004
M22110,M,26.950000000000045,37.05000000000001,90.0,1429.0,42.0,206.0,0,0,0,0,0,0,-10.099999999999966,60018.0
L52900,L,29.150000000000034,38.75,90.0,1434.0,51.9,173.0,0,0,0,0,0,0,-9.599999999999966,74424.59999999999
M15216,M,24.450000000000045,35.25,90.0,1398.0,48.9,63.0,0,0,0,0,0,0,-10.799999999999955,68362.2
L52631,L,29.850000000000023,39.55000000000001,90.0,1361.0,48.8,120.0,0,0,0,0,0,0,-9.699999999999989,66416.8
L53618,L,27.25,36.85000000000002,90.0,1581.0,30.3,42.0,0,0,0,0,0,0,-9.600000000000023,47904.3
L49070,L,24.650000000000034,34.25,90.0,1512.0,40.8,137.0,0,0,0,0,0,0,-9.599999999999966,61689.6
L56803,L,25.75,36.950000000000045,90.0,1356.0,47.8,116.0,0,0,0,0,0,0,-11.200000000000045,64816.799999999996
L52967,L,28.55000000000001,38.150000000000034,90.0,1584.0,38.8,132.0,0,0,0,0,0,0,-9.600000000000023,61459.2
L52138,L,30.650000000000034,39.35000000000002,90.0,1523.0,47.0,152.0,0,0,0,0,0,0,-8.699999999999989,71581.0
L48726,L,25.25,35.75,90.0,1391.0,48.4,100.0,0,0,0,0,0,0,-10.5,67324.4
L49560,L,25.850000000000023,34.950000000000045,90.0,1242.0,60.9,117.0,0,0,0,0,0,0,-9.100000000000023,75637.8
M18683,M,29.150000000000034,37.75,90.0,1581.0,36.1,109.0,0,0,0,0,0,0,-8.599999999999966,57074.100000000006
L55579,L,25.450000000000045,36.55000000000001,90.0,1294.0,59.4,104.0,0,0,0,0,0,0,-11.099999999999966,76863.59999999999
L47672,L,24.350000000000023,36.150000000000034,90.0,1404.0,43.5,195.0,0,0,0,0,0,0,-11.800000000000011,61074.0
L53844,L,28.150000000000034,37.25,90.0,1538.0,38.4,195.0,0,0,0,0,0,0,-9.099999999999966,59059.2
M20497,M,29.350000000000023,38.85000000000002,90.0,1487.0,46.1,175.0,0,0,0,0,0,0,-9.5,68550.7
M21006,M,27.950000000000045,37.950000000000045,90.0,1470.0,40.6,159.0,0,0,0,0,0,0,-10.0,59682.0
H38189,H,24.350000000000023,35.450000000000045,90.0,1536.0,38.7,7.0,0,0,0,0,0,0,-11.100000000000023,59443.200000000004
L55145,L,27.950000000000045,39.150000000000034,90.0,1464.0,35.3,65.0,0,0,0,0,0,0,-11.199999999999989,51679.2
L50825,L,29.05000000000001,38.35000000000002,90.0,1413.0,43.5,83.0,0,0,0,0,0,0,-9.300000000000011,61465.5
M17643,M,27.05000000000001,36.450000000000045,90.0,1528.0,35.1,44.0,0,0,0,0,0,0,-9.400000000000034,53632.8
L53338,L,27.950000000000045,37.85000000000002,90.0,1677.0,29.1,188.0,0,0,0,0,0,0,-9.899999999999977,48800.700000000004
L50989,L,29.05000000000001,37.650000000000034,90.0,1350.0,56.6,76.0,0,0,0,0,0,0,-8.600000000000023,76410.0
H38938,H,25.850000000000023,37.150000000000034,90.0,1658.0,27.6,69.0,0,0,0,0,0,0,-11.300000000000011,45760.8
L55779,L,24.450000000000045,35.25,90.0,1460.0,40.3,195.0,0,0,0,0,0,0,-10.799999999999955,58837.99999999999
L48956,L,25.350000000000023,34.950000000000045,90.0,1564.0,31.1,34.0,0,0,0,0,0,0,-9.600000000000023,48640.4
L50493,L,28.25,37.25,90.0,1737.0,31.9,96.0,0,0,0,0,0,0,-9.0,55410.299999999996
L51961,L,30.55000000000001,39.150000000000034,90.0,1384.0,45.9,121.0,0,0,0,0,0,0,-8.600000000000023,63525.6
L55718,L,25.350000000000023,36.25,90.0,1548.0,37.7,43.0,0,0,0,0,0,0,-10.899999999999977,58359.600000000006
M21641,M,28.150000000000034,37.650000000000034,90.0,1494.0,35.3,54.0,0,0,0,0,0,0,-9.5,52738.2
L48772,L,24.950000000000045,35.25,90.0,1592.0,38.2,211.0,0,0,0,0,0,0,-10.299999999999955,60814.4
L53506,L,27.450000000000045,36.85000000000002,90.0,1455.0,40.4,172.0,0,0,0,0,0,0,-9.399999999999977,58782.0
H32897,H,28.75,37.650000000000034,90.0,1455.0,42.7,85.0,0,0,0,0,0,0,-8.900000000000034,62128.50000000001
M24058,M,24.75,35.650000000000034,90.0,1538.0,37.6,54.0,0,0,0,0,0,0,-10.900000000000034,57828.8
M22570,M,27.350000000000023,38.25,90.0,1390.0,51.9,68.0,0,0,0,0,0,0,-10.899999999999977,72141.0
M20373,M,29.650000000000034,39.05000000000001,90.0,1452.0,50.3,60.0,0,0,0,0,0,0,-9.399999999999977,73035.59999999999
M18372,M,28.650000000000034,37.85000000000002,90.0,1393.0,49.5,168.0,0,0,0,0,0,0,-9.199999999999989,68953.5
M20069,M,30.650000000000034,39.55000000000001,90.0,1507.0,38.5,180.0,0,0,0,0,0,0,-8.899999999999977,58019.5
M24057,M,24.75,35.650000000000034,90.0,1469.0,49.0,51.0,0,0,0,0,0,0,-10.900000000000034,71981.0
M23481,M,24.450000000000045,35.35000000000002,90.0,1431.0,52.6,26.0,0,0,0,0,0,0,-10.899999999999977,75270.6
M18731,M,29.55000000000001,38.650000000000034,90.0,1728.0,30.0,12.0,0,0,0,0,0,0,-9.100000000000023,51840.0
M19389,M,29.25,37.25,90.0,1586.0,34.3,149.0,0,0,0,0,0,0,-8.0,54399.799999999996
M17515,M,26.650000000000034,36.25,90.0,1751.0,27.0,173.0,0,0,0,0,0,0,-9.599999999999966,47277.0
L49027,L,24.650000000000034,34.150000000000034,90.0,1412.0,50.7,24.0,0,0,0,0,0,0,-9.5,71588.40000000001
L55144,L,27.75,38.950000000000045,90.0,1423.0,40.2,63.0,0,0,0,0,0,0,-11.200000000000045,57204.600000000006
L55420,L,25.850000000000023,37.25,90.0,1483.0,41.5,96.0,0,0,0,0,0,0,-11.399999999999977,61544.5
L54325,L,27.350000000000023,36.85000000000002,90.0,1413.0,44.5,152.0,0,0,0,0,0,0,-9.5,62878.5
L54479,L,26.950000000000045,37.35000000000002,90.0,1492.0,50.9,111.0,0,0,0,0,0,0,-10.399999999999977,75942.8
M20581,M,29.150000000000034,38.650000000000034,90.0,1443.0,43.4,175.0,0,0,0,0,0,0,-9.5,62626.2
L47695,L,24.350000000000023,36.05000000000001,90.0,1715.0,28.0,30.0,0,0,0,0,0,0,-11.699999999999989,48020.0
L50456,L,28.150000000000034,36.85000000000002,90.0,1438.0,40.9,7.0,0,0,0,0,0,0,-8.699999999999989,58814.2
L54397,L,26.75,36.650000000000034,90.0,1716.0,28.2,117.0,0,0,0,0,0,0,-9.900000000000034,48391.2
L56257,L,24.150000000000034,34.950000000000045,90.0,1762.0,26.1,154.0,0,0,0,0,0,0,-10.800000000000011,45988.200000000004
M18856,M,29.150000000000034,38.150000000000034,90.0,1625.0,33.1,137.0,0,0,0,0,0,0,-9.0,53787.5
M19571,M,30.25,38.55000000000001,90.0,1515.0,44.2,168.0,0,0,0,0,0,0,-8.300000000000011,66963.0
M15503,M,24.650000000000034,36.25,90.0,1495.0,36.5,132.0,0,0,0,0,0,0,-11.599999999999966,54567.5
L50465,L,28.05000000000001,36.75,90.0,1687.0,29.7,30.0,0,0,0,0,0,0,-8.699999999999989,50103.9
L53656,L,27.350000000000023,36.55000000000001,90.0,1384.0,48.6,141.0,0,0,0,0,0,0,-9.199999999999989,67262.40000000001
L56203,L,24.25,35.150000000000034,90.0,1706.0,30.9,9.0,0,0,0,0,0,0,-10.900000000000034,52715.399999999994
L51500,L,28.55000000000001,37.150000000000034,90.0,1397.0,44.6,57.0,0,0,0,0,0,0,-8.600000000000023,62306.200000000004
L57172,L,25.650000000000034,35.25,90.0,1484.0,39.2,8.0,0,0,0,0,0,0,-9.599999999999966,58172.8
L49387,L,26.650000000000034,36.05000000000001,90.0,1591.0,37.5,109.0,0,0,0,0,0,0,-9.399999999999977,59662.5
L50898,L,29.25,38.25,90.0,1450.0,44.1,56.0,0,0,0,0,0,0,-9.0,63945.0
L51759,L,29.850000000000023,38.05000000000001,90.0,1374.0,48.2,65.0,1,0,1,0,0,0,-8.199999999999989,66226.8
L47899,L,24.25,35.650000000000034,90.0,1447.0,58.1,129.0,0,0,0,0,0,0,-11.400000000000034,84070.7
M23877,M,24.150000000000034,34.950000000000045,90.0,1369.0,52.0,214.0,0,0,0,0,0,0,-10.800000000000011,71188.0
L53335,L,27.850000000000023,37.85000000000002,90.0,1634.0,31.2,182.0,0,0,0,0,0,0,-10.0,50980.799999999996
L56610,L,24.950000000000045,35.55000000000001,90.0,1671.0,28.8,41.0,0,0,0,0,0,0,-10.599999999999966,48124.8
H33439,H,28.950000000000045,37.85000000000002,90.0,1729.0,26.1,210.0,0,0,0,0,0,0,-8.899999999999977,45126.9
M21058,M,27.850000000000023,37.75,90.0,1554.0,32.7,59.0,0,0,0,0,0,0,-9.899999999999977,50815.8
M23808,M,24.25,35.150000000000034,90.0,1483.0,41.9,47.0,0,0,0,0,0,0,-10.900000000000034,62137.7
L52720,L,29.25,38.650000000000034,90.0,1493.0,38.4,132.0,0,0,0,0,0,0,-9.400000000000034,57331.2
M16557,M,24.75,34.450000000000045,90.0,1519.0,44.0,37.0,0,0,0,0,0,0,-9.700000000000045,66836.0
L49972,L,27.25,36.55000000000001,90.0,1584.0,32.6,71.0,0,0,0,0,0,0,-9.300000000000011,51638.4
M24522,M,25.950000000000045,36.950000000000045,90.0,1570.0,30.9,226.0,0,0,0,0,0,0,-11.0,48513.0
L50944,L,29.25,37.85000000000002,90.0,1329.0,54.6,176.0,0,0,0,0,0,0,-8.600000000000023,72563.40000000001
L51046,L,29.450000000000045,38.450000000000045,90.0,1311.0,53.2,0.0,0,0,0,0,0,0,-9.0,69745.2
L56579,L,24.650000000000034,35.150000000000034,90.0,1477.0,44.8,170.0,0,0,0,0,0,0,-10.5,66169.59999999999
M23798,M,24.25,35.25,90.0,1517.0,41.0,18.0,0,0,0,0,0,0,-11.0,62197.0
L53851,L,28.350000000000023,37.450000000000045,90.0,1357.0,42.1,212.0,0,0,0,0,0,0,-9.100000000000023,57129.700000000004
L55158,L,28.05000000000001,39.25,90.0,1480.0,53.5,97.0,0,0,0,0,0,0,-11.199999999999989,79180.0
M18618,M,29.05000000000001,37.85000000000002,90.0,1476.0,47.4,161.0,0,0,0,0,0,0,-8.800000000000011,69962.4
M18087,M,27.350000000000023,36.150000000000034,90.0,1589.0,34.9,91.0,0,0,0,0,0,0,-8.800000000000011,55456.1
H31691,H,26.150000000000034,35.55000000000001,90.0,1408.0,44.4,82.0,0,0,0,0,0,0,-9.399999999999977,62515.2
L53990,L,27.850000000000023,37.55000000000001,90.0,1727.0,34.5,127.0,0,0,0,0,0,0,-9.699999999999989,59581.5
H30815,H,25.75,37.05000000000001,90.0,1532.0,37.7,166.0,0,0,0,0,0,0,-11.300000000000011,57756.4
L47919,L,23.75,35.25,90.0,1390.0,41.8,184.0,0,0,0,0,0,0,-11.5,58101.99999999999
L51446,L,29.55000000000001,37.950000000000045,90.0,1440.0,39.5,146.0,0,0,0,0,0,0,-8.400000000000034,56880.0
M22212,M,26.55000000000001,37.05000000000001,90.0,1440.0,42.8,30.0,0,0,0,0,0,0,-10.5,61631.99999999999
L54698,L,27.05000000000001,38.35000000000002,90.0,1500.0,40.8,17.0,0,0,0,0,0,0,-11.300000000000011,61199.99999999999
H33265,H,29.05000000000001,37.75,90.0,1415.0,48.4,185.0,0,0,0,0,0,0,-8.699999999999989,68486.0
M17521,M,26.75,36.25,90.0,1509.0,42.8,190.0,0,0,0,0,0,0,-9.5,64585.2
M24659,M,25.350000000000023,36.150000000000034,90.0,1551.0,34.7,121.0,0,0,0,0,0,0,-10.800000000000011,53819.700000000004
L47854,L,24.650000000000034,35.85000000000002,90.0,1456.0,41.2,0.0,0,0,0,0,0,0,-11.199999999999989,59987.200000000004
L53540,L,26.950000000000045,36.55000000000001,90.0,1441.0,40.1,46.0,0,0,0,0,0,0,-9.599999999999966,57784.1
L51021,L,29.25,37.950000000000045,90.0,1565.0,42.8,163.0,0,0,0,0,0,0,-8.700000000000045,66982.0
M16675,M,24.950000000000045,34.450000000000045,90.0,1565.0,36.3,140.0,0,0,0,0,0,0,-9.5,56809.49999999999
L56669,L,25.75,36.55000000000001,90.0,1407.0,41.9,207.0,0,0,0,0,0,0,-10.800000000000011,58953.299999999996
L57018,L,25.25,36.05000000000001,90.0,1425.0,45.5,11.0,0,0,0,0,0,0,-10.800000000000011,64837.5
M16960,M,26.150000000000034,36.150000000000034,90.0,1471.0,46.0,42.0,0,0,0,0,0,0,-10.0,67666.0
L54891,L,27.25,38.25,90.0,1309.0,55.5,71.0,0,0,0,0,0,0,-11.0,72649.5
M16533,M,24.950000000000045,34.650000000000034,90.0,1384.0,43.7,200.0,0,0,0,0,0,0,-9.699999999999989,60480.8
L49281,L,26.150000000000034,36.150000000000034,90.0,1528.0,37.8,45.0,0,0,0,0,0,0,-10.0,57758.399999999994
L51393,L,28.950000000000045,37.55000000000001,90.0,1465.0,40.7,13.0,0,0,0,0,0,0,-8.599999999999966,59625.50000000001
L54138,L,27.450000000000045,37.85000000000002,90.0,1563.0,40.7,87.0,0,0,0,0,0,0,-10.399999999999977,63614.100000000006
L56763,L,26.150000000000034,37.35000000000002,90.0,1281.0,59.8,15.0,0,0,0,0,0,0,-11.199999999999989,76603.8
L47535,L,24.450000000000045,35.150000000000034,90.0,1623.0,36.9,61.0,0,0,0,0,0,0,-10.699999999999989,59888.7
L48641,L,25.75,37.05000000000001,90.0,1491.0,45.1,101.0,0,0,0,0,0,0,-11.300000000000011,67244.1
L48119,L,22.350000000000023,32.950000000000045,90.0,1488.0,40.7,31.0,0,0,0,0,0,0,-10.600000000000023,60561.600000000006
L52327,L,31.25,40.450000000000045,90.0,1569.0,38.4,11.0,0,0,0,0,0,0,-9.200000000000045,60249.6
M20783,M,27.25,37.150000000000034,90.0,1537.0,35.0,33.0,0,0,0,0,0,0,-9.900000000000034,53795.0
H37297,H,27.55000000000001,39.150000000000034,90.0,1446.0,45.4,86.0,0,0,0,0,0,0,-11.600000000000023,65648.4
L56648,L,25.450000000000045,36.25,90.0,1375.0,55.4,145.0,0,0,0,0,0,0,-10.799999999999955,76175.0
L48952,L,25.25,34.85000000000002,90.0,1508.0,47.9,25.0,0,0,0,0,0,0,-9.600000000000023,72233.2
M16056,M,23.850000000000023,34.75,90.0,1493.0,34.7,57.0,0,0,0,0,0,0,-10.899999999999977,51807.100000000006
M16738,M,24.950000000000045,34.55000000000001,90.0,1424.0,47.7,103.0,0,0,0,0,0,0,-9.599999999999966,67924.8
L50351,L,27.25,36.450000000000045,90.0,1386.0,56.9,170.0,0,0,0,0,0,0,-9.200000000000045,78863.4
L49185,L,25.350000000000023,35.150000000000034,90.0,1504.0,38.0,20.0,0,0,0,0,0,0,-9.800000000000011,57152.0
L55452,L,25.75,37.450000000000045,90.0,1363.0,52.6,190.0,0,0,0,0,0,0,-11.700000000000045,71693.8
L51073,L,29.150000000000034,38.05000000000001,90.0,1549.0,40.6,66.0,0,0,0,0,0,0,-8.899999999999977,62889.4
M18097,M,27.75,36.35000000000002,90.0,1758.0,26.8,116.0,0,0,0,0,0,0,-8.600000000000023,47114.4
M19284,M,29.450000000000045,37.05000000000001,90.0,1631.0,31.0,100.0,0,0,0,0,0,0,-7.599999999999966,50561.0
L51924,L,30.150000000000034,38.150000000000034,90.0,1393.0,47.4,18.0,0,0,0,0,0,0,-8.0,66028.2
L52399,L,30.650000000000034,39.85000000000002,90.0,1365.0,59.9,205.0,1,0,0,0,1,0,-9.199999999999989,81763.5
L49968,L,27.150000000000034,36.450000000000045,90.0,1326.0,52.4,57.0,0,0,0,0,0,0,-9.300000000000011,69482.4
M23737,M,24.950000000000045,36.05000000000001,90.0,1460.0,45.8,80.0,0,0,0,0,0,0,-11.099999999999966,66868.0
L51252,L,28.75,37.450000000000045,90.0,1610.0,33.4,87.0,0,0,0,0,0,0,-8.700000000000045,53774.0
L56687,L,26.150000000000034,37.35000000000002,90.0,1505.0,38.8,30.0,0,0,0,0,0,0,-11.199999999999989,58393.99999999999
H34769,H,30.150000000000034,39.35000000000002,90.0,1328.0,49.8,120.0,0,0,0,0,0,0,-9.199999999999989,66134.4
L54413,L,26.75,36.85000000000002,90.0,1447.0,45.9,162.0,0,0,0,0,0,0,-10.100000000000023,66417.3
L54000,L,27.650000000000034,37.450000000000045,90.0,1551.0,34.5,153.0,0,0,0,0,0,0,-9.800000000000011,53509.5
L55376,L,26.25,37.650000000000034,90.0,1622.0,33.6,217.0,0,0,0,0,0,0,-11.400000000000034,54499.200000000004
M20481,M,29.75,39.05000000000001,90.0,1292.0,54.4,136.0,0,0,0,0,0,0,-9.300000000000011,70284.8
H34422,H,30.55000000000001,39.650000000000034,90.0,1488.0,42.8,54.0,0,0,0,0,0,0,-9.100000000000023,63686.399999999994
M17717,M,27.25,36.05000000000001,90.0,1528.0,37.2,228.0,0,0,0,0,0,0,-8.800000000000011,56841.600000000006
M23114,M,25.850000000000023,37.25,90.0,1625.0,37.1,131.0,0,0,0,0,0,0,-11.399999999999977,60287.5
L52951,L,28.450000000000045,38.05000000000001,90.0,1525.0,43.7,91.0,0,0,0,0,0,0,-9.599999999999966,66642.5
L53022,L,28.25,38.05000000000001,90.0,1355.0,50.6,37.0,0,0,0,0,0,0,-9.800000000000011,68563.0
L53012,L,28.150000000000034,38.05000000000001,90.0,1675.0,32.1,12.0,0,0,0,0,0,0,-9.899999999999977,53767.5
M16489,M,24.75,34.75,90.0,1336.0,54.4,82.0,0,0,0,0,0,0,-10.0,72678.4
L52068,L,30.55000000000001,39.25,90.0,1512.0,39.2,184.0,0,0,0,0,0,0,-8.699999999999989,59270.4
L51706,L,29.25,37.25,90.0,1521.0,38.5,142.0,0,0,0,0,0,0,-8.0,58558.5
L50703,L,28.650000000000034,37.75,90.0,1521.0,39.3,197.0,0,0,0,0,0,0,-9.099999999999966,59775.299999999996
M20764,M,27.650000000000034,37.35000000000002,90.0,1330.0,59.0,190.0,0,0,0,0,0,0,-9.699999999999989,78470.0
L54961,L,27.25,38.55000000000001,90.0,1513.0,40.0,51.0,0,0,0,0,0,0,-11.300000000000011,60520.0
L50787,L,28.450000000000045,37.55000000000001,90.0,1638.0,33.8,196.0,0,0,0,0,0,0,-9.099999999999966,55364.399999999994
L56598,L,24.850000000000023,35.25,90.0,1432.0,46.2,11.0,0,0,0,0,0,0,-10.399999999999977,66158.40000000001
L47414,L,25.05000000000001,35.25,90.0,1478.0,42.9,183.0,0,0,0,0,0,0,-10.199999999999989,63406.2
M22615,M,27.25,38.650000000000034,90.0,1362.0,47.6,188.0,0,0,0,0,0,0,-11.400000000000034,64831.200000000004
M18656,M,28.950000000000045,37.650000000000034,90.0,1504.0,37.5,42.0,0,0,0,0,0,0,-8.699999999999989,56400.0
L51298,L,28.850000000000023,37.450000000000045,90.0,1366.0,47.7,206.0,0,0,0,0,0,0,-8.600000000000023,65158.200000000004
M22669,M,26.850000000000023,38.25,90.0,1537.0,35.4,120.0,0,0,0,0,0,0,-11.399999999999977,54409.799999999996
M18759,M,28.950000000000045,37.85000000000002,90.0,1711.0,28.7,83.0,0,0,0,0,0,0,-8.899999999999977,49105.7
L52204,L,30.75,39.950000000000045,90.0,1639.0,29.0,95.0,0,0,0,0,0,0,-9.200000000000045,47531.0
L49128,L,24.950000000000045,34.950000000000045,90.0,1410.0,45.8,71.0,0,0,0,0,0,0,-10.0,64577.99999999999
M21221,M,26.950000000000045,36.55000000000001,90.0,1348.0,57.3,48.0,0,0,0,0,0,0,-9.599999999999966,77240.4
M17531,M,26.55000000000001,36.150000000000034,90.0,1399.0,41.9,221.0,1,1,0,0,0,0,-9.600000000000023,58618.1
H39214,H,25.350000000000023,36.150000000000034,90.0,1421.0,50.3,124.0,0,0,0,0,0,0,-10.800000000000011,71476.3
M17084,M,26.55000000000001,35.85000000000002,90.0,1645.0,31.9,155.0,0,0,0,0,0,0,-9.300000000000011,52475.5
L48286,L,23.55000000000001,34.450000000000045,90.0,1540.0,38.6,53.0,0,0,0,0,0,0,-10.900000000000034,59444.0
L51703,L,29.350000000000023,37.25,90.0,1488.0,48.4,134.0,0,0,0,0,0,0,-7.899999999999977,72019.2
L52973,L,28.650000000000034,38.150000000000034,90.0,1471.0,44.2,148.0,0,0,0,0,0,0,-9.5,65018.200000000004
M24241,M,24.350000000000023,34.950000000000045,90.0,1480.0,42.4,112.0,0,0,0,0,0,0,-10.600000000000023,62752.0
M23640,M,24.350000000000023,35.450000000000045,90.0,1327.0,52.1,24.0,0,0,0,0,0,0,-11.100000000000023,69136.7
L54639,L,26.850000000000023,38.35000000000002,90.0,1591.0,32.0,79.0,0,0,0,0,0,0,-11.5,50912.0
L56572,L,24.450000000000045,34.950000000000045,90.0,1437.0,46.3,149.0,0,0,0,0,0,0,-10.5,66533.09999999999
M24776,M,25.350000000000023,35.650000000000034,90.0,1553.0,34.9,18.0,0,0,0,0,0,0,-10.300000000000011,54199.7
M15748,M,22.450000000000045,32.950000000000045,90.0,1651.0,28.1,110.0,0,0,0,0,0,0,-10.5,46393.100000000006
L53236,L,27.650000000000034,37.650000000000034,90.0,1634.0,29.2,149.0,0,0,0,0,0,0,-10.0,47712.799999999996
M21924,M,27.650000000000034,37.35000000000002,90.0,1696.0,29.7,162.0,0,0,0,0,0,0,-9.699999999999989,50371.2
L47997,L,23.650000000000034,34.450000000000045,90.0,1368.0,52.0,140.0,0,0,0,0,0,0,-10.800000000000011,71136.0
L56114,L,24.150000000000034,35.05000000000001,90.0,1601.0,35.7,9.0,0,0,0,0,0,0,-10.899999999999977,57155.700000000004
L53532,L,26.850000000000023,36.450000000000045,90.0,1496.0,38.8,27.0,0,0,0,0,0,0,-9.600000000000023,58044.799999999996
L48989,L,24.950000000000045,34.55000000000001,90.0,1767.0,27.0,127.0,0,0,0,0,0,0,-9.599999999999966,47709.0
M20054,M,30.75,39.950000000000045,90.0,1668.0,34.4,137.0,0,0,0,0,0,0,-9.200000000000045,57379.2
M19309,M,29.25,37.150000000000034,90.0,1378.0,54.3,165.0,1,0,1,0,0,0,-7.900000000000034,74825.4
L52125,L,30.450000000000045,39.55000000000001,90.0,1418.0,44.1,118.0,0,0,0,0,0,0,-9.099999999999966,62533.8
L48215,L,23.25,34.25,90.0,1403.0,48.4,70.0,0,0,0,0,0,0,-11.0,67905.2
M20450,M,29.350000000000023,38.75,90.0,1340.0,59.4,60.0,0,0,0,0,0,0,-9.399999999999977,79596.0
M24859,M,25.850000000000023,35.55000000000001,90.0,1500.0,40.2,30.0,0,0,0,0,0,0,-9.699999999999989,60300.00000000001
L56247,L,23.950000000000045,35.05000000000001,90.0,1351.0,56.6,126.0,0,0,0,0,0,0,-11.099999999999966,76466.6
L54732,L,27.150000000000034,38.150000000000034,90.0,1525.0,40.7,105.0,0,0,0,0,0,0,-11.0,62067.50000000001
M16447,M,25.05000000000001,35.150000000000034,90.0,1448.0,43.3,199.0,0,0,0,0,0,0,-10.100000000000023,62698.399999999994
M24701,M,25.150000000000034,36.05000000000001,90.0,1359.0,51.4,21.0,0,0,0,0,0,0,-10.899999999999977,69852.59999999999
M21456,M,28.350000000000023,37.55000000000001,90.0,1454.0,39.4,17.0,0,0,0,0,0,0,-9.199999999999989,57287.6
L51038,L,29.350000000000023,38.25,90.0,1559.0,37.6,209.0,0,0,0,0,0,0,-8.899999999999977,58618.4
H39228,H,25.150000000000034,35.950000000000045,90.0,1430.0,40.9,162.0,0,0,0,0,0,0,-10.800000000000011,58487.0
M21551,M,28.55000000000001,37.85000000000002,90.0,1510.0,47.8,27.0,0,0,0,0,0,0,-9.300000000000011,72178.0
L55348,L,26.55000000000001,37.950000000000045,90.0,1690.0,30.6,148.0,0,0,0,0,0,0,-11.400000000000034,51714.0
L51058,L,29.450000000000045,38.55000000000001,90.0,1773.0,27.1,30.0,0,0,0,0,0,0,-9.099999999999966,48048.3
L48768,L,25.05000000000001,35.150000000000034,90.0,1688.0,32.0,202.0,0,0,0,0,0,0,-10.100000000000023,54016.0
M17640,M,27.05000000000001,36.450000000000045,90.0,1556.0,35.8,36.0,0,0,0,0,0,0,-9.400000000000034,55704.799999999996
L52866,L,29.05000000000001,38.450000000000045,90.0,1658.0,31.4,89.0,0,0,0,0,0,0,-9.400000000000034,52061.2
L51145,L,29.150000000000034,38.35000000000002,90.0,1507.0,37.5,55.0,0,0,0,0,0,0,-9.199999999999989,56512.5
L48153,L,22.75,33.450000000000045,90.0,1679.0,30.4,117.0,0,0,0,0,0,0,-10.700000000000045,51041.6
M21380,M,28.05000000000001,36.950000000000045,90.0,1666.0,34.9,37.0,0,0,0,0,0,0,-8.900000000000034,58143.399999999994
L54490,L,26.850000000000023,37.35000000000002,90.0,1606.0,33.5,135.0,0,0,0,0,0,0,-10.5,53801.0
L53226,L,27.75,37.85000000000002,90.0,1316.0,56.5,120.0,0,0,0,0,0,0,-10.100000000000023,74354.0
L56468,L,25.05000000000001,35.75,90.0,1444.0,53.1,83.0,0,0,0,0,0,0,-10.699999999999989,76676.40000000001
L48677,L,24.850000000000023,35.55000000000001,90.0,1629.0,34.3,191.0,0,0,0,0,0,0,-10.699999999999989,55874.7
L51725,L,29.350000000000023,37.35000000000002,90.0,1463.0,43.0,189.0,0,0,0,0,0,0,-8.0,62909.0
M21325,M,27.350000000000023,36.650000000000034,90.0,1416.0,48.5,110.0,0,0,0,0,0,0,-9.300000000000011,68676.0
L49602,L,25.650000000000034,35.05000000000001,90.0,1443.0,53.4,21.0,0,0,0,0,0,0,-9.399999999999977,77056.2
M23424,M,24.850000000000023,35.55000000000001,90.0,1614.0,30.7,106.0,0,0,0,0,0,0,-10.699999999999989,49549.799999999996
L47537,L,24.450000000000045,35.25,90.0,1517.0,34.2,66.0,0,0,0,0,0,0,-10.799999999999955,51881.4
L55191,L,27.650000000000034,38.650000000000034,90.0,1427.0,43.3,180.0,0,0,0,0,0,0,-11.0,61789.1
L47367,L,25.05000000000001,35.25,90.0,1379.0,43.1,65.0,0,0,0,0,0,0,-10.199999999999989,59434.9
L54038,L,27.850000000000023,38.05000000000001,90.0,1467.0,45.4,36.0,0,0,0,0,0,0,-10.199999999999989,66601.8
L50835,L,28.950000000000045,38.25,90.0,1686.0,30.9,106.0,0,0,0,0,0,0,-9.299999999999955,52097.399999999994
L50606,L,28.350000000000023,37.35000000000002,90.0,1380.0,48.7,160.0,0,0,0,0,0,0,-9.0,67206.0
L54374,L,26.950000000000045,36.950000000000045,90.0,1380.0,52.6,59.0,0,0,0,0,0,0,-10.0,72588.0
M16241,M,25.650000000000034,37.05000000000001,90.0,1583.0,35.7,116.0,0,0,0,0,0,0,-11.399999999999977,56513.100000000006
L54648,L,27.150000000000034,38.450000000000045,90.0,1560.0,37.7,107.0,0,0,0,0,0,0,-11.300000000000011,58812.00000000001
L47593,L,24.25,35.25,90.0,1573.0,34.5,205.0,0,0,0,0,0,0,-11.0,54268.5
H34311,H,30.650000000000034,39.35000000000002,90.0,1525.0,38.0,209.0,0,0,0,0,0,0,-8.699999999999989,57950.0
L50516,L,28.450000000000045,37.650000000000034,90.0,1535.0,35.4,148.0,0,0,0,0,0,0,-9.199999999999989,54339.0
L50786,L,28.55000000000001,37.55000000000001,90.0,1318.0,55.0,194.0,0,0,0,0,0,0,-9.0,72490.0
L50355,L,27.150000000000034,36.450000000000045,90.0,1468.0,44.7,179.0,0,0,0,0,0,0,-9.300000000000011,65619.6
L56888,L,25.850000000000023,36.950000000000045,90.0,1664.0,29.7,89.0,0,0,0,0,0,0,-11.100000000000023,49420.799999999996
L54976,L,26.950000000000045,38.35000000000002,90.0,1454.0,52.4,90.0,0,0,0,0,0,0,-11.399999999999977,76189.59999999999
L55800,L,24.450000000000045,35.35000000000002,90.0,1475.0,42.4,24.0,0,0,0,0,0,0,-10.899999999999977,62540.0
L51923,L,30.150000000000034,38.150000000000034,90.0,1409.0,51.8,16.0,0,0,0,0,0,0,-8.0,72986.2
M16627,M,25.150000000000034,34.55000000000001,90.0,1520.0,41.4,10.0,0,0,0,0,0,0,-9.399999999999977,62928.0
L51416,L,29.05000000000001,37.75,90.0,1604.0,40.5,68.0,0,0,0,0,0,0,-8.699999999999989,64962.0
L55630,L,25.25,36.85000000000002,90.0,1559.0,44.2,23.0,0,0,0,0,0,0,-11.600000000000023,68907.8
L48752,L,25.05000000000001,35.150000000000034,90.0,1230.0,59.6,162.0,0,0,0,0,0,0,-10.100000000000023,73308.0
M14884,M,25.850000000000023,36.25,90.0,1561.0,37.3,70.0,0,0,0,0,0,0,-10.399999999999977,58225.299999999996
L50543,L,28.25,37.450000000000045,90.0,1555.0,43.3,212.0,0,0,0,0,0,0,-9.200000000000045,67331.5
M15948,M,23.75,34.650000000000034,90.0,1392.0,43.9,0.0,0,0,0,0,0,0,-10.900000000000034,61108.799999999996
L51854,L,30.25,38.35000000000002,90.0,1414.0,44.8,71.0,0,0,0,0,0,0,-8.100000000000023,63347.2
M17554,M,26.950000000000045,36.450000000000045,90.0,1625.0,38.0,46.0,0,0,0,0,0,0,-9.5,61750.0
M18419,M,28.55000000000001,37.55000000000001,90.0,1659.0,29.9,73.0,0,0,0,0,0,0,-9.0,49604.1
M24016,M,24.350000000000023,35.25,90.0,1369.0,54.8,145.0,0,0,0,0,0,0,-10.899999999999977,75021.2
M17171,M,25.950000000000045,35.450000000000045,90.0,1491.0,38.5,166.0,0,0,0,0,0,0,-9.5,57403.5
M23193,M,25.650000000000034,36.55000000000001,90.0,1477.0,48.5,138.0,0,0,0,0,0,0,-10.899999999999977,71634.5
L48489,L,25.75,37.05000000000001,90.0,1654.0,31.1,158.0,0,0,0,0,0,0,-11.300000000000011,51439.4
L47875,L,24.450000000000045,35.85000000000002,90.0,1487.0,45.4,64.0,0,0,0,0,0,0,-11.399999999999977,67509.8
M15136,M,24.850000000000023,34.75,90.0,1750.0,26.6,67.0,0,0,0,0,0,0,-9.899999999999977,46550.0
L55356,L,26.650000000000034,38.05000000000001,90.0,1564.0,40.0,172.0,0,0,0,0,0,0,-11.399999999999977,62560.0
H37078,H,27.350000000000023,38.55000000000001,90.0,1454.0,50.3,175.0,0,0,0,0,0,0,-11.199999999999989,73136.2
L50133,L,27.55000000000001,36.35000000000002,90.0,1578.0,35.4,34.0,0,0,0,0,0,0,-8.800000000000011,55861.2
L51086,L,29.150000000000034,38.05000000000001,90.0,1297.0,62.5,109.0,0,0,0,0,0,0,-8.899999999999977,81062.5
M20705,M,28.25,38.05000000000001,90.0,1727.0,26.5,43.0,0,0,0,0,0,0,-9.800000000000011,45765.5
L56878,L,25.650000000000034,36.650000000000034,90.0,1663.0,28.2,67.0,0,0,0,0,0,0,-11.0,46896.6
L51297,L,28.75,37.35000000000002,90.0,1340.0,55.7,204.0,1,0,0,0,1,0,-8.600000000000023,74638.0
L49514,L,26.05000000000001,35.25,90.0,1445.0,43.5,224.0,0,0,0,0,0,0,-9.199999999999989,62857.5
M15802,M,22.55000000000001,33.150000000000034,90.0,1462.0,44.3,37.0,0,0,0,0,0,0,-10.600000000000023,64766.6
H31904,H,25.950000000000045,35.650000000000034,90.0,1566.0,46.6,192.0,0,0,0,0,0,0,-9.699999999999989,72975.6
L52115,L,30.25,39.150000000000034,90.0,1479.0,42.8,92.0,0,0,0,0,0,0,-8.900000000000034,63301.2
M21816,M,27.650000000000034,38.05000000000001,90.0,1434.0,39.1,82.0,0,0,0,0,0,0,-10.399999999999977,56069.4
L47295,L,25.650000000000034,35.450000000000045,90.0,1431.0,45.7,97.0,0,0,0,0,0,0,-9.800000000000011,65396.700000000004
M16723,M,24.75,34.55000000000001,90.0,1517.0,39.5,69.0,0,0,0,0,0,0,-9.800000000000011,59921.5
M19118,M,29.55000000000001,37.950000000000045,90.0,1297.0,60.7,125.0,1,0,1,0,0,0,-8.400000000000034,78727.90000000001
M21565,M,28.350000000000023,37.450000000000045,90.0,1382.0,58.1,67.0,0,0,0,0,0,0,-9.100000000000023,80294.2
L48082,L,22.450000000000045,32.950000000000045,90.0,1383.0,48.7,147.0,0,0,0,0,0,0,-10.5,67352.1
M21750,M,27.75,38.25,90.0,1532.0,41.5,126.0,0,0,0,0,0,0,-10.5,63578.0
L56098,L,23.950000000000045,35.05000000000001,90.0,1402.0,51.2,186.0,0,0,0,0,0,0,-11.099999999999966,71782.40000000001
M18662,M,29.05000000000001,37.75,90.0,1488.0,44.2,57.0,0,0,0,0,0,0,-8.699999999999989,65769.6
L50716,L,28.850000000000023,37.85000000000002,90.0,1632.0,34.2,18.0,0,0,0,0,0,0,-9.0,55814.4
M23502,M,24.350000000000023,35.25,90.0,1596.0,36.6,80.0,0,0,0,0,0,0,-10.899999999999977,58413.600000000006
L55788,L,24.25,35.25,90.0,1369.0,50.6,220.0,1,0,0,0,1,0,-11.0,69271.40000000001
M19670,M,30.25,38.950000000000045,90.0,1499.0,39.4,197.0,0,0,0,0,0,0,-8.700000000000045,59060.6
L49126,L,25.05000000000001,34.950000000000045,90.0,1622.0,34.9,67.0,0,0,0,0,0,0,-9.900000000000034,56607.799999999996
L55780,L,24.350000000000023,35.150000000000034,90.0,1435.0,40.3,197.0,0,0,0,0,0,0,-10.800000000000011,57830.49999999999
L50668,L,28.75,37.75,90.0,1379.0,54.8,99.0,0,0,0,0,0,0,-9.0,75569.2
L54641,L,26.850000000000023,38.35000000000002,90.0,1749.0,28.3,83.0,0,0,0,0,0,0,-11.5,49496.700000000004
M23333,M,25.450000000000045,36.650000000000034,90.0,1430.0,43.1,80.0,0,0,0,0,0,0,-11.199999999999989,61633.0
H34091,H,30.350000000000023,38.450000000000045,90.0,1466.0,47.0,80.0,0,0,0,0,0,0,-8.100000000000023,68902.0
L52139,L,30.650000000000034,39.450000000000045,90.0,1735.0,25.9,154.0,0,0,0,0,0,0,-8.800000000000011,44936.5
L53047,L,28.350000000000023,37.85000000000002,90.0,1494.0,45.3,99.0,0,0,0,0,0,0,-9.5,67678.2
L55943,L,24.350000000000023,35.650000000000034,90.0,1603.0,36.7,184.0,0,0,0,0,0,0,-11.300000000000011,58830.100000000006
H34175,H,30.55000000000001,38.75,90.0,1332.0,52.7,66.0,1,0,1,0,0,0,-8.199999999999989,70196.40000000001
M17054,M,26.450000000000045,35.75,90.0,1568.0,35.3,77.0,0,0,0,0,0,0,-9.299999999999955,55350.399999999994
M22925,M,27.350000000000023,38.75,90.0,1670.0,26.3,89.0,0,0,0,0,0,0,-11.399999999999977,43921.0
M19999,M,31.25,40.450000000000045,90.0,1510.0,38.9,199.0,0,0,0,0,0,0,-9.200000000000045,58739.0
M21893,M,27.55000000000001,37.650000000000034,90.0,1469.0,46.4,75.0,0,0,0,0,0,0,-10.100000000000023,68161.59999999999
L54489,L,26.850000000000023,37.25,90.0,1505.0,44.9,133.0,0,0,0,0,0,0,-10.399999999999977,67574.5
H33243,H,29.150000000000034,37.75,90.0,1366.0,48.4,130.0,1,0,1,0,0,0,-8.599999999999966,66114.4
M18592,M,29.05000000000001,38.05000000000001,90.0,1347.0,49.8,94.0,0,0,0,0,0,0,-9.0,67080.59999999999
H29680,H,24.850000000000023,34.950000000000045,90.0,1440.0,43.7,37.0,0,0,0,0,0,0,-10.100000000000023,62928.00000000001
L53165,L,27.55000000000001,37.55000000000001,90.0,1314.0,42.4,198.0,0,0,0,0,0,0,-10.0,55713.6
L50342,L,27.350000000000023,36.75,90.0,1480.0,40.0,148.0,0,0,0,0,0,0,-9.399999999999977,59200.0
L53387,L,27.55000000000001,37.450000000000045,90.0,1447.0,40.7,82.0,0,0,0,0,0,0,-9.900000000000034,58892.9
L49089,L,24.850000000000023,34.55000000000001,90.0,1435.0,45.6,184.0,0,0,0,0,0,0,-9.699999999999989,65436.0
M22167,M,26.850000000000023,37.25,90.0,1385.0,52.1,128.0,0,0,0,0,0,0,-10.399999999999977,72158.5
M15516,M,24.55000000000001,35.950000000000045,90.0,1732.0,28.1,167.0,0,0,0,0,0,0,-11.400000000000034,48669.200000000004
H36074,H,28.25,37.35000000000002,90.0,1421.0,43.8,182.0,0,0,0,0,0,0,-9.100000000000023,62239.799999999996
L48487,L,25.650000000000034,36.85000000000002,90.0,1423.0,42.1,154.0,0,0,0,0,0,0,-11.199999999999989,59908.3
L56609,L,25.05000000000001,35.650000000000034,90.0,1498.0,36.0,39.0,0,0,0,0,0,0,-10.600000000000023,53928.0
L54612,L,26.950000000000045,38.25,90.0,1484.0,43.1,13.0,0,0,0,0,0,0,-11.299999999999955,63960.4
L56358,L,24.650000000000034,35.85000000000002,90.0,1340.0,56.9,6.0,0,0,0,0,0,0,-11.199999999999989,76246.0
L53060,L,28.350000000000023,37.950000000000045,90.0,1434.0,49.6,129.0,0,0,0,0,0,0,-9.600000000000023,71126.40000000001
M16097,M,23.950000000000045,35.25,90.0,1502.0,37.3,181.0,0,0,0,0,0,0,-11.299999999999955,56024.6
L56875,L,25.75,36.75,90.0,1592.0,32.0,60.0,0,0,0,0,0,0,-11.0,50944.0
L54369,L,27.25,37.25,90.0,1486.0,46.3,48.0,0,0,0,0,0,0,-10.0,68801.8
L52271,L,30.75,40.05000000000001,90.0,1345.0,48.2,77.0,0,0,0,0,0,0,-9.300000000000011,64829.00000000001
L49366,L,26.55000000000001,36.25,90.0,1445.0,42.9,55.0,0,0,0,0,0,0,-9.699999999999989,61990.5
L52184,L,30.55000000000001,39.650000000000034,90.0,1364.0,46.3,44.0,0,0,0,0,0,0,-9.100000000000023,63153.2
L55154,L,28.05000000000001,39.150000000000034,90.0,1528.0,38.4,85.0,0,0,0,0,0,0,-11.100000000000023,58675.2
L48483,L,25.55000000000001,36.75,90.0,1593.0,42.5,146.0,0,0,0,0,0,0,-11.199999999999989,67702.5
H37882,H,25.450000000000045,36.55000000000001,90.0,1463.0,39.1,66.0,0,0,0,0,0,0,-11.099999999999966,57203.3
H30936,H,25.05000000000001,35.85000000000002,90.0,1562.0,37.7,36.0,0,0,0,0,0,0,-10.800000000000011,58887.4
L56990,L,24.950000000000045,35.85000000000002,90.0,1502.0,40.9,153.0,0,0,0,0,0,0,-10.899999999999977,61431.799999999996
H29552,H,25.650000000000034,35.450000000000045,90.0,1449.0,49.4,150.0,0,0,0,0,0,0,-9.800000000000011,71580.59999999999
M15159,M,24.650000000000034,35.150000000000034,90.0,1567.0,35.6,131.0,0,0,0,0,0,0,-10.5,55785.200000000004
H30970,H,25.25,35.35000000000002,90.0,1398.0,47.1,122.0,0,0,0,0,0,0,-10.100000000000023,65845.8
L52279,L,31.05000000000001,40.35000000000002,90.0,1438.0,50.1,100.0,0,0,0,0,0,0,-9.300000000000011,72043.8
L47562,L,24.350000000000023,35.35000000000002,90.0,1335.0,48.0,131.0,0,0,0,0,0,0,-11.0,64080.0
M23172,M,25.650000000000034,36.85000000000002,90.0,1529.0,38.5,77.0,0,0,0,0,0,0,-11.199999999999989,58866.5
L54128,L,27.55000000000001,38.05000000000001,90.0,1457.0,51.4,61.0,0,0,0,0,0,0,-10.5,74889.8
L52037,L,30.55000000000001,39.150000000000034,90.0,1606.0,37.4,103.0,0,0,0,0,0,0,-8.600000000000023,60064.399999999994
M16299,M,25.650000000000034,36.650000000000034,90.0,1534.0,37.0,47.0,0,0,0,0,0,0,-11.0,56758.0
L52853,L,29.05000000000001,38.450000000000045,90.0,1462.0,50.0,51.0,0,0,0,0,0,0,-9.400000000000034,73100.0
L48126,L,22.450000000000045,33.05000000000001,90.0,1287.0,54.8,49.0,0,0,0,0,0,0,-10.599999999999966,70527.59999999999
L49570,L,26.05000000000001,35.35000000000002,90.0,1487.0,41.2,140.0,0,0,0,0,0,0,-9.300000000000011,61264.4
L54253,L,27.55000000000001,37.450000000000045,90.0,1491.0,43.2,187.0,0,0,0,0,0,0,-9.900000000000034,64411.200000000004
M17581,M,26.450000000000045,36.150000000000034,90.0,1553.0,32.4,112.0,0,0,0,0,0,0,-9.699999999999989,50317.2
M16792,M,24.950000000000045,34.85000000000002,90.0,1686.0,29.3,35.0,0,0,0,0,0,0,-9.899999999999977,49399.8
L54603,L,26.850000000000023,38.150000000000034,90.0,1407.0,47.3,208.0,0,0,0,0,0,0,-11.300000000000011,66551.09999999999
M18096,M,27.650000000000034,36.25,90.0,1342.0,62.4,113.0,1,0,1,0,0,0,-8.599999999999966,83740.8
L51343,L,28.950000000000045,37.35000000000002,90.0,1696.0,30.9,107.0,0,0,0,0,0,0,-8.399999999999977,52406.399999999994
M23748,M,24.55000000000001,35.75,90.0,1530.0,39.1,108.0,0,0,0,0,0,0,-11.199999999999989,59823.0
M18667,M,29.150000000000034,37.85000000000002,90.0,1546.0,35.5,70.0,0,0,0,0,0,0,-8.699999999999989,54883.0
M21843,M,27.55000000000001,37.85000000000002,90.0,1334.0,53.9,150.0,0,0,0,0,0,0,-10.300000000000011,71902.59999999999
L51352,L,29.05000000000001,37.450000000000045,90.0,1386.0,50.0,132.0,0,0,0,0,0,0,-8.400000000000034,69300.0
L53319,L,27.650000000000034,37.55000000000001,90.0,1586.0,33.4,142.0,0,0,0,0,0,0,-9.899999999999977,52972.399999999994
M15645,M,23.75,34.85000000000002,90.0,1497.0,44.8,57.0,0,0,0,0,0,0,-11.100000000000023,67065.59999999999
M21927,M,27.650000000000034,37.55000000000001,90.0,1386.0,42.1,170.0,0,0,0,0,0,0,-9.899999999999977,58350.6
L50338,L,27.25,36.55000000000001,90.0,1679.0,30.1,136.0,0,0,0,0,0,0,-9.300000000000011,50537.9
M24317,M,25.350000000000023,36.150000000000034,90.0,1692.0,26.7,118.0,0,0,0,0,0,0,-10.800000000000011,45176.4
L49349,L,26.350000000000023,35.950000000000045,90.0,1415.0,49.2,8.0,0,0,0,0,0,0,-9.600000000000023,69618.0
M21740,M,27.75,38.150000000000034,90.0,1801.0,24.6,100.0,0,0,0,0,0,0,-10.400000000000034,44304.600000000006
L51189,L,29.05000000000001,38.05000000000001,90.0,1630.0,36.0,169.0,0,0,0,0,0,0,-9.0,58680.0
M19200,M,28.55000000000001,36.75,90.0,1533.0,40.9,106.0,0,0,0,0,0,0,-8.199999999999989,62699.7
L48090,L,22.350000000000023,32.85000000000002,90.0,1546.0,35.9,169.0,0,0,0,0,0,0,-10.5,55501.399999999994
L53448,L,27.75,37.35000000000002,90.0,1616.0,33.5,25.0,0,0,0,0,0,0,-9.600000000000023,54136.0
L54951,L,27.150000000000034,38.450000000000045,90.0,1709.0,29.5,27.0,0,0,0,0,0,0,-11.300000000000011,50415.5
L49489,L,25.950000000000045,35.450000000000045,90.0,1611.0,31.4,161.0,0,0,0,0,0,0,-9.5,50585.399999999994
L48437,L,24.350000000000023,35.75,90.0,1466.0,43.0,15.0,0,0,0,0,0,0,-11.399999999999977,63038.0
L51638,L,29.450000000000045,37.25,90.0,1478.0,47.7,189.0,0,0,0,0,0,0,-7.7999999999999545,70500.6
L53313,L,27.950000000000045,37.950000000000045,90.0,1470.0,40.9,125.0,0,0,0,0,0,0,-10.0,60123.0
L48358,L,24.150000000000034,35.35000000000002,90.0,1398.0,60.4,12.0,0,0,0,0,0,0,-11.199999999999989,84439.2
H35632,H,27.850000000000023,37.450000000000045,90.0,1366.0,50.6,106.0,0,0,0,0,0,0,-9.600000000000023,69119.6
L50830,L,28.950000000000045,38.25,90.0,1446.0,39.7,95.0,0,0,0,0,0,0,-9.299999999999955,57406.200000000004
L48579,L,25.850000000000023,37.05000000000001,90.0,1533.0,43.5,159.0,0,0,0,0,0,0,-11.199999999999989,66685.5
L48637,L,25.850000000000023,37.150000000000034,90.0,1475.0,42.4,93.0,0,0,0,0,0,0,-11.300000000000011,62540.0
H35158,H,29.05000000000001,38.35000000000002,90.0,1482.0,42.6,16.0,0,0,0,0,0,0,-9.300000000000011,63133.200000000004
L48643,L,25.650000000000034,36.950000000000045,90.0,1607.0,39.5,105.0,0,0,0,0,0,0,-11.300000000000011,63476.5
L50879,L,29.05000000000001,38.05000000000001,90.0,1649.0,33.2,9.0,0,0,0,0,0,0,-9.0,54746.8
L50939,L,29.150000000000034,37.85000000000002,90.0,1412.0,47.0,164.0,0,0,0,0,0,0,-8.699999999999989,66364.0
L48109,L,22.450000000000045,32.85000000000002,90.0,1419.0,51.1,7.0,0,0,0,0,0,0,-10.399999999999977,72510.90000000001
L53648,L,27.350000000000023,36.650000000000034,90.0,1507.0,42.5,117.0,0,0,0,0,0,0,-9.300000000000011,64047.5
L55475,L,25.75,37.25,90.0,1739.0,26.3,30.0,0,0,0,0,0,0,-11.5,45735.700000000004
L53718,L,28.25,37.55000000000001,90.0,1487.0,44.6,88.0,0,0,0,0,0,0,-9.300000000000011,66320.2
L51401,L,28.75,37.450000000000045,90.0,1467.0,39.3,32.0,0,0,0,0,0,0,-8.700000000000045,57653.1
L52778,L,29.650000000000034,38.950000000000045,90.0,1441.0,52.1,79.0,0,0,0,0,0,0,-9.300000000000011,75076.1
M23797,M,24.25,35.25,90.0,1340.0,52.6,15.0,0,0,0,0,0,0,-11.0,70484.0
H36732,H,26.75,37.150000000000034,90.0,1535.0,43.9,154.0,0,0,0,0,0,0,-10.400000000000034,67386.5
L49191,L,25.55000000000001,35.35000000000002,90.0,1616.0,30.2,34.0,0,0,0,0,0,0,-9.800000000000011,48803.2
L48093,L,22.350000000000023,32.85000000000002,90.0,1621.0,29.5,176.0,0,0,0,0,0,0,-10.5,47819.5
L55428,L,25.75,37.150000000000034,90.0,1456.0,44.1,118.0,0,0,0,0,0,0,-11.400000000000034,64209.6
L54445,L,27.25,37.450000000000045,90.0,1384.0,48.7,24.0,0,0,0,0,0,0,-10.200000000000045,67400.8
M18079,M,27.450000000000045,36.450000000000045,90.0,1503.0,38.4,68.0,0,0,0,0,0,0,-9.0,57715.2
H32678,H,28.150000000000034,36.950000000000045,90.0,1455.0,44.1,188.0,0,0,0,0,0,0,-8.800000000000011,64165.5
L55841,L,24.25,35.35000000000002,90.0,1643.0,33.8,132.0,0,0,0,0,0,0,-11.100000000000023,55533.399999999994
L53744,L,28.25,37.450000000000045,90.0,1557.0,38.2,157.0,0,0,0,0,0,0,-9.200000000000045,59477.4
L55309,L,26.850000000000023,38.150000000000034,90.0,1520.0,39.2,43.0,0,0,0,0,0,0,-11.300000000000011,59584.00000000001
L47186,L,24.950000000000045,35.450000000000045,90.0,1558.0,42.4,14.0,0,0,0,0,0,0,-10.5,66059.2
L49123,L,24.950000000000045,34.85000000000002,90.0,1704.0,30.9,61.0,0,0,0,0,0,0,-9.899999999999977,52653.6
L54632,L,27.150000000000034,38.55000000000001,90.0,1579.0,33.6,59.0,0,0,0,0,0,0,-11.399999999999977,53054.4
H34913,H,29.75,39.150000000000034,90.0,1417.0,48.7,26.0,0,0,0,0,0,0,-9.400000000000034,69007.90000000001
L48815,L,24.650000000000034,34.650000000000034,90.0,1383.0,56.5,98.0,0,0,0,0,0,0,-10.0,78139.5
L48321,L,23.850000000000023,34.75,90.0,1635.0,31.6,147.0,0,0,0,0,0,0,-10.899999999999977,51666.0
L49221,L,25.950000000000045,35.75,90.0,1680.0,27.2,110.0,0,0,0,0,0,0,-9.799999999999955,45696.0
M21563,M,28.350000000000023,37.55000000000001,90.0,1744.0,28.2,61.0,0,0,0,0,0,0,-9.199999999999989,49180.799999999996
L52340,L,30.950000000000045,40.05000000000001,90.0,1434.0,50.1,43.0,0,0,0,0,0,0,-9.099999999999966,71843.40000000001
L52455,L,30.55000000000001,39.950000000000045,90.0,1423.0,41.2,124.0,0,0,0,0,0,0,-9.400000000000034,58627.600000000006
L49422,L,26.05000000000001,35.25,90.0,1667.0,29.0,199.0,0,0,0,0,0,0,-9.199999999999989,48343.0
M16334,M,25.350000000000023,36.35000000000002,90.0,1366.0,61.9,130.0,0,0,0,0,0,0,-11.0,84555.4
L55770,L,24.25,34.75,90.0,1557.0,35.5,174.0,0,0,0,0,0,0,-10.5,55273.5
H31303,H,24.55000000000001,34.25,90.0,1432.0,40.2,132.0,0,0,0,0,0,0,-9.699999999999989,57566.4
L49201,L,25.55000000000001,35.35000000000002,90.0,1480.0,42.2,58.0,0,0,0,0,0,0,-9.800000000000011,62456.00000000001
L51200,L,28.950000000000045,37.85000000000002,90.0,1351.0,49.5,196.0,0,0,0,0,0,0,-8.899999999999977,66874.5
M23303,M,25.450000000000045,36.75,90.0,1668.0,32.3,6.0,0,0,0,0,0,0,-11.299999999999955,53876.399999999994
L48310,L,23.650000000000034,34.75,90.0,1413.0,46.5,121.0,0,0,0,0,0,0,-11.099999999999966,65704.5
M22398,M,27.05000000000001,38.25,90.0,1450.0,38.5,68.0,0,0,0,0,0,0,-11.199999999999989,55825.0
L51498,L,28.350000000000023,36.950000000000045,90.0,1541.0,42.2,52.0,0,0,0,0,0,0,-8.600000000000023,65030.200000000004
H39018,H,25.850000000000023,37.05000000000001,90.0,1637.0,38.0,68.0,0,0,0,0,0,0,-11.199999999999989,62206.0
L51324,L,28.650000000000034,36.950000000000045,90.0,1738.0,28.0,58.0,0,0,0,0,0,0,-8.300000000000011,48664.0
M19529,M,30.150000000000034,38.35000000000002,90.0,1373.0,47.3,60.0,1,0,1,0,0,0,-8.199999999999989,64942.899999999994
H30650,H,23.950000000000045,35.25,90.0,1359.0,46.6,176.0,0,0,0,0,0,0,-11.299999999999955,63329.4
M20336,M,29.450000000000045,38.950000000000045,90.0,1445.0,42.0,181.0,0,0,0,0,0,0,-9.5,60690.0
M24696,M,25.25,36.150000000000034,90.0,1390.0,53.6,5.0,0,0,0,0,0,0,-10.900000000000034,74504.0
M16716,M,24.650000000000034,34.25,90.0,1752.0,26.1,52.0,0,0,0,0,0,0,-9.599999999999966,45727.200000000004
L49462,L,26.25,35.55000000000001,90.0,1459.0,47.6,96.0,0,0,0,0,0,0,-9.300000000000011,69448.40000000001
L56500,L,25.25,36.150000000000034,90.0,1409.0,43.1,166.0,0,0,0,0,0,0,-10.900000000000034,60727.9
M18953,M,28.850000000000023,37.35000000000002,90.0,1573.0,32.1,143.0,0,0,0,0,0,0,-8.5,50493.3
L54241,L,27.450000000000045,37.25,90.0,1446.0,49.7,155.0,0,0,0,0,0,0,-9.799999999999955,71866.2
L52380,L,30.650000000000034,39.650000000000034,90.0,1416.0,58.7,156.0,0,0,0,0,0,0,-9.0,83119.2
M21261,M,26.850000000000023,36.450000000000045,90.0,1573.0,39.7,162.0,0,0,0,0,0,0,-9.600000000000023,62448.100000000006
H39343,H,25.25,35.25,90.0,1479.0,39.2,58.0,0,0,0,0,0,0,-10.0,57976.8
M18281,M,28.350000000000023,37.35000000000002,90.0,1612.0,29.8,148.0,0,0,0,0,0,0,-9.0,48037.6
L54592,L,26.850000000000023,37.85000000000002,90.0,1637.0,33.6,181.0,0,0,0,0,0,0,-11.0,55003.200000000004
M17574,M,26.450000000000045,35.950000000000045,90.0,1366.0,55.2,95.0,0,0,0,0,0,0,-9.5,75403.2
M23295,M,25.55000000000001,36.85000000000002,90.0,1519.0,38.1,198.0,0,0,0,0,0,0,-11.300000000000011,57873.9
L50369,L,26.950000000000045,35.950000000000045,90.0,1551.0,33.7,214.0,0,0,0,0,0,0,-9.0,52268.700000000004
L57148,L,25.25,34.85000000000002,90.0,1605.0,32.4,154.0,0,0,0,0,0,0,-9.600000000000023,52002.0
L51485,L,28.450000000000045,36.950000000000045,90.0,1687.0,26.6,16.0,0,0,0,0,0,0,-8.5,44874.200000000004
H34799,H,29.75,39.150000000000034,90.0,1754.0,26.9,209.0,0,0,0,0,0,0,-9.400000000000034,47182.6
M16856,M,25.25,34.85000000000002,90.0,1416.0,38.2,198.0,1,1,0,0,0,0,-9.600000000000023,54091.200000000004
M17357,M,26.05000000000001,35.75,90.0,1521.0,42.3,215.0,0,0,0,0,0,0,-9.699999999999989,64338.299999999996
L47381,L,25.150000000000034,35.35000000000002,90.0,1575.0,41.2,105.0,0,0,0,0,0,0,-10.199999999999989,64890.00000000001
L51186,L,28.950000000000045,38.05000000000001,90.0,1492.0,45.0,162.0,0,0,0,0,0,0,-9.099999999999966,67140.0
M24761,M,25.55000000000001,36.05000000000001,90.0,1423.0,48.9,187.0,0,0,0,0,0,0,-10.5,69584.7
L49882,L,26.650000000000034,36.05000000000001,90.0,1760.0,25.9,63.0,0,0,0,0,0,0,-9.399999999999977,45584.0
L50629,L,28.55000000000001,37.55000000000001,90.0,1605.0,33.3,220.0,0,0,0,0,0,0,-9.0,53446.49999999999
M15191,M,24.450000000000045,35.25,90.0,1391.0,51.9,218.0,0,0,0,0,0,0,-10.799999999999955,72192.9
L56140,L,24.150000000000034,34.75,90.0,1797.0,24.7,75.0,0,0,0,0,0,0,-10.599999999999966,44385.9
M24679,M,25.450000000000045,36.25,90.0,1464.0,36.9,179.0,0,0,0,0,0,0,-10.799999999999955,54021.6
L54356,L,26.950000000000045,36.950000000000045,90.0,1650.0,31.6,19.0,0,0,0,0,0,0,-10.0,52140.0
L49639,L,25.850000000000023,35.450000000000045,90.0,1297.0,54.2,110.0,0,0,0,0,0,0,-9.600000000000023,70297.40000000001
M16634,M,25.350000000000023,34.85000000000002,90.0,1519.0,37.3,29.0,0,0,0,0,0,0,-9.5,56658.7
L53808,L,28.450000000000045,37.35000000000002,90.0,1593.0,34.5,102.0,0,0,0,0,0,0,-8.899999999999977,54958.5
L55166,L,27.950000000000045,39.150000000000034,90.0,1587.0,34.5,115.0,0,0,0,0,0,0,-11.199999999999989,54751.5
L49866,L,26.650000000000034,36.25,90.0,1633.0,27.5,29.0,0,0,0,0,0,0,-9.599999999999966,44907.5
L56226,L,24.25,35.25,90.0,1664.0,28.1,67.0,0,0,0,0,0,0,-11.0,46758.4
M23208,M,25.55000000000001,36.450000000000045,90.0,1452.0,42.7,180.0,0,0,0,0,0,0,-10.900000000000034,62000.4
L52986,L,28.25,37.75,90.0,1440.0,45.4,177.0,0,0,0,0,0,0,-9.5,65376.0
L55877,L,24.150000000000034,35.450000000000045,90.0,1505.0,33.5,14.0,0,0,0,0,0,0,-11.300000000000011,50417.5
L53754,L,28.25,37.450000000000045,90.0,1578.0,33.0,181.0,0,0,0,0,0,0,-9.200000000000045,52074.0
L50232,L,26.950000000000045,36.05000000000001,90.0,1421.0,42.5,61.0,0,0,0,0,0,0,-9.099999999999966,60392.5
L55817,L,24.350000000000023,35.35000000000002,90.0,1459.0,39.7,69.0,0,0,0,0,0,0,-11.0,57922.3
M15033,M,25.05000000000001,34.85000000000002,90.0,1591.0,33.7,32.0,0,0,0,0,0,0,-9.800000000000011,53616.700000000004
L52134,L,30.55000000000001,39.450000000000045,90.0,1702.0,29.1,141.0,0,0,0,0,0,0,-8.900000000000034,49528.200000000004
H35660,H,27.650000000000034,37.150000000000034,90.0,1457.0,46.8,182.0,0,0,0,0,0,0,-9.5,68187.59999999999
L50552,L,28.25,37.650000000000034,90.0,1431.0,44.3,21.0,0,0,0,0,0,0,-9.400000000000034,63393.299999999996
M20908,M,27.75,37.85000000000002,90.0,1556.0,38.8,127.0,0,0,0,0,0,0,-10.100000000000023,60372.799999999996
M22276,M,26.950000000000045,38.05000000000001,90.0,1452.0,42.4,190.0,0,0,0,0,0,0,-11.099999999999966,61564.799999999996
L54473,L,26.950000000000045,37.35000000000002,90.0,1627.0,29.2,95.0,0,0,0,0,0,0,-10.399999999999977,47508.4
L54764,L,27.25,38.05000000000001,90.0,1472.0,37.3,187.0,0,0,0,0,0,0,-10.800000000000011,54905.6
H38791,H,24.55000000000001,35.150000000000034,90.0,1488.0,41.0,101.0,0,0,0,0,0,0,-10.600000000000023,61008.0
M23020,M,26.55000000000001,37.950000000000045,90.0,1618.0,30.3,125.0,0,0,0,0,0,0,-11.400000000000034,49025.4
L50583,L,28.150000000000034,37.35000000000002,90.0,1337.0,52.7,106.0,0,0,0,0,0,0,-9.199999999999989,70459.90000000001
L50871,L,28.950000000000045,38.05000000000001,90.0,1460.0,46.9,198.0,0,0,0,0,0,0,-9.099999999999966,68474.0
M23514,M,24.25,35.25,90.0,1441.0,46.8,116.0,0,0,0,0,0,0,-11.0,67438.8
L50808,L,29.05000000000001,38.25,90.0,1609.0,32.1,41.0,0,0,0,0,0,0,-9.199999999999989,51648.9
M23722,M,24.850000000000023,36.05000000000001,90.0,1558.0,41.7,35.0,0,0,0,0,0,0,-11.199999999999989,64968.600000000006
L49354,L,26.450000000000045,36.05000000000001,90.0,1572.0,33.4,20.0,0,0,0,0,0,0,-9.599999999999966,52504.799999999996
L52182,L,30.55000000000001,39.650000000000034,90.0,1627.0,31.7,40.0,0,0,0,0,0,0,-9.100000000000023,51575.9
L54571,L,26.55000000000001,37.450000000000045,90.0,1675.0,31.3,129.0,0,0,0,0,0,0,-10.900000000000034,52427.5
L54102,L,28.05000000000001,38.55000000000001,90.0,1463.0,48.3,204.0,0,0,0,0,0,0,-10.5,70662.9
L50822,L,29.150000000000034,38.450000000000045,90.0,1309.0,57.6,77.0,0,0,0,0,0,0,-9.300000000000011,75398.40000000001
L48992,L,25.05000000000001,34.650000000000034,90.0,1476.0,36.8,134.0,0,0,0,0,0,0,-9.600000000000023,54316.799999999996
M23357,M,25.150000000000034,36.25,90.0,1509.0,34.2,141.0,0,0,0,0,0,0,-11.099999999999966,51607.8
L52092,L,30.350000000000023,39.05000000000001,90.0,1511.0,37.1,27.0,0,0,0,0,0,0,-8.699999999999989,56058.1
M20528,M,29.05000000000001,38.25,90.0,1432.0,45.3,33.0,0,0,0,0,0,0,-9.199999999999989,64869.6
H37956,H,25.25,36.25,90.0,1512.0,35.3,51.0,0,0,0,0,0,0,-11.0,53373.6
M16660,M,24.850000000000023,34.35000000000002,90.0,1524.0,36.3,98.0,0,0,0,0,0,0,-9.5,55321.2
M24111,M,25.05000000000001,35.950000000000045,90.0,1651.0,28.8,186.0,0,0,0,0,0,0,-10.900000000000034,47548.8
L49609,L,25.75,35.150000000000034,90.0,1432.0,48.9,38.0,0,0,0,0,0,0,-9.400000000000034,70024.8
L52662,L,29.450000000000045,38.950000000000045,90.0,1782.0,26.8,198.0,0,0,0,0,0,0,-9.5,47757.6
L53941,L,28.350000000000023,37.75,90.0,1400.0,50.8,2.0,0,0,0,0,0,0,-9.399999999999977,71120.0
M24699,M,25.25,36.05000000000001,90.0,1491.0,51.2,13.0,0,0,0,0,0,0,-10.800000000000011,76339.2
L56815,L,26.05000000000001,37.05000000000001,90.0,1609.0,33.2,156.0,0,0,0,0,0,0,-11.0,53418.8
L55321,L,26.450000000000045,37.650000000000034,90.0,1393.0,49.9,78.0,0,0,0,0,0,0,-11.199999999999989,69510.7
M22401,M,27.150000000000034,38.35000000000002,90.0,1528.0,40.9,76.0,0,0,0,0,0,0,-11.199999999999989,62495.2
M19847,M,30.55000000000001,39.85000000000002,90.0,1303.0,54.4,2.0,0,0,0,0,0,0,-9.300000000000011,70883.2
L51830,L,30.150000000000034,38.25,90.0,1658.0,30.5,7.0,0,0,0,0,0,0,-8.099999999999966,50569.0
L48339,L,23.850000000000023,34.650000000000034,90.0,1609.0,35.6,193.0,0,0,0,0,0,0,-10.800000000000011,57280.4
M16073,M,23.650000000000034,34.650000000000034,90.0,1551.0,38.9,112.0,0,0,0,0,0,0,-11.0,60333.899999999994
H30739,H,25.650000000000034,36.950000000000045,90.0,1567.0,36.8,197.0,0,0,0,0,0,0,-11.300000000000011,57665.6
M22372,M,27.350000000000023,38.650000000000034,90.0,1636.0,34.4,2.0,0,0,0,0,0,0,-11.300000000000011,56278.399999999994
L54760,L,27.25,38.150000000000034,90.0,1495.0,51.2,175.0,0,0,0,0,0,0,-10.900000000000034,76544.0
L51976,L,30.350000000000023,39.25,90.0,1390.0,47.3,164.0,0,0,0,0,0,0,-8.899999999999977,65747.0
L52988,L,28.25,37.85000000000002,90.0,1733.0,25.7,182.0,0,0,0,0,0,0,-9.600000000000023,44538.1
L53123,L,27.55000000000001,37.55000000000001,90.0,1541.0,41.3,82.0,0,0,0,0,0,0,-10.0,63643.299999999996
M24143,M,25.150000000000034,35.85000000000002,90.0,1802.0,27.5,71.0,0,0,0,0,0,0,-10.699999999999989,49555.0
M23004,M,26.55000000000001,37.85000000000002,90.0,1506.0,42.7,85.0,0,0,0,0,0,0,-11.300000000000011,64306.200000000004
L48635,L,25.850000000000023,37.25,90.0,1382.0,53.0,89.0,0,0,0,0,0,0,-11.399999999999977,73246.0
L56072,L,24.450000000000045,35.650000000000034,90.0,1475.0,43.0,119.0,0,0,0,0,0,0,-11.199999999999989,63425.0
M19822,M,30.850000000000023,39.55000000000001,90.0,1456.0,51.2,160.0,0,0,0,0,0,0,-8.699999999999989,74547.2
L48824,L,24.850000000000023,34.650000000000034,90.0,1622.0,33.3,121.0,0,0,0,0,0,0,-9.800000000000011,54012.6
L49320,L,26.150000000000034,35.85000000000002,90.0,1419.0,46.6,158.0,0,0,0,0,0,0,-9.699999999999989,66125.40000000001
L51716,L,29.25,37.05000000000001,90.0,1351.0,45.1,168.0,1,0,1,0,0,0,-7.800000000000011,60930.1
L56131,L,24.150000000000034,34.950000000000045,90.0,1763.0,28.4,54.0,0,0,0,0,0,0,-10.800000000000011,50069.2
M19238,M,28.75,36.450000000000045,90.0,1385.0,45.8,217.0,0,0,0,0,0,0,-7.7000000000000455,63432.99999999999
L51537,L,28.850000000000023,36.75,90.0,1407.0,52.8,154.0,0,0,0,0,0,0,-7.899999999999977,74289.59999999999
L54928,L,27.25,38.55000000000001,90.0,1515.0,47.4,170.0,0,0,0,0,0,0,-11.300000000000011,71811.0
L53896,L,28.150000000000034,37.450000000000045,90.0,1387.0,53.6,94.0,0,0,0,0,0,0,-9.300000000000011,74343.2
L48290,L,23.350000000000023,34.25,90.0,1292.0,52.5,62.0,0,0,0,0,0,0,-10.899999999999977,67830.0
H34894,H,29.55000000000001,38.950000000000045,90.0,1478.0,36.0,191.0,0,0,0,0,0,0,-9.400000000000034,53208.0
L48365,L,24.150000000000034,35.25,90.0,1491.0,46.5,29.0,0,0,0,0,0,0,-11.099999999999966,69331.5
L49187,L,25.450000000000045,35.25,90.0,1562.0,34.4,25.0,0,0,0,0,0,0,-9.799999999999955,53732.799999999996
H29607,H,25.05000000000001,35.25,90.0,1678.0,34.6,81.0,0,0,0,0,0,0,-10.199999999999989,58058.8
M20471,M,29.850000000000023,39.150000000000034,90.0,1674.0,29.5,109.0,0,0,0,0,0,0,-9.300000000000011,49383.0
L50081,L,27.450000000000045,36.25,90.0,1425.0,40.3,103.0,0,0,0,0,0,0,-8.799999999999955,57427.49999999999
H35633,H,27.950000000000045,37.450000000000045,90.0,1407.0,43.9,111.0,0,0,0,0,0,0,-9.5,61767.299999999996
H30185,H,23.650000000000034,34.85000000000002,90.0,1311.0,58.6,19.0,0,0,0,0,0,0,-11.199999999999989,76824.6
L55019,L,27.150000000000034,38.450000000000045,90.0,1374.0,47.4,197.0,0,0,0,0,0,0,-11.300000000000011,65127.6
M17255,M,26.05000000000001,35.35000000000002,90.0,1742.0,28.9,150.0,0,0,0,0,0,0,-9.300000000000011,50343.799999999996
L48658,L,25.150000000000034,36.25,90.0,1568.0,35.8,140.0,0,0,0,0,0,0,-11.099999999999966,56134.399999999994
H31260,H,24.55000000000001,34.150000000000034,90.0,1514.0,38.6,19.0,0,0,0,0,0,0,-9.600000000000023,58440.4
L51454,L,29.25,37.450000000000045,90.0,1445.0,40.3,162.0,0,0,0,0,0,0,-8.200000000000045,58233.49999999999
L50920,L,29.150000000000034,38.05000000000001,90.0,1401.0,49.7,118.0,0,0,0,0,0,0,-8.899999999999977,69629.7
L51780,L,29.850000000000023,37.85000000000002,90.0,1359.0,44.2,115.0,1,0,1,0,0,0,-8.0,60067.8
L55267,L,26.950000000000045,38.25,90.0,1446.0,40.6,147.0,0,0,0,0,0,0,-11.299999999999955,58707.6
L55890,L,23.950000000000045,35.35000000000002,90.0,1712.0,32.1,48.0,0,0,0,0,0,0,-11.399999999999977,54955.200000000004
L53856,L,28.350000000000023,37.55000000000001,90.0,1423.0,44.0,222.0,0,0,0,0,0,0,-9.199999999999989,62612.0
L55304,L,27.05000000000001,38.25,90.0,1568.0,41.0,32.0,0,0,0,0,0,0,-11.199999999999989,64288.0
L56718,L,26.150000000000034,37.450000000000045,90.0,1480.0,45.1,107.0,0,0,0,0,0,0,-11.300000000000011,66748.0
H34329,H,30.350000000000023,39.150000000000034,90.0,1386.0,49.0,35.0,0,0,0,0,0,0,-8.800000000000011,67914.0
L49076,L,24.75,34.35000000000002,90.0,1574.0,35.8,153.0,0,0,0,0,0,0,-9.600000000000023,56349.2
L55732,L,25.05000000000001,35.950000000000045,90.0,1467.0,44.5,80.0,0,0,0,0,0,0,-10.900000000000034,65281.5
M21562,M,28.450000000000045,37.650000000000034,90.0,1664.0,32.0,58.0,0,0,0,0,0,0,-9.199999999999989,53248.0
L53497,L,27.75,37.150000000000034,90.0,1321.0,48.8,150.0,0,0,0,0,0,0,-9.400000000000034,64464.799999999996
L53761,L,28.25,37.25,90.0,1559.0,36.0,196.0,0,0,0,0,0,0,-9.0,56124.0
L47522,L,24.25,35.05000000000001,90.0,1471.0,46.5,25.0,0,0,0,0,0,0,-10.800000000000011,68401.5
L50316,L,27.25,36.75,90.0,1435.0,54.8,70.0,0,0,0,0,0,0,-9.5,78638.0
L49707,L,25.650000000000034,35.35000000000002,90.0,1450.0,50.8,57.0,0,0,0,0,0,0,-9.699999999999989,73660.0
L51757,L,29.850000000000023,38.05000000000001,90.0,1800.0,23.7,61.0,0,0,0,0,0,0,-8.199999999999989,42660.0
L55571,L,25.450000000000045,36.450000000000045,90.0,1423.0,42.7,82.0,0,0,0,0,0,0,-11.0,60762.100000000006
M20303,M,29.850000000000023,39.55000000000001,90.0,1426.0,46.8,99.0,0,0,0,0,0,0,-9.699999999999989,66736.8
H38448,H,24.25,35.05000000000001,90.0,1585.0,46.2,37.0,0,0,0,0,0,0,-10.800000000000011,73227.0
H39201,H,25.450000000000045,36.35000000000002,90.0,1420.0,50.4,82.0,0,0,0,0,0,0,-10.899999999999977,71568.0
L51120,L,29.150000000000034,38.35000000000002,90.0,1395.0,54.2,198.0,0,0,0,0,0,0,-9.199999999999989,75609.0
M16159,M,25.55000000000001,36.75,90.0,1458.0,40.2,137.0,0,0,0,0,0,0,-11.199999999999989,58611.600000000006
L48528,L,25.55000000000001,37.05000000000001,90.0,1363.0,45.5,28.0,0,0,0,0,0,0,-11.5,62016.5
L57126,L,25.150000000000034,34.75,90.0,1502.0,42.0,103.0,0,0,0,0,0,0,-9.599999999999966,63084.0
L51769,L,29.650000000000034,37.950000000000045,90.0,1721.0,30.0,87.0,0,0,0,0,0,0,-8.300000000000011,51630.0
M23390,M,25.350000000000023,36.150000000000034,90.0,1615.0,31.8,23.0,0,0,0,0,0,0,-10.800000000000011,51357.0
L52334,L,31.05000000000001,40.25,90.0,1568.0,37.6,25.0,0,0,0,0,0,0,-9.199999999999989,58956.8
L49495,L,26.05000000000001,35.75,90.0,1526.0,37.9,177.0,0,0,0,0,0,0,-9.699999999999989,57835.4
M24474,M,25.950000000000045,37.150000000000034,90.0,1441.0,43.9,94.0,0,0,0,0,0,0,-11.199999999999989,63259.9
M24437,M,26.350000000000023,37.55000000000001,90.0,1364.0,49.5,0.0,0,0,0,0,0,0,-11.199999999999989,67518.0
M17384,M,25.650000000000034,35.55000000000001,90.0,1446.0,45.5,49.0,0,0,0,0,0,0,-9.899999999999977,65793.0
L56148,L,23.950000000000045,34.650000000000034,90.0,1454.0,50.6,94.0,0,0,0,0,0,0,-10.699999999999989,73572.40000000001
H35165,H,29.150000000000034,38.650000000000034,90.0,1475.0,42.8,38.0,0,0,0,0,0,0,-9.5,63129.99999999999
L52897,L,29.150000000000034,38.85000000000002,90.0,1746.0,28.1,167.0,0,0,0,0,0,0,-9.699999999999989,49062.600000000006
L53837,L,28.25,37.150000000000034,90.0,1374.0,47.6,176.0,0,0,0,0,0,0,-8.900000000000034,65402.4
L55970,L,24.25,35.35000000000002,90.0,1410.0,43.9,47.0,0,0,0,0,0,0,-11.100000000000023,61899.0
H29481,H,25.650000000000034,35.75,90.0,1466.0,44.1,184.0,0,0,0,0,0,0,-10.099999999999966,64650.6
L47220,L,25.650000000000034,35.950000000000045,90.0,1362.0,45.4,113.0,0,0,0,0,0,0,-10.300000000000011,61834.799999999996
L49449,L,26.150000000000034,35.450000000000045,90.0,1314.0,48.2,65.0,0,0,0,0,0,0,-9.300000000000011,63334.8
L57141,L,25.05000000000001,34.75,90.0,1399.0,54.9,139.0,0,0,0,0,0,0,-9.699999999999989,76805.09999999999
H34330,H,30.25,39.150000000000034,90.0,1769.0,27.9,40.0,0,0,0,0,0,0,-8.900000000000034,49355.1
M20182,M,30.25,39.55000000000001,90.0,1357.0,55.3,31.0,0,0,0,0,0,0,-9.300000000000011,75042.09999999999
H35187,H,28.450000000000045,38.05000000000001,90.0,1395.0,46.8,95.0,0,0,0,0,0,0,-9.599999999999966,65285.99999999999
L53412,L,28.150000000000034,37.85000000000002,90.0,1576.0,30.4,151.0,0,0,0,0,0,0,-9.699999999999989,47910.399999999994
L50627,L,28.55000000000001,37.450000000000045,90.0,1624.0,34.5,216.0,0,0,0,0,0,0,-8.900000000000034,56028.0
L53996,L,27.75,37.55000000000001,90.0,1477.0,43.2,143.0,0,0,0,0,0,0,-9.800000000000011,63806.4
M17227,M,26.150000000000034,35.35000000000002,90.0,1496.0,39.4,80.0,0,0,0,0,0,0,-9.199999999999989,58942.4
L55346,L,26.55000000000001,37.950000000000045,90.0,1603.0,31.4,141.0,0,0,0,0,0,0,-11.400000000000034,50334.2
M24479,M,25.75,36.85000000000002,90.0,1323.0,52.9,106.0,0,0,0,0,0,0,-11.100000000000023,69986.7
L49903,L,26.55000000000001,36.25,90.0,1362.0,51.9,117.0,0,0,0,0,0,0,-9.699999999999989,70687.8
L56365,L,24.75,35.950000000000045,90.0,1442.0,50.3,24.0,0,0,0,0,0,0,-11.200000000000045,72532.59999999999
L48323,L,23.850000000000023,34.75,90.0,1479.0,39.2,151.0,0,0,0,0,0,0,-10.899999999999977,57976.8
M24596,M,25.75,36.85000000000002,90.0,1348.0,58.2,163.0,0,0,0,0,0,0,-11.100000000000023,78453.6
H37706,H,25.75,37.35000000000002,90.0,1429.0,39.9,19.0,0,0,0,0,0,0,-11.600000000000023,57017.1
L56400,L,24.650000000000034,35.75,90.0,1282.0,58.1,108.0,0,0,0,0,0,0,-11.099999999999966,74484.2
L51908,L,30.25,38.55000000000001,90.0,1406.0,47.1,213.0,0,0,0,0,0,0,-8.300000000000011,66222.6
L52674,L,29.650000000000034,39.25,90.0,1368.0,49.5,10.0,0,0,0,0,0,0,-9.599999999999966,67716.0
L50969,L,29.150000000000034,37.650000000000034,90.0,1650.0,32.4,26.0,0,0,0,0,0,0,-8.5,53460.0
L54619,L,26.850000000000023,38.150000000000034,90.0,1493.0,41.4,28.0,0,0,0,0,0,0,-11.300000000000011,61810.2
M21950,M,27.450000000000045,37.05000000000001,90.0,1478.0,40.1,5.0,0,0,0,0,0,0,-9.599999999999966,59267.8
L56516,L,25.350000000000023,35.75,90.0,1725.0,31.9,205.0,0,0,0,0,0,0,-10.399999999999977,55027.5
L49147,L,24.75,34.450000000000045,90.0,1589.0,37.8,120.0,0,0,0,0,0,0,-9.700000000000045,60064.2
L56543,L,24.75,35.35000000000002,90.0,1519.0,34.3,61.0,0,0,0,0,0,0,-10.600000000000023,52101.7
H39210,H,25.25,36.150000000000034,90.0,1694.0,30.9,111.0,0,0,0,0,0,0,-10.900000000000034,52344.6
L53937,L,28.650000000000034,38.05000000000001,90.0,1822.0,26.2,204.0,0,0,0,0,0,0,-9.399999999999977,47736.4
L56766,L,26.25,37.450000000000045,90.0,1348.0,54.5,22.0,0,0,0,0,0,0,-11.200000000000045,73466.0
L51545,L,28.850000000000023,36.85000000000002,90.0,1449.0,48.8,181.0,0,0,0,0,0,0,-8.0,70711.2
L47603,L,24.150000000000034,35.150000000000034,90.0,1484.0,43.9,13.0,0,0,0,0,0,0,-11.0,65147.6
M16764,M,24.850000000000023,34.450000000000045,90.0,1569.0,35.6,173.0,0,0,0,0,0,0,-9.600000000000023,55856.4
M15455,M,24.450000000000045,36.450000000000045,90.0,1330.0,53.1,7.0,0,0,0,0,0,0,-12.0,70623.0
M23439,M,24.25,34.950000000000045,90.0,1620.0,31.2,143.0,0,0,0,0,0,0,-10.700000000000045,50544.0
L51097,L,29.450000000000045,38.55000000000001,90.0,1542.0,34.1,137.0,0,0,0,0,0,0,-9.099999999999966,52582.200000000004
L52841,L,29.05000000000001,38.25,90.0,1397.0,53.0,17.0,0,0,0,0,0,0,-9.199999999999989,74041.0
M20638,M,28.55000000000001,37.950000000000045,90.0,1489.0,41.4,108.0,0,0,0,0,0,0,-9.400000000000034,61644.6
M21705,M,28.150000000000034,38.35000000000002,90.0,1648.0,32.4,0.0,0,0,0,0,0,0,-10.199999999999989,53395.2
M15699,M,23.350000000000023,34.25,90.0,1565.0,43.5,194.0,0,0,0,0,0,0,-10.899999999999977,68077.5
L51776,L,29.850000000000023,38.05000000000001,90.0,1361.0,47.6,106.0,1,0,1,0,0,0,-8.199999999999989,64783.6
L54676,L,27.05000000000001,38.650000000000034,90.0,1464.0,44.5,179.0,0,0,0,0,0,0,-11.600000000000023,65148.0
L47321,L,25.55000000000001,35.35000000000002,90.0,1544.0,35.2,159.0,0,0,0,0,0,0,-9.800000000000011,54348.8
L53881,L,28.450000000000045,37.75,90.0,1623.0,34.1,56.0,0,0,0,0,0,0,-9.299999999999955,55344.3
L54936,L,27.350000000000023,38.650000000000034,90.0,1368.0,57.9,191.0,1,0,0,0,1,0,-11.300000000000011,79207.2
L48557,L,25.650000000000034,37.05000000000001,90.0,1461.0,46.7,105.0,0,0,0,0,0,0,-11.399999999999977,68228.7
L50854,L,29.05000000000001,38.35000000000002,90.0,1346.0,52.4,157.0,0,0,0,0,0,0,-9.300000000000011,70530.4
L55950,L,24.25,35.450000000000045,90.0,1680.0,32.8,200.0,0,0,0,0,0,0,-11.200000000000045,55103.99999999999
L57075,L,25.650000000000034,36.25,90.0,1387.0,54.1,171.0,0,0,0,0,0,0,-10.599999999999966,75036.7
L53542,L,26.850000000000023,36.450000000000045,90.0,1738.0,28.7,51.0,0,0,0,0,0,0,-9.600000000000023,49880.6
M18668,M,29.150000000000034,37.75,90.0,1762.0,24.5,73.0,0,0,0,0,0,0,-8.599999999999966,43169.0
L48318,L,23.75,34.75,90.0,1435.0,41.6,139.0,0,0,0,0,0,0,-11.0,59696.0
L55045,L,27.350000000000023,38.75,90.0,1383.0,50.5,35.0,0,0,0,0,0,0,-11.399999999999977,69841.5
L48967,L,25.25,35.05000000000001,90.0,1364.0,45.9,63.0,0,0,0,0,0,0,-9.800000000000011,62607.6
L51826,L,30.150000000000034,38.25,90.0,1497.0,46.0,234.0,1,1,0,0,0,0,-8.099999999999966,68862.0
L56722,L,26.450000000000045,37.75,90.0,1716.0,28.5,117.0,0,0,0,0,0,0,-11.299999999999955,48906.0
M15808,M,22.450000000000045,33.150000000000034,90.0,1426.0,45.5,53.0,0,0,0,0,0,0,-10.699999999999989,64883.0
M20785,M,27.05000000000001,36.950000000000045,90.0,1619.0,31.3,38.0,0,0,0,0,0,0,-9.900000000000034,50674.700000000004
M20900,M,27.55000000000001,37.950000000000045,90.0,1438.0,46.6,103.0,0,0,0,0,0,0,-10.400000000000034,67010.8
H29855,H,24.350000000000023,35.35000000000002,90.0,1393.0,46.6,56.0,0,0,0,0,0,0,-11.0,64913.8
H31016,H,24.650000000000034,34.75,90.0,1600.0,33.5,13.0,0,0,0,0,0,0,-10.099999999999966,53600.0
L49418,L,26.150000000000034,35.450000000000045,90.0,1474.0,49.6,191.0,0,0,0,0,0,0,-9.300000000000011,73110.40000000001
L56575,L,24.55000000000001,35.05000000000001,90.0,1500.0,39.9,158.0,0,0,0,0,0,0,-10.5,59850.0
M21004,M,27.950000000000045,37.950000000000045,90.0,1615.0,37.7,153.0,0,0,0,0,0,0,-10.0,60885.50000000001
L55165,L,27.850000000000023,39.05000000000001,90.0,1540.0,34.1,113.0,0,0,0,0,0,0,-11.199999999999989,52514.0
M17361,M,25.950000000000045,35.75,90.0,1476.0,42.7,225.0,0,0,0,0,0,0,-9.799999999999955,63025.200000000004
H31372,H,24.75,34.55000000000001,90.0,1464.0,43.2,97.0,0,0,0,0,0,0,-9.800000000000011,63244.8
L49475,L,26.25,35.55000000000001,90.0,1512.0,37.2,126.0,0,0,0,0,0,0,-9.300000000000011,56246.4
M24661,M,25.25,36.150000000000034,90.0,1496.0,45.6,129.0,0,0,0,0,0,0,-10.900000000000034,68217.6
M20909,M,27.75,37.85000000000002,90.0,1567.0,34.3,130.0,0,0,0,0,0,0,-10.100000000000023,53748.1
L50089,L,27.55000000000001,36.450000000000045,90.0,1500.0,44.1,122.0,0,0,0,0,0,0,-8.900000000000034,66150.0
L55568,L,25.75,36.75,90.0,1365.0,46.5,75.0,0,0,0,0,0,0,-11.0,63472.5
M15755,M,22.450000000000045,33.05000000000001,90.0,1435.0,51.6,126.0,0,0,0,0,0,0,-10.599999999999966,74046.0
M18107,M,27.850000000000023,36.650000000000034,90.0,1594.0,31.1,143.0,0,0,0,0,0,0,-8.800000000000011,49573.4
M17186,M,26.25,35.55000000000001,90.0,1487.0,52.6,205.0,0,0,0,0,0,0,-9.300000000000011,78216.2
L54276,L,27.450000000000045,37.05000000000001,90.0,1489.0,47.8,21.0,0,0,0,0,0,0,-9.599999999999966,71174.2
L56685,L,26.05000000000001,37.150000000000034,90.0,1429.0,40.1,23.0,0,0,0,0,0,0,-11.100000000000023,57302.9
M22441,M,27.25,38.05000000000001,90.0,1366.0,56.1,177.0,0,0,0,0,0,0,-10.800000000000011,76632.6
L56922,L,25.75,37.05000000000001,90.0,1623.0,37.2,177.0,0,0,0,0,0,0,-11.300000000000011,60375.600000000006
L53630,L,27.450000000000045,37.05000000000001,90.0,1378.0,47.3,71.0,0,0,0,0,0,0,-9.599999999999966,65179.399999999994
M24108,M,25.150000000000034,35.950000000000045,90.0,1488.0,40.6,176.0,0,0,0,0,0,0,-10.800000000000011,60412.8
L48878,L,24.75,34.450000000000045,90.0,1481.0,38.0,40.0,0,0,0,0,0,0,-9.700000000000045,56278.0
M24550,M,25.75,36.85000000000002,90.0,1520.0,35.6,48.0,0,0,0,0,0,0,-11.100000000000023,54112.0
M24409,M,26.450000000000045,37.950000000000045,90.0,1649.0,33.8,133.0,0,0,0,0,0,0,-11.5,55736.2
H39385,H,25.350000000000023,35.05000000000001,90.0,1563.0,44.6,163.0,0,0,0,0,0,0,-9.699999999999989,69709.8
M18691,M,29.150000000000034,37.75,90.0,1742.0,29.7,137.0,0,0,0,0,0,0,-8.599999999999966,51737.4
L53479,L,28.05000000000001,37.450000000000045,90.0,1385.0,49.2,105.0,0,0,0,0,0,0,-9.400000000000034,68142.0
M18208,M,28.150000000000034,37.55000000000001,90.0,1532.0,40.7,178.0,0,0,0,0,0,0,-9.399999999999977,62352.4
L49001,L,24.950000000000045,34.450000000000045,90.0,1354.0,43.3,155.0,0,0,0,0,0,0,-9.5,58628.2
H30001,H,24.450000000000045,36.35000000000002,90.0,1623.0,33.1,224.0,0,0,0,0,0,0,-11.899999999999977,53721.3
M24617,M,25.450000000000045,36.75,90.0,1517.0,34.0,215.0,0,0,0,0,0,0,-11.299999999999955,51578.0
M22642,M,27.25,38.450000000000045,90.0,1518.0,36.4,53.0,0,0,0,0,0,0,-11.200000000000045,55255.2
H37737,H,25.55000000000001,36.35000000000002,90.0,1453.0,40.4,108.0,0,0,0,0,0,0,-10.800000000000011,58701.2
M24827,M,25.150000000000034,34.75,90.0,1609.0,32.4,151.0,0,0,0,0,0,0,-9.599999999999966,52131.6
M22606,M,27.25,38.55000000000001,90.0,1508.0,45.4,164.0,0,0,0,0,0,0,-11.300000000000011,68463.2
M23731,M,24.75,35.950000000000045,90.0,1558.0,39.2,59.0,0,0,0,0,0,0,-11.200000000000045,61073.600000000006
M18417,M,28.650000000000034,37.55000000000001,90.0,1309.0,43.3,68.0,0,0,0,0,0,0,-8.899999999999977,56679.7
L48575,L,25.950000000000045,37.25,90.0,1452.0,39.7,151.0,0,0,0,0,0,0,-11.299999999999955,57644.4
L54808,L,27.350000000000023,38.55000000000001,90.0,1619.0,32.7,85.0,0,0,0,0,0,0,-11.199999999999989,52941.3
M21648,M,27.950000000000045,37.450000000000045,90.0,1410.0,43.9,73.0,0,0,0,0,0,0,-9.5,61899.0
L50249,L,26.850000000000023,35.950000000000045,90.0,1791.0,28.2,108.0,0,0,0,0,0,0,-9.100000000000023,50506.2
H37810,H,25.450000000000045,36.450000000000045,90.0,1593.0,33.3,95.0,0,0,0,0,0,0,-11.0,53046.899999999994
M18724,M,29.350000000000023,38.25,90.0,1629.0,31.7,225.0,0,0,0,0,0,0,-8.899999999999977,51639.299999999996
H31814,H,26.05000000000001,35.450000000000045,90.0,1462.0,55.0,163.0,0,0,0,0,0,0,-9.400000000000034,80410.0
M21134,M,28.05000000000001,37.55000000000001,90.0,1543.0,32.9,40.0,0,0,0,0,0,0,-9.5,50764.7
L55664,L,25.25,36.35000000000002,90.0,1397.0,50.3,110.0,0,0,0,0,0,0,-11.100000000000023,70269.09999999999
L50891,L,29.05000000000001,38.35000000000002,90.0,1543.0,38.5,37.0,0,0,0,0,0,0,-9.300000000000011,59405.5
L47426,L,24.75,34.950000000000045,90.0,1585.0,33.5,212.0,0,0,0,0,0,0,-10.200000000000045,53097.5
M16454,M,24.850000000000023,35.05000000000001,90.0,1373.0,51.2,215.0,0,0,0,0,0,0,-10.199999999999989,70297.6
L48709,L,24.950000000000045,35.85000000000002,90.0,1557.0,36.0,56.0,0,0,0,0,0,0,-10.899999999999977,56052.0
L55403,L,25.950000000000045,37.35000000000002,90.0,1329.0,54.9,58.0,0,0,0,0,0,0,-11.399999999999977,72962.09999999999
M15783,M,22.350000000000023,32.85000000000002,90.0,1423.0,45.3,205.0,0,0,0,0,0,0,-10.5,64461.899999999994
L54733,L,27.150000000000034,38.150000000000034,90.0,1505.0,39.6,107.0,0,0,0,0,0,0,-11.0,59598.0
H33778,H,28.950000000000045,36.950000000000045,90.0,1615.0,29.9,176.0,0,0,0,0,0,0,-8.0,48288.5
H30083,H,24.350000000000023,35.75,90.0,1471.0,37.7,197.0,0,0,0,0,0,0,-11.399999999999977,55456.700000000004
L50784,L,28.650000000000034,37.650000000000034,90.0,1557.0,33.3,190.0,0,0,0,0,0,0,-9.0,51848.1
L52288,L,30.75,40.150000000000034,90.0,1394.0,51.6,121.0,0,0,0,0,0,0,-9.400000000000034,71930.40000000001
H31324,H,24.850000000000023,34.55000000000001,90.0,1547.0,36.8,186.0,0,0,0,0,0,0,-9.699999999999989,56929.6
L55524,L,25.650000000000034,36.55000000000001,90.0,1609.0,40.4,169.0,0,0,0,0,0,0,-10.899999999999977,65003.6
L54363,L,27.05000000000001,37.150000000000034,90.0,1445.0,50.9,34.0,0,0,0,0,0,0,-10.100000000000023,73550.5
L51138,L,29.05000000000001,38.150000000000034,90.0,1378.0,55.5,35.0,0,0,0,0,0,0,-9.100000000000023,76479.0
L54137,L,27.55000000000001,37.950000000000045,90.0,1324.0,52.2,85.0,0,0,0,0,0,0,-10.400000000000034,69112.8
L52823,L,29.350000000000023,38.85000000000002,90.0,1574.0,42.0,188.0,0,0,0,0,0,0,-9.5,66108.0
L49876,L,26.850000000000023,36.450000000000045,90.0,1452.0,46.0,51.0,0,0,0,0,0,0,-9.600000000000023,66792.0
L53086,L,27.55000000000001,37.150000000000034,90.0,1533.0,35.6,198.0,0,0,0,0,0,0,-9.600000000000023,54574.8
L50193,L,27.350000000000023,36.450000000000045,90.0,1390.0,48.4,194.0,0,0,0,0,0,0,-9.100000000000023,67276.0
M21993,M,27.350000000000023,36.75,90.0,1552.0,41.3,116.0,0,0,0,0,0,0,-9.399999999999977,64097.6
H31721,H,25.850000000000023,35.35000000000002,90.0,1623.0,33.5,154.0,0,0,0,0,0,0,-9.5,54370.5
M22136,M,26.950000000000045,37.150000000000034,90.0,1350.0,48.8,50.0,0,0,0,0,0,0,-10.199999999999989,65880.0
L53191,L,27.650000000000034,37.650000000000034,90.0,1564.0,36.2,31.0,0,0,0,0,0,0,-10.0,56616.8
H36485,H,27.55000000000001,37.450000000000045,90.0,1505.0,40.6,179.0,0,0,0,0,0,0,-9.900000000000034,61103.0
L47792,L,24.950000000000045,36.75,90.0,1563.0,32.8,51.0,0,0,0,0,0,0,-11.799999999999955,51266.399999999994
L54347,L,27.150000000000034,37.150000000000034,90.0,1362.0,60.3,206.0,1,0,0,0,1,0,-10.0,82128.59999999999
L56385,L,24.650000000000034,35.650000000000034,90.0,1579.0,32.9,70.0,0,0,0,0,0,0,-11.0,51949.1
L56961,L,25.650000000000034,36.75,90.0,1441.0,41.6,62.0,0,0,0,0,0,0,-11.099999999999966,59945.6
M18995,M,28.55000000000001,37.150000000000034,90.0,1787.0,26.7,33.0,0,0,0,0,0,0,-8.600000000000023,47712.9
L49078,L,24.650000000000034,34.35000000000002,90.0,1372.0,54.1,157.0,0,0,0,0,0,0,-9.699999999999989,74225.2
L47438,L,24.950000000000045,35.05000000000001,90.0,1482.0,37.9,17.0,0,0,0,0,0,0,-10.099999999999966,56167.799999999996
L50104,L,27.650000000000034,36.55000000000001,90.0,1461.0,44.3,158.0,0,0,0,0,0,0,-8.899999999999977,64722.299999999996
M24284,M,24.850000000000023,35.35000000000002,90.0,1585.0,33.0,24.0,0,0,0,0,0,0,-10.5,52305.0
H34357,H,30.450000000000045,39.450000000000045,90.0,1436.0,42.0,110.0,0,0,0,0,0,0,-9.0,60312.0
L50002,L,27.150000000000034,36.450000000000045,90.0,1593.0,38.1,140.0,0,0,0,0,0,0,-9.300000000000011,60693.3
L50519,L,28.450000000000045,37.75,90.0,1492.0,45.2,155.0,0,0,0,0,0,0,-9.299999999999955,67438.40000000001
L50705,L,28.650000000000034,37.75,90.0,1609.0,31.7,202.0,0,0,0,0,0,0,-9.099999999999966,51005.299999999996
L56836,L,25.850000000000023,36.950000000000045,90.0,1623.0,33.0,210.0,0,0,0,0,0,0,-11.100000000000023,53559.0
L52509,L,30.55000000000001,39.85000000000002,90.0,1456.0,45.5,51.0,0,0,0,0,0,0,-9.300000000000011,66248.0
M20083,M,30.75,40.05000000000001,90.0,1350.0,47.2,2.0,0,0,0,0,0,0,-9.300000000000011,63720.00000000001
L49465,L,26.25,35.55000000000001,90.0,1381.0,56.7,102.0,0,0,0,0,0,0,-9.300000000000011,78302.7
L53243,L,27.950000000000045,37.950000000000045,90.0,1450.0,43.3,168.0,0,0,0,0,0,0,-10.0,62784.99999999999
M19514,M,29.950000000000045,37.85000000000002,90.0,1510.0,47.6,16.0,0,0,0,0,0,0,-7.899999999999977,71876.0
L53890,L,28.350000000000023,37.55000000000001,90.0,1323.0,49.7,79.0,0,0,0,0,0,0,-9.199999999999989,65753.1
L52596,L,29.450000000000045,39.150000000000034,90.0,1660.0,30.3,36.0,0,0,0,0,0,0,-9.699999999999989,50298.0
L49735,L,26.150000000000034,36.05000000000001,90.0,1511.0,37.2,129.0,0,0,0,0,0,0,-9.899999999999977,56209.200000000004
L47187,L,24.950000000000045,35.450000000000045,90.0,1527.0,40.2,16.0,0,0,0,0,0,0,-10.5,61385.4
L50837,L,28.950000000000045,38.35000000000002,90.0,1477.0,45.4,111.0,0,0,0,0,0,0,-9.399999999999977,67055.8
L52054,L,30.650000000000034,39.35000000000002,90.0,1619.0,30.9,142.0,0,0,0,0,0,0,-8.699999999999989,50027.1
H33816,H,29.150000000000034,37.05000000000001,90.0,1506.0,33.8,43.0,0,0,0,0,0,0,-7.899999999999977,50902.799999999996
L52726,L,29.150000000000034,38.55000000000001,90.0,1453.0,41.2,147.0,0,0,0,0,0,0,-9.399999999999977,59863.600000000006
L52477,L,30.55000000000001,39.950000000000045,90.0,1406.0,48.6,183.0,0,0,0,0,0,0,-9.400000000000034,68331.6
M21604,M,28.55000000000001,37.85000000000002,90.0,1298.0,58.1,168.0,0,0,0,0,0,0,-9.300000000000011,75413.8
L48994,L,24.950000000000045,34.55000000000001,90.0,1650.0,34.1,138.0,0,0,0,0,0,0,-9.599999999999966,56265.0
M21682,M,27.75,37.450000000000045,90.0,1709.0,29.2,158.0,0,0,0,0,0,0,-9.700000000000045,49902.799999999996
L48247,L,23.75,34.650000000000034,90.0,1466.0,45.7,153.0,0,0,0,0,0,0,-10.900000000000034,66996.2
M16851,M,25.05000000000001,34.650000000000034,90.0,1583.0,36.6,185.0,0,0,0,0,0,0,-9.600000000000023,57937.8
M18830,M,29.150000000000034,38.25,90.0,1345.0,47.6,67.0,0,0,0,0,0,0,-9.099999999999966,64022.0
L56253,L,24.05000000000001,34.950000000000045,90.0,1689.0,31.2,145.0,0,0,0,0,0,0,-10.900000000000034,52696.799999999996
M19402,M,29.350000000000023,37.25,90.0,1581.0,32.7,181.0,0,0,0,0,0,0,-7.899999999999977,51698.700000000004
L56506,L,25.450000000000045,36.150000000000034,90.0,1677.0,31.2,180.0,0,0,0,0,0,0,-10.699999999999989,52322.4
M24275,M,25.05000000000001,35.55000000000001,90.0,1361.0,44.2,0.0,0,0,0,0,0,0,-10.5,60156.200000000004
M21683,M,27.75,37.55000000000001,90.0,1268.0,56.3,161.0,0,0,0,0,0,0,-9.800000000000011,71388.4
L49855,L,26.55000000000001,36.150000000000034,90.0,1574.0,35.8,6.0,0,0,0,0,0,0,-9.600000000000023,56349.2
L53699,L,27.950000000000045,36.950000000000045,90.0,1417.0,46.9,35.0,0,0,0,0,0,0,-9.0,66457.3
L52954,L,28.350000000000023,37.950000000000045,90.0,1602.0,34.3,100.0,0,0,0,0,0,0,-9.600000000000023,54948.6
L53537,L,27.05000000000001,36.650000000000034,90.0,1398.0,54.8,39.0,0,0,0,0,0,0,-9.600000000000023,76610.4
L53706,L,28.05000000000001,37.25,90.0,1515.0,38.4,51.0,0,0,0,0,0,0,-9.199999999999989,58176.0
M19487,M,29.850000000000023,38.05000000000001,90.0,1592.0,38.9,188.0,0,0,0,0,0,0,-8.199999999999989,61928.799999999996
L49504,L,26.150000000000034,35.650000000000034,90.0,1636.0,29.9,201.0,0,0,0,0,0,0,-9.5,48916.399999999994
H34469,H,30.650000000000034,39.75,90.0,1378.0,45.6,184.0,0,0,0,0,0,0,-9.099999999999966,62836.8
L49788,L,26.350000000000023,36.150000000000034,90.0,1409.0,44.7,46.0,0,0,0,0,0,0,-9.800000000000011,62982.3
L56200,L,24.150000000000034,35.05000000000001,90.0,1553.0,33.5,2.0,0,0,0,0,0,0,-10.899999999999977,52025.5
M17150,M,26.350000000000023,35.55000000000001,90.0,1321.0,51.9,114.0,0,0,0,0,0,0,-9.199999999999989,68559.9
M16587,M,25.150000000000034,34.55000000000001,90.0,1602.0,33.4,106.0,0,0,0,0,0,0,-9.399999999999977,53506.799999999996
L55231,L,27.450000000000045,38.650000000000034,90.0,1652.0,27.2,52.0,0,0,0,0,0,0,-11.199999999999989,44934.4
H34827,H,29.55000000000001,39.35000000000002,90.0,1527.0,36.4,26.0,0,0,0,0,0,0,-9.800000000000011,55582.799999999996
L47523,L,24.350000000000023,35.150000000000034,90.0,1388.0,48.6,27.0,0,0,0,0,0,0,-10.800000000000011,67456.8
L51863,L,30.450000000000045,38.650000000000034,90.0,1736.0,32.9,99.0,0,0,0,0,0,0,-8.199999999999989,57114.399999999994
L55633,L,25.450000000000045,36.75,90.0,1564.0,37.1,30.0,0,0,0,0,0,0,-11.299999999999955,58024.4
L56487,L,25.150000000000034,35.950000000000045,90.0,1395.0,49.8,133.0,0,0,0,0,0,0,-10.800000000000011,69471.0
H36801,H,26.650000000000034,37.450000000000045,90.0,1423.0,44.6,116.0,0,0,0,0,0,0,-10.800000000000011,63465.8
L54845,L,27.350000000000023,38.450000000000045,90.0,1497.0,40.5,180.0,0,0,0,0,0,0,-11.100000000000023,60628.5
L54459,L,26.850000000000023,36.950000000000045,90.0,1465.0,40.9,60.0,0,0,0,0,0,0,-10.100000000000023,59918.5
L53345,L,27.75,37.55000000000001,90.0,1523.0,35.8,205.0,0,0,0,0,0,0,-9.800000000000011,54523.399999999994
M18448,M,28.55000000000001,37.450000000000045,90.0,1505.0,44.5,146.0,0,0,0,0,0,0,-8.900000000000034,66972.5
H36399,H,27.650000000000034,37.950000000000045,90.0,1698.0,24.8,156.0,0,0,0,0,0,0,-10.300000000000011,42110.4
M16377,M,25.05000000000001,35.75,90.0,1408.0,38.8,20.0,0,0,0,0,0,0,-10.699999999999989,54630.399999999994
L51452,L,29.350000000000023,37.650000000000034,90.0,1577.0,36.9,158.0,0,0,0,0,0,0,-8.300000000000011,58191.299999999996
L52980,L,28.350000000000023,37.75,90.0,1469.0,44.7,164.0,0,0,0,0,0,0,-9.399999999999977,65664.3
M21957,M,27.450000000000045,37.05000000000001,90.0,1233.0,52.3,23.0,0,0,0,0,0,0,-9.599999999999966,64485.899999999994
L47752,L,24.650000000000034,36.75,90.0,1351.0,49.0,181.0,0,0,0,0,0,0,-12.099999999999966,66199.0
M24418,M,26.350000000000023,37.75,90.0,1577.0,34.6,159.0,0,0,0,0,0,0,-11.399999999999977,54564.200000000004
L51868,L,30.350000000000023,38.450000000000045,90.0,1577.0,38.1,112.0,0,0,0,0,0,0,-8.100000000000023,60083.700000000004
M23934,M,24.05000000000001,34.950000000000045,90.0,1554.0,41.3,147.0,0,0,0,0,0,0,-10.900000000000034,64180.2
L56473,L,25.150000000000034,35.950000000000045,90.0,1437.0,38.0,93.0,0,0,0,0,0,0,-10.800000000000011,54606.0
L53650,L,27.25,36.450000000000045,90.0,1379.0,54.5,122.0,0,0,0,0,0,0,-9.200000000000045,75155.5
M21493,M,28.350000000000023,37.35000000000002,90.0,1737.0,29.3,114.0,0,0,0,0,0,0,-9.0,50894.1
L55671,L,25.350000000000023,36.35000000000002,90.0,1579.0,38.6,126.0,0,0,0,0,0,0,-11.0,60949.4
L54525,L,26.450000000000045,37.05000000000001,90.0,1381.0,60.5,13.0,0,0,0,0,0,0,-10.599999999999966,83550.5
M24299,M,24.950000000000045,35.650000000000034,90.0,1433.0,48.2,62.0,0,0,0,0,0,0,-10.699999999999989,69070.6
H35390,H,27.350000000000023,37.450000000000045,90.0,1378.0,51.5,166.0,0,0,0,0,0,0,-10.100000000000023,70967.0
M17212,M,26.150000000000034,35.35000000000002,90.0,1422.0,45.4,37.0,0,0,0,0,0,0,-9.199999999999989,64558.799999999996
L54307,L,27.450000000000045,36.85000000000002,90.0,1438.0,53.8,103.0,0,0,0,0,0,0,-9.399999999999977,77364.4
L48933,L,25.05000000000001,34.35000000000002,90.0,1470.0,51.3,180.0,0,0,0,0,0,0,-9.300000000000011,75411.0
M20061,M,30.55000000000001,39.55000000000001,90.0,1396.0,47.3,158.0,0,0,0,0,0,0,-9.0,66030.8
L55089,L,27.55000000000001,39.05000000000001,90.0,1590.0,38.5,148.0,0,0,0,0,0,0,-11.5,61215.0
M17221,M,26.05000000000001,35.450000000000045,90.0,1631.0,35.4,64.0,0,0,0,0,0,0,-9.400000000000034,57737.399999999994
H33674,H,29.55000000000001,37.950000000000045,90.0,1418.0,43.4,130.0,0,0,0,0,0,0,-8.400000000000034,61541.2
L52612,L,29.650000000000034,39.25,90.0,1392.0,46.2,70.0,0,0,0,0,0,0,-9.599999999999966,64310.4
M21145,M,28.05000000000001,37.55000000000001,90.0,1426.0,46.1,67.0,0,0,0,0,0,0,-9.5,65738.6
M19851,M,30.75,39.85000000000002,90.0,1475.0,41.0,11.0,0,0,0,0,0,0,-9.100000000000023,60475.0
M22460,M,27.25,37.85000000000002,90.0,1595.0,35.4,15.0,0,0,0,0,0,0,-10.600000000000023,56463.0
L54700,L,27.05000000000001,38.450000000000045,90.0,1529.0,35.5,21.0,0,0,0,0,0,0,-11.400000000000034,54279.5
M23786,M,24.150000000000034,35.150000000000034,90.0,1459.0,59.6,207.0,1,0,0,1,1,0,-11.0,86956.40000000001
L57170,L,25.650000000000034,35.35000000000002,90.0,1527.0,36.2,3.0,0,0,0,0,0,0,-9.699999999999989,55277.4
L52771,L,29.350000000000023,38.85000000000002,90.0,1574.0,33.8,63.0,0,0,0,0,0,0,-9.5,53201.2
H30585,H,23.850000000000023,34.950000000000045,90.0,1517.0,41.4,222.0,0,0,0,0,0,0,-11.100000000000023,62803.799999999996
L55266,L,27.05000000000001,38.25,90.0,1463.0,37.5,145.0,0,0,0,0,0,0,-11.199999999999989,54862.5
L48602,L,25.55000000000001,36.650000000000034,90.0,1530.0,35.5,0.0,0,0,0,0,0,0,-11.100000000000023,54315.0
L53962,L,28.150000000000034,37.650000000000034,90.0,1531.0,53.4,57.0,0,0,0,0,0,0,-9.5,81755.4
L53519,L,27.350000000000023,36.85000000000002,90.0,1451.0,48.6,208.0,0,0,0,0,0,0,-9.5,70518.6
L56827,L,26.05000000000001,37.05000000000001,90.0,1458.0,47.0,183.0,0,0,0,0,0,0,-11.0,68526.0
L48054,L,22.75,33.25,90.0,1575.0,28.5,74.0,0,0,0,0,0,0,-10.5,44887.5
L49477,L,26.150000000000034,35.55000000000001,90.0,1802.0,26.0,130.0,0,0,0,0,0,0,-9.399999999999977,46852.0
H36945,H,26.950000000000045,38.25,90.0,1377.0,56.7,50.0,0,0,0,0,0,0,-11.299999999999955,78075.90000000001
L48020,L,23.450000000000045,34.35000000000002,90.0,1582.0,37.9,197.0,0,0,0,0,0,0,-10.899999999999977,59957.799999999996
L47761,L,24.650000000000034,36.55000000000001,90.0,1394.0,42.9,206.0,0,0,0,0,0,0,-11.899999999999977,59802.6
M16501,M,24.850000000000023,34.85000000000002,90.0,1555.0,37.0,111.0,0,0,0,0,0,0,-10.0,57535.0
L49194,L,25.450000000000045,35.25,90.0,1310.0,59.7,40.0,0,0,0,0,0,0,-9.799999999999955,78207.0
M22400,M,27.05000000000001,38.150000000000034,90.0,1587.0,31.2,73.0,0,0,0,0,0,0,-11.100000000000023,49514.4
L48085,L,22.450000000000045,32.950000000000045,90.0,1474.0,41.2,156.0,0,0,0,0,0,0,-10.5,60728.8
L47811,L,25.25,36.85000000000002,90.0,1554.0,37.3,103.0,0,0,0,0,0,0,-11.600000000000023,57964.2
L55600,L,25.75,37.25,90.0,1546.0,37.7,159.0,0,0,0,0,0,0,-11.5,58284.200000000004
L55003,L,26.850000000000023,38.150000000000034,90.0,1484.0,53.2,158.0,0,0,0,0,0,0,-11.300000000000011,78948.8
L49154,L,24.850000000000023,34.450000000000045,90.0,1450.0,48.7,138.0,0,0,0,0,0,0,-9.600000000000023,70615.0
M24310,M,24.850000000000023,35.55000000000001,90.0,1494.0,42.6,96.0,0,0,0,0,0,0,-10.699999999999989,63644.4
M22624,M,27.25,38.55000000000001,90.0,1555.0,38.7,5.0,0,0,0,0,0,0,-11.300000000000011,60178.50000000001
L51893,L,30.350000000000023,38.650000000000034,90.0,1451.0,45.2,173.0,0,0,0,0,0,0,-8.300000000000011,65585.2
M16291,M,25.75,36.75,90.0,1404.0,41.4,20.0,0,0,0,0,0,0,-11.0,58125.6
L55918,L,24.150000000000034,35.55000000000001,90.0,1531.0,36.7,116.0,0,0,0,0,0,0,-11.399999999999977,56187.700000000004
L54048,L,27.850000000000023,38.05000000000001,90.0,1363.0,46.3,62.0,0,0,0,0,0,0,-10.199999999999989,63106.899999999994
L51823,L,30.05000000000001,38.25,90.0,1324.0,54.2,228.0,1,0,1,0,1,0,-8.199999999999989,71760.8
L56318,L,24.450000000000045,35.450000000000045,90.0,1522.0,37.0,106.0,0,0,0,0,0,0,-11.0,56314.0
M22815,M,27.75,38.75,90.0,1310.0,56.1,35.0,0,0,0,0,0,0,-11.0,73491.0
M24297,M,24.950000000000045,35.55000000000001,90.0,1527.0,43.0,56.0,0,0,0,0,0,0,-10.599999999999966,65661.0
H32270,H,27.350000000000023,36.150000000000034,90.0,1471.0,45.2,223.0,0,0,0,0,0,0,-8.800000000000011,66489.2
M16721,M,24.75,34.450000000000045,90.0,1609.0,30.3,64.0,0,0,0,0,0,0,-9.700000000000045,48752.700000000004
H32073,H,26.650000000000034,36.150000000000034,90.0,1595.0,32.1,183.0,0,0,0,0,0,0,-9.5,51199.5
L50564,L,28.150000000000034,37.450000000000045,90.0,1426.0,40.7,54.0,0,0,0,0,0,0,-9.300000000000011,58038.200000000004
L56744,L,26.650000000000034,37.950000000000045,90.0,1820.0,24.9,174.0,0,0,0,0,0,0,-11.300000000000011,45318.0
M24636,M,25.450000000000045,36.450000000000045,90.0,1397.0,54.1,47.0,0,0,0,0,0,0,-11.0,75577.7
L51913,L,30.150000000000034,38.450000000000045,90.0,1484.0,44.6,223.0,0,0,0,0,0,0,-8.300000000000011,66186.40000000001
L50511,L,28.55000000000001,37.650000000000034,90.0,1559.0,44.5,135.0,0,0,0,0,0,0,-9.100000000000023,69375.5
L56186,L,24.150000000000034,34.75,90.0,1417.0,41.8,186.0,0,0,0,0,0,0,-10.599999999999966,59230.6
L55815,L,24.25,35.150000000000034,90.0,1704.0,27.3,65.0,0,0,0,0,0,0,-10.900000000000034,46519.200000000004
M21264,M,27.05000000000001,36.55000000000001,90.0,1183.0,61.4,170.0,0,0,0,0,0,0,-9.5,72636.2
H36474,H,27.450000000000045,37.25,90.0,1479.0,35.6,150.0,0,0,0,0,0,0,-9.799999999999955,52652.4
M16956,M,26.350000000000023,36.25,90.0,1387.0,56.2,32.0,0,0,0,0,0,0,-9.899999999999977,77949.40000000001
M16863,M,25.350000000000023,35.05000000000001,90.0,1564.0,37.5,15.0,0,0,0,0,0,0,-9.699999999999989,58650.0
L47726,L,24.350000000000023,36.25,90.0,1809.0,24.3,110.0,0,0,0,0,0,0,-11.899999999999977,43958.700000000004
H30863,H,25.850000000000023,37.25,90.0,1677.0,30.8,73.0,0,0,0,0,0,0,-11.399999999999977,51651.6
L54080,L,27.850000000000023,38.55000000000001,90.0,1670.0,31.3,150.0,0,0,0,0,0,0,-10.699999999999989,52271.0
L49937,L,26.650000000000034,36.05000000000001,90.0,1439.0,36.1,203.0,0,0,0,0,0,0,-9.399999999999977,51947.9
L49065,L,24.850000000000023,34.450000000000045,90.0,1683.0,32.8,122.0,0,0,0,0,0,0,-9.600000000000023,55202.399999999994
M24683,M,25.350000000000023,36.150000000000034,90.0,1488.0,43.7,189.0,0,0,0,0,0,0,-10.800000000000011,65025.600000000006
L52918,L,29.150000000000034,38.55000000000001,90.0,1281.0,48.8,0.0,0,0,0,0,0,0,-9.399999999999977,62512.799999999996
M16957,M,26.25,36.25,90.0,1326.0,47.5,35.0,0,0,0,0,0,0,-10.0,62985.0
L56469,L,25.05000000000001,35.75,90.0,1367.0,45.0,85.0,0,0,0,0,0,0,-10.699999999999989,61515.0
M20484,M,29.650000000000034,39.05000000000001,90.0,1469.0,36.9,143.0,0,0,0,0,0,0,-9.399999999999977,54206.1
L48016,L,23.450000000000045,34.25,90.0,1368.0,45.1,185.0,0,0,0,0,0,0,-10.799999999999955,61696.8
M19557,M,30.350000000000023,38.450000000000045,90.0,1573.0,34.0,134.0,0,0,0,0,0,0,-8.100000000000023,53482.0
M21140,M,28.05000000000001,37.55000000000001,90.0,1527.0,41.1,53.0,0,0,0,0,0,0,-9.5,62759.700000000004
M23743,M,24.75,36.05000000000001,90.0,1529.0,38.1,96.0,0,0,0,0,0,0,-11.300000000000011,58254.9
L49351,L,26.350000000000023,35.950000000000045,90.0,1502.0,44.6,13.0,0,0,0,0,0,0,-9.600000000000023,66989.2
L56411,L,25.05000000000001,35.950000000000045,90.0,1539.0,36.5,134.0,0,0,0,0,0,0,-10.900000000000034,56173.5
L56364,L,24.850000000000023,36.05000000000001,90.0,1665.0,36.6,22.0,0,0,0,0,0,0,-11.199999999999989,60939.0
L49190,L,25.450000000000045,35.150000000000034,90.0,1278.0,60.5,32.0,0,0,0,0,0,0,-9.699999999999989,77319.0
H39206,H,25.350000000000023,36.25,90.0,1573.0,36.0,97.0,0,0,0,0,0,0,-10.899999999999977,56628.0
M23250,M,25.650000000000034,36.650000000000034,90.0,1288.0,61.9,79.0,0,0,0,0,0,0,-11.0,79727.2
L49628,L,26.25,35.75,90.0,1440.0,42.5,87.0,0,0,0,0,0,0,-9.5,61200.0
L49016,L,24.55000000000001,34.05000000000001,90.0,1518.0,35.8,195.0,0,0,0,0,0,0,-9.5,54344.399999999994
L56776,L,25.75,36.950000000000045,90.0,1466.0,43.4,50.0,0,0,0,0,0,0,-11.200000000000045,63624.4
L48199,L,23.150000000000034,34.150000000000034,90.0,1398.0,52.7,31.0,0,0,0,0,0,0,-11.0,73674.6
L52246,L,30.950000000000045,39.950000000000045,90.0,1550.0,30.9,9.0,0,0,0,0,0,0,-9.0,47895.0
L48506,L,25.75,37.05000000000001,90.0,1411.0,46.5,202.0,0,0,0,0,0,0,-11.300000000000011,65611.5
M23612,M,24.25,35.35000000000002,90.0,1465.0,55.9,153.0,0,0,0,0,0,0,-11.100000000000023,81893.5
L49990,L,26.650000000000034,35.950000000000045,90.0,1772.0,24.8,113.0,0,0,0,0,0,0,-9.300000000000011,43945.6
L55812,L,24.150000000000034,35.150000000000034,90.0,1590.0,35.5,59.0,0,0,0,0,0,0,-11.0,56445.0
L48831,L,24.850000000000023,34.650000000000034,90.0,1414.0,51.7,140.0,0,0,0,0,0,0,-9.800000000000011,73103.8
L48349,L,23.850000000000023,34.950000000000045,90.0,1355.0,43.7,217.0,0,0,0,0,0,0,-11.100000000000023,59213.50000000001
H30620,H,23.75,34.85000000000002,90.0,1318.0,53.5,88.0,0,0,0,0,0,0,-11.100000000000023,70513.0
L53436,L,27.850000000000023,37.450000000000045,90.0,1493.0,37.8,206.0,1,1,0,0,0,0,-9.600000000000023,56435.399999999994
H38797,H,24.350000000000023,34.950000000000045,90.0,1548.0,38.2,117.0,0,0,0,0,0,0,-10.600000000000023,59133.600000000006
H30281,H,22.75,33.35000000000002,90.0,1594.0,33.2,55.0,0,0,0,0,0,0,-10.600000000000023,52920.8
M17834,M,27.450000000000045,36.25,90.0,1521.0,37.2,90.0,0,0,0,0,0,0,-8.799999999999955,56581.200000000004
L52416,L,30.650000000000034,39.950000000000045,90.0,1394.0,45.4,36.0,0,0,0,0,0,0,-9.300000000000011,63287.6
M19953,M,30.850000000000023,40.150000000000034,90.0,1415.0,52.8,82.0,0,0,0,0,0,0,-9.300000000000011,74712.0
L47721,L,24.25,36.25,90.0,1296.0,52.3,96.0,0,0,0,0,0,0,-12.0,67780.8
L48312,L,23.650000000000034,34.75,90.0,1271.0,61.4,125.0,0,0,0,0,0,0,-11.099999999999966,78039.4
M24697,M,25.25,36.150000000000034,90.0,1355.0,50.6,8.0,0,0,0,0,0,0,-10.900000000000034,68563.0
L51681,L,29.350000000000023,37.05000000000001,90.0,1307.0,54.0,86.0,1,0,1,0,0,0,-7.699999999999989,70578.0
L53534,L,26.950000000000045,36.450000000000045,90.0,1565.0,34.8,32.0,0,0,0,0,0,0,-9.5,54461.99999999999
L56513,L,25.350000000000023,35.85000000000002,90.0,1450.0,40.5,199.0,0,0,0,0,0,0,-10.5,58725.0
L51335,L,28.850000000000023,37.35000000000002,90.0,1370.0,44.4,85.0,1,0,1,0,0,0,-8.5,60828.0
M18119,M,28.05000000000001,36.85000000000002,90.0,1625.0,31.6,173.0,0,0,0,0,0,0,-8.800000000000011,51350.0
L53482,L,28.05000000000001,37.450000000000045,90.0,1437.0,51.2,112.0,0,0,0,0,0,0,-9.400000000000034,73574.40000000001
L55098,L,27.650000000000034,38.950000000000045,90.0,1505.0,41.3,173.0,0,0,0,0,0,0,-11.300000000000011,62156.49999999999
H39350,H,25.150000000000034,35.05000000000001,90.0,1534.0,33.2,75.0,0,0,0,0,0,0,-9.899999999999977,50928.8
L49763,L,26.05000000000001,35.75,90.0,1342.0,50.8,195.0,0,0,0,0,0,0,-9.699999999999989,68173.59999999999
M21503,M,28.350000000000023,37.35000000000002,90.0,1308.0,60.5,139.0,0,0,0,0,0,0,-9.0,79134.0
M20034,M,31.05000000000001,40.35000000000002,90.0,1390.0,47.8,83.0,0,0,0,0,0,0,-9.300000000000011,66442.0
L50766,L,28.650000000000034,37.35000000000002,90.0,1593.0,34.9,139.0,0,0,0,0,0,0,-8.699999999999989,55595.7
L55168,L,27.950000000000045,39.150000000000034,90.0,1486.0,34.9,122.0,0,0,0,0,0,0,-11.199999999999989,51861.4
L54958,L,27.25,38.450000000000045,90.0,1517.0,39.0,45.0,0,0,0,0,0,0,-11.200000000000045,59163.0
L54825,L,27.25,38.25,90.0,1662.0,29.3,129.0,0,0,0,0,0,0,-11.0,48696.6
L48260,L,23.850000000000023,34.650000000000034,90.0,1774.0,28.0,188.0,0,0,0,0,0,0,-10.800000000000011,49672.0
M19143,M,28.650000000000034,36.75,90.0,1334.0,61.0,182.0,1,0,1,0,0,0,-8.099999999999966,81374.0
L54265,L,27.450000000000045,37.150000000000034,90.0,1484.0,41.0,213.0,0,0,0,0,0,0,-9.699999999999989,60844.0
L49203,L,25.55000000000001,35.35000000000002,90.0,1444.0,54.2,62.0,0,0,0,0,0,0,-9.800000000000011,78264.8
L55251,L,27.350000000000023,38.85000000000002,90.0,1646.0,29.5,106.0,0,0,0,0,0,0,-11.5,48557.0
L55898,L,24.05000000000001,35.55000000000001,90.0,1509.0,39.3,66.0,0,0,0,0,0,0,-11.5,59303.7
L47406,L,25.150000000000034,35.25,90.0,1329.0,49.2,166.0,0,0,0,0,0,0,-10.099999999999966,65386.8
L53859,L,28.450000000000045,37.650000000000034,90.0,1392.0,42.4,3.0,0,0,0,0,0,0,-9.199999999999989,59020.799999999996
L48223,L,23.350000000000023,34.450000000000045,90.0,1431.0,45.2,90.0,0,0,0,0,0,0,-11.100000000000023,64681.200000000004
M20111,M,30.25,39.75,90.0,1307.0,54.3,68.0,0,0,0,0,0,0,-9.5,70970.09999999999
M16264,M,25.75,36.950000000000045,90.0,1555.0,40.6,176.0,0,0,0,0,0,0,-11.200000000000045,63133.0
L49359,L,26.450000000000045,36.05000000000001,90.0,1601.0,33.3,33.0,0,0,0,0,0,0,-9.599999999999966,53313.299999999996
M15557,M,24.450000000000045,35.650000000000034,90.0,1453.0,39.7,69.0,0,0,0,0,0,0,-11.199999999999989,57684.100000000006
L54558,L,26.350000000000023,36.85000000000002,90.0,1388.0,52.4,94.0,0,0,0,0,0,0,-10.5,72731.2
M18755,M,29.150000000000034,38.05000000000001,90.0,1546.0,40.0,71.0,0,0,0,0,0,0,-8.899999999999977,61840.0
L55397,L,25.950000000000045,37.450000000000045,90.0,1577.0,37.1,44.0,0,0,0,0,0,0,-11.5,58506.700000000004
M19970,M,30.850000000000023,40.35000000000002,90.0,1732.0,26.2,126.0,0,0,0,0,0,0,-9.5,45378.4
L48958,L,25.450000000000045,35.05000000000001,90.0,1325.0,54.0,41.0,0,0,0,0,0,0,-9.599999999999966,71550.0
L49814,L,26.850000000000023,36.55000000000001,90.0,1554.0,32.0,117.0,0,0,0,0,0,0,-9.699999999999989,49728.0
L54367,L,27.25,37.35000000000002,90.0,1402.0,54.3,44.0,0,0,0,0,0,0,-10.100000000000023,76128.59999999999
L54784,L,27.25,38.150000000000034,90.0,1639.0,34.6,24.0,0,0,0,0,0,0,-10.900000000000034,56709.4
L50669,L,28.75,37.75,90.0,1542.0,36.7,101.0,0,0,0,0,0,0,-9.0,56591.4
H30451,H,23.25,34.35000000000002,90.0,1596.0,35.1,75.0,0,0,0,0,0,0,-11.100000000000023,56019.600000000006
L49436,L,25.950000000000045,35.150000000000034,90.0,1489.0,38.1,32.0,0,0,0,0,0,0,-9.199999999999989,56730.9
M23048,M,26.450000000000045,37.75,90.0,1530.0,38.8,198.0,0,0,0,0,0,0,-11.299999999999955,59363.99999999999
L47493,L,24.850000000000023,35.450000000000045,90.0,1313.0,50.8,170.0,0,0,0,0,0,0,-10.600000000000023,66700.4
M17509,M,26.75,36.35000000000002,90.0,1582.0,38.2,160.0,0,0,0,0,0,0,-9.600000000000023,60432.4
L50159,L,27.350000000000023,36.35000000000002,90.0,1542.0,38.5,108.0,0,0,0,0,0,0,-9.0,59367.0
L49727,L,26.05000000000001,35.950000000000045,90.0,1578.0,38.1,109.0,0,0,0,0,0,0,-9.900000000000034,60121.8
L52692,L,29.650000000000034,39.05000000000001,90.0,1682.0,30.9,58.0,0,0,0,0,0,0,-9.399999999999977,51973.799999999996
L54260,L,27.55000000000001,37.25,90.0,1543.0,47.3,203.0,0,0,0,0,0,0,-9.699999999999989,72983.9
L50317,L,27.25,36.75,90.0,1567.0,36.5,72.0,0,0,0,0,0,0,-9.5,57195.5
H38493,H,24.150000000000034,34.950000000000045,90.0,1554.0,42.4,158.0,0,0,0,0,0,0,-10.800000000000011,65889.59999999999
L53030,L,28.150000000000034,37.950000000000045,90.0,1560.0,35.3,55.0,0,0,0,0,0,0,-9.800000000000011,55067.99999999999
L53625,L,27.55000000000001,37.150000000000034,90.0,1662.0,34.4,57.0,0,0,0,0,0,0,-9.600000000000023,57172.799999999996
M18827,M,29.150000000000034,38.25,90.0,1479.0,45.6,59.0,0,0,0,0,0,0,-9.099999999999966,67442.40000000001
H37836,H,25.75,37.150000000000034,90.0,1243.0,63.0,163.0,0,0,0,0,0,0,-11.400000000000034,78309.0
L49700,L,25.650000000000034,35.450000000000045,90.0,1535.0,41.2,40.0,0,0,0,0,0,0,-9.800000000000011,63242.00000000001
L55017,L,27.05000000000001,38.35000000000002,90.0,1685.0,31.0,193.0,0,0,0,0,0,0,-11.300000000000011,52235.0
L52782,L,29.75,38.950000000000045,90.0,1334.0,54.7,88.0,0,0,0,0,0,0,-9.200000000000045,72969.8
L57048,L,25.75,36.75,90.0,1526.0,35.4,96.0,0,0,0,0,0,0,-11.0,54020.4
L55079,L,27.75,39.25,90.0,1364.0,52.5,125.0,0,0,0,0,0,0,-11.5,71610.0
L47541,L,24.350000000000023,35.150000000000034,90.0,1596.0,36.8,77.0,0,0,0,0,0,0,-10.800000000000011,58732.799999999996
L53459,L,28.150000000000034,37.650000000000034,90.0,1432.0,54.4,51.0,0,0,0,0,0,0,-9.5,77900.8
M23751,M,24.55000000000001,35.75,90.0,1681.0,28.3,116.0,0,0,0,0,0,0,-11.199999999999989,47572.3
L54714,L,26.850000000000023,38.05000000000001,90.0,1418.0,47.3,60.0,0,0,0,0,0,0,-11.199999999999989,67071.4
M21111,M,27.650000000000034,37.05000000000001,90.0,1598.0,36.5,195.0,0,0,0,0,0,0,-9.399999999999977,58327.0
L53106,L,27.05000000000001,36.950000000000045,90.0,1440.0,51.1,41.0,0,0,0,0,0,0,-9.900000000000034,73584.0
L52329,L,31.150000000000034,40.35000000000002,90.0,1452.0,41.5,15.0,0,0,0,0,0,0,-9.199999999999989,60258.0
M14882,M,25.75,36.150000000000034,90.0,1581.0,30.7,65.0,0,0,0,0,0,0,-10.400000000000034,48536.7
L49246,L,26.55000000000001,36.450000000000045,90.0,1512.0,36.2,172.0,0,0,0,0,0,0,-9.900000000000034,54734.4
M23350,M,25.350000000000023,36.450000000000045,90.0,1364.0,58.7,123.0,0,0,0,0,0,0,-11.100000000000023,80066.8
L50934,L,29.150000000000034,37.85000000000002,90.0,1442.0,43.7,152.0,0,0,0,0,0,0,-8.699999999999989,63015.4
H29874,H,24.150000000000034,35.450000000000045,90.0,1431.0,42.0,109.0,0,0,0,0,0,0,-11.300000000000011,60102.0
L52706,L,29.350000000000023,38.75,90.0,1520.0,44.9,94.0,0,0,0,0,0,0,-9.399999999999977,68248.0
L51262,L,28.850000000000023,37.25,90.0,1568.0,39.2,112.0,0,0,0,0,0,0,-8.399999999999977,61465.600000000006
M15142,M,24.950000000000045,34.950000000000045,90.0,1390.0,49.8,85.0,0,0,0,0,0,0,-10.0,69222.0
L51738,L,29.55000000000001,37.55000000000001,90.0,1369.0,47.5,11.0,1,0,1,0,0,0,-8.0,65027.5
L53864,L,28.450000000000045,37.75,90.0,1538.0,40.4,13.0,0,0,0,0,0,0,-9.299999999999955,62135.2
M19725,M,30.350000000000023,39.150000000000034,90.0,1624.0,34.8,121.0,0,0,0,0,0,0,-8.800000000000011,56515.2
M18728,M,29.55000000000001,38.55000000000001,90.0,1759.0,29.9,5.0,0,0,0,0,0,0,-9.0,52594.1
L54183,L,27.350000000000023,37.450000000000045,90.0,1540.0,46.7,206.0,0,0,0,0,0,0,-10.100000000000023,71918.0
L49761,L,26.05000000000001,35.950000000000045,90.0,1345.0,60.7,191.0,1,0,0,0,1,0,-9.900000000000034,81641.5
H30782,H,25.650000000000034,37.150000000000034,90.0,1708.0,27.1,78.0,0,0,0,0,0,0,-11.5,46286.8
M23057,M,26.25,37.55000000000001,90.0,1492.0,45.7,219.0,0,0,0,0,0,0,-11.300000000000011,68184.40000000001
H30011,H,24.450000000000045,36.450000000000045,90.0,1428.0,46.6,13.0,0,0,0,0,0,0,-12.0,66544.8
L51531,L,28.650000000000034,36.450000000000045,90.0,1432.0,43.7,138.0,0,0,0,0,0,0,-7.800000000000011,62578.4
L53526,L,27.05000000000001,36.55000000000001,90.0,1275.0,60.7,15.0,0,0,0,0,0,0,-9.5,77392.5
L56156,L,23.55000000000001,34.25,90.0,1535.0,34.6,114.0,0,0,0,0,0,0,-10.699999999999989,53111.0
L53559,L,26.950000000000045,36.55000000000001,90.0,1485.0,45.9,100.0,0,0,0,0,0,0,-9.599999999999966,68161.5
L51938,L,30.350000000000023,38.450000000000045,90.0,1465.0,48.7,60.0,0,0,0,0,0,0,-8.100000000000023,71345.5
M15506,M,24.55000000000001,36.25,90.0,1461.0,43.7,142.0,0,0,0,0,0,0,-11.699999999999989,63845.700000000004
L54707,L,26.950000000000045,38.150000000000034,90.0,1470.0,45.2,40.0,0,0,0,0,0,0,-11.199999999999989,66444.0
M24557,M,25.650000000000034,36.650000000000034,90.0,1413.0,45.5,64.0,0,0,0,0,0,0,-11.0,64291.5
M20883,M,27.55000000000001,37.75,90.0,1369.0,51.2,63.0,0,0,0,0,0,0,-10.199999999999989,70092.8
L54977,L,26.850000000000023,38.25,90.0,1476.0,39.0,92.0,0,0,0,0,0,0,-11.399999999999977,57564.0
L54877,L,27.350000000000023,38.25,90.0,1400.0,45.1,29.0,0,0,0,0,0,0,-10.899999999999977,63140.0
L56587,L,24.650000000000034,35.150000000000034,90.0,1435.0,50.1,189.0,0,0,0,0,0,0,-10.5,71893.5
L52055,L,30.55000000000001,39.25,90.0,1702.0,31.2,144.0,0,0,0,0,0,0,-8.699999999999989,53102.4
M23455,M,24.350000000000023,35.05000000000001,90.0,1624.0,30.9,186.0,0,0,0,0,0,0,-10.699999999999989,50181.6
L48747,L,24.950000000000045,35.05000000000001,90.0,1521.0,39.3,151.0,0,0,0,0,0,0,-10.099999999999966,59775.299999999996
L57174,L,25.650000000000034,35.150000000000034,90.0,1634.0,27.9,12.0,0,0,0,0,0,0,-9.5,45588.6
L51168,L,29.05000000000001,38.150000000000034,90.0,1554.0,40.2,118.0,0,0,0,0,0,0,-9.100000000000023,62470.8
M15545,M,24.55000000000001,35.85000000000002,90.0,1636.0,29.7,32.0,0,0,0,0,0,0,-11.300000000000011,48589.2
L54782,L,27.25,38.05000000000001,90.0,1705.0,28.7,20.0,0,0,0,0,0,0,-10.800000000000011,48933.5
L54964,L,27.150000000000034,38.35000000000002,90.0,1403.0,60.1,58.0,0,0,0,0,0,0,-11.199999999999989,84320.3
L50423,L,27.850000000000023,36.450000000000045,90.0,1724.0,28.1,133.0,0,0,0,0,0,0,-8.600000000000023,48444.4
M17321,M,25.75,35.450000000000045,90.0,1517.0,39.8,114.0,0,0,0,0,0,0,-9.700000000000045,60376.6
M18943,M,28.850000000000023,37.25,90.0,1567.0,36.4,114.0,0,0,0,0,0,0,-8.399999999999977,57038.799999999996
L50017,L,27.150000000000034,35.950000000000045,90.0,1699.0,30.3,178.0,0,0,0,0,0,0,-8.800000000000011,51479.700000000004
L54308,L,27.450000000000045,36.85000000000002,90.0,1511.0,36.9,105.0,0,0,0,0,0,0,-9.399999999999977,55755.9
M19801,M,30.450000000000045,39.55000000000001,90.0,1699.0,31.5,105.0,0,0,0,0,0,0,-9.099999999999966,53518.5
L53126,L,27.55000000000001,37.650000000000034,90.0,1496.0,46.4,90.0,0,0,0,0,0,0,-10.100000000000023,69414.4
M20644,M,28.650000000000034,37.950000000000045,90.0,1399.0,41.8,125.0,0,0,0,0,0,0,-9.300000000000011,58478.2
L51220,L,28.850000000000023,37.650000000000034,90.0,1767.0,27.4,11.0,0,0,0,0,0,0,-8.800000000000011,48415.799999999996
M15382,M,24.350000000000023,36.35000000000002,90.0,1448.0,43.7,46.0,0,0,0,0,0,0,-12.0,63277.600000000006
L52525,L,30.350000000000023,39.650000000000034,90.0,1524.0,39.4,96.0,0,0,0,0,0,0,-9.300000000000011,60045.6
L50539,L,28.350000000000023,37.450000000000045,90.0,1525.0,41.9,204.0,0,0,0,0,0,0,-9.100000000000023,63897.5
L48491,L,25.75,36.950000000000045,90.0,1587.0,30.2,162.0,0,0,0,0,0,0,-11.200000000000045,47927.4
L51163,L,29.05000000000001,38.150000000000034,90.0,1389.0,46.9,106.0,0,0,0,0,0,0,-9.100000000000023,65144.1
L53674,L,27.450000000000045,36.55000000000001,90.0,1617.0,33.2,185.0,0,0,0,0,0,0,-9.099999999999966,53684.4
L48896,L,24.950000000000045,34.55000000000001,90.0,1523.0,37.7,80.0,0,0,0,0,0,0,-9.599999999999966,57417.100000000006
L55411,L,25.950000000000045,37.35000000000002,90.0,1419.0,48.8,76.0,0,0,0,0,0,0,-11.399999999999977,69247.2
M20467,M,29.75,39.05000000000001,90.0,1745.0,25.5,98.0,0,0,0,0,0,0,-9.300000000000011,44497.5
L47831,L,24.450000000000045,35.950000000000045,90.0,1503.0,38.9,157.0,0,0,0,0,0,0,-11.5,58466.7
H29783,H,24.350000000000023,35.25,90.0,1587.0,36.1,98.0,0,0,0,0,0,0,-10.899999999999977,57290.700000000004
L55185,L,27.650000000000034,38.85000000000002,90.0,1477.0,37.3,164.0,0,0,0,0,0,0,-11.199999999999989,55092.1
L51394,L,28.75,37.450000000000045,90.0,1573.0,36.6,15.0,0,0,0,0,0,0,-8.700000000000045,57571.8
L49396,L,26.55000000000001,36.05000000000001,90.0,1645.0,30.8,137.0,0,0,0,0,0,0,-9.5,50666.0
M23542,M,24.05000000000001,35.35000000000002,90.0,1353.0,46.5,185.0,0,0,0,0,0,0,-11.300000000000011,62914.5
L48793,L,24.75,34.85000000000002,90.0,1296.0,62.9,41.0,0,0,0,0,0,0,-10.100000000000023,81518.4
L54159,L,27.75,38.05000000000001,90.0,1353.0,60.4,139.0,0,0,0,0,0,0,-10.300000000000011,81721.2
M15822,M,22.650000000000034,33.450000000000045,90.0,1480.0,43.2,92.0,0,0,0,0,0,0,-10.800000000000011,63936.00000000001
H39086,H,25.850000000000023,37.05000000000001,90.0,1744.0,31.5,0.0,0,0,0,0,0,0,-11.199999999999989,54936.0
M17236,M,26.05000000000001,35.150000000000034,90.0,1364.0,51.8,104.0,0,0,0,0,0,0,-9.100000000000023,70655.2
L56060,L,24.850000000000023,36.05000000000001,90.0,1458.0,39.8,87.0,0,0,0,0,0,0,-11.199999999999989,58028.399999999994
M15219,M,24.450000000000045,35.150000000000034,90.0,1567.0,34.6,71.0,0,0,0,0,0,0,-10.699999999999989,54218.200000000004
M18699,M,29.150000000000034,37.85000000000002,90.0,1578.0,33.5,158.0,0,0,0,0,0,0,-8.699999999999989,52863.0
L54684,L,27.25,38.650000000000034,90.0,1589.0,42.0,201.0,0,0,0,0,0,0,-11.400000000000034,66738.0
M23209,M,25.55000000000001,36.35000000000002,90.0,1487.0,33.6,183.0,0,0,0,0,0,0,-10.800000000000011,49963.200000000004
M18554,M,28.950000000000045,38.150000000000034,90.0,1511.0,45.0,204.0,0,0,0,0,0,0,-9.199999999999989,67995.0
M21141,M,28.150000000000034,37.650000000000034,90.0,1455.0,41.2,56.0,0,0,0,0,0,0,-9.5,59946.00000000001
L52619,L,29.850000000000023,39.35000000000002,90.0,1626.0,30.5,87.0,0,0,0,0,0,0,-9.5,49593.0
L49747,L,26.25,35.950000000000045,90.0,1766.0,24.6,158.0,0,0,0,0,0,0,-9.700000000000045,43443.600000000006
L50603,L,28.25,37.25,90.0,1496.0,35.2,153.0,0,0,0,0,0,0,-9.0,52659.200000000004
L56423,L,25.150000000000034,35.650000000000034,90.0,1454.0,49.0,166.0,0,0,0,0,0,0,-10.5,71246.0
L56748,L,26.650000000000034,37.950000000000045,90.0,1588.0,38.0,183.0,0,0,0,0,0,0,-11.300000000000011,60344.0
L50742,L,28.55000000000001,37.450000000000045,90.0,1471.0,43.8,80.0,0,0,0,0,0,0,-8.900000000000034,64429.799999999996
L49726,L,26.05000000000001,35.950000000000045,90.0,1605.0,34.3,107.0,0,0,0,0,0,0,-9.900000000000034,55051.49999999999
L52510,L,30.450000000000045,39.75,90.0,1588.0,31.9,53.0,0,0,0,0,0,0,-9.299999999999955,50657.2
L48854,L,24.950000000000045,34.650000000000034,90.0,1540.0,37.8,203.0,0,0,0,0,0,0,-9.699999999999989,58211.99999999999
L47545,L,24.450000000000045,35.25,90.0,1353.0,57.5,88.0,0,0,0,0,0,0,-10.799999999999955,77797.5
M22876,M,27.75,38.85000000000002,90.0,1447.0,41.4,193.0,0,0,0,0,0,0,-11.100000000000023,59905.799999999996
H38790,H,24.55000000000001,35.25,90.0,1738.0,27.7,96.0,0,0,0,0,0,0,-10.699999999999989,48142.6
H33741,H,28.55000000000001,36.950000000000045,90.0,1660.0,29.3,72.0,0,0,0,0,0,0,-8.400000000000034,48638.0
L57163,L,25.55000000000001,35.25,90.0,1694.0,28.7,195.0,0,0,0,0,0,0,-9.699999999999989,48617.799999999996
M17948,M,26.850000000000023,35.950000000000045,90.0,1624.0,30.8,155.0,0,0,0,0,0,0,-9.100000000000023,50019.200000000004
H38258,H,24.25,35.75,90.0,1645.0,30.8,196.0,0,0,0,0,0,0,-11.5,50666.0
M15267,M,24.25,35.35000000000002,90.0,1600.0,42.1,190.0,0,0,0,0,0,0,-11.100000000000023,67360.0
L56764,L,26.150000000000034,37.35000000000002,90.0,1529.0,41.3,17.0,0,0,0,0,0,0,-11.199999999999989,63147.7
M22648,M,27.05000000000001,38.35000000000002,90.0,1547.0,40.9,66.0,0,0,0,0,0,0,-11.300000000000011,63272.299999999996
M21046,M,27.950000000000045,37.85000000000002,90.0,1413.0,46.6,30.0,0,0,0,0,0,0,-9.899999999999977,65845.8
L50756,L,28.450000000000045,37.25,90.0,1599.0,41.7,116.0,0,0,0,0,0,0,-8.799999999999955,66678.3
M18131,M,28.25,36.85000000000002,90.0,1689.0,32.1,207.0,0,0,0,0,0,0,-8.600000000000023,54216.9
L52120,L,30.450000000000045,39.450000000000045,90.0,1502.0,39.5,103.0,0,0,0,0,0,0,-9.0,59329.0
L48211,L,23.25,34.35000000000002,90.0,1549.0,36.1,58.0,0,0,0,0,0,0,-11.100000000000023,55918.9
M23732,M,24.75,35.950000000000045,90.0,1614.0,38.1,62.0,0,0,0,0,0,0,-11.200000000000045,61493.4
M21452,M,28.450000000000045,37.55000000000001,90.0,1457.0,47.8,7.0,0,0,0,0,0,0,-9.099999999999966,69644.59999999999
L56086,L,24.150000000000034,35.55000000000001,90.0,1592.0,34.4,158.0,0,0,0,0,0,0,-11.399999999999977,54764.799999999996
L56991,L,25.05000000000001,35.85000000000002,90.0,1610.0,31.7,155.0,0,0,0,0,0,0,-10.800000000000011,51037.0
L53904,L,28.150000000000034,37.450000000000045,90.0,1560.0,36.8,113.0,0,0,0,0,0,0,-9.300000000000011,57407.99999999999
M23407,M,25.25,36.25,90.0,1666.0,24.3,68.0,0,0,0,0,0,0,-11.0,40483.8
L47258,L,25.650000000000034,35.75,90.0,1398.0,51.5,0.0,0,0,0,0,0,0,-10.099999999999966,71997.0
M17107,M,26.05000000000001,35.25,90.0,1396.0,48.5,5.0,0,0,0,0,0,0,-9.199999999999989,67706.0
M18886,M,28.950000000000045,37.85000000000002,90.0,1574.0,34.1,215.0,0,0,0,0,0,0,-8.899999999999977,53673.4
M24809,M,25.05000000000001,34.650000000000034,90.0,1411.0,53.4,110.0,0,0,0,0,0,0,-9.600000000000023,75347.4
M24155,M,25.05000000000001,35.85000000000002,90.0,1413.0,47.9,97.0,0,0,0,0,0,0,-10.800000000000011,67682.7
L47894,L,24.25,35.450000000000045,90.0,1609.0,36.2,116.0,0,0,0,0,0,0,-11.200000000000045,58245.8
M15648,M,23.75,34.950000000000045,90.0,1440.0,46.3,64.0,0,0,0,0,0,0,-11.200000000000045,66672.0
L49459,L,26.25,35.55000000000001,90.0,1525.0,39.0,90.0,0,0,0,0,0,0,-9.300000000000011,59475.0
M18757,M,29.05000000000001,37.950000000000045,90.0,1640.0,32.8,77.0,0,0,0,0,0,0,-8.900000000000034,53791.99999999999
L55124,L,27.650000000000034,38.55000000000001,90.0,1414.0,49.0,10.0,0,0,0,0,0,0,-10.899999999999977,69286.0
L56256,L,24.05000000000001,34.950000000000045,90.0,1474.0,44.3,152.0,0,0,0,0,0,0,-10.900000000000034,65298.2
M24312,M,24.850000000000023,35.55000000000001,90.0,1392.0,53.4,104.0,0,0,0,0,0,0,-10.699999999999989,74332.8
M18491,M,28.950000000000045,38.25,90.0,1419.0,36.2,47.0,0,0,0,0,0,0,-9.299999999999955,51367.8
H38038,H,24.350000000000023,35.25,90.0,1490.0,39.7,34.0,0,0,0,0,0,0,-10.899999999999977,59153.00000000001
L54477,L,26.950000000000045,37.35000000000002,90.0,1500.0,39.8,107.0,0,0,0,0,0,0,-10.399999999999977,59699.99999999999
M21132,M,27.950000000000045,37.450000000000045,90.0,1429.0,52.7,35.0,0,0,0,0,0,0,-9.5,75308.3
M15252,M,24.450000000000045,35.35000000000002,90.0,1490.0,43.4,154.0,0,0,0,0,0,0,-10.899999999999977,64666.0
M21195,M,27.25,36.650000000000034,90.0,1430.0,43.4,198.0,0,0,0,0,0,0,-9.400000000000034,62062.0
L51380,L,29.350000000000023,37.950000000000045,90.0,1571.0,34.2,201.0,0,0,0,0,0,0,-8.600000000000023,53728.200000000004
L49852,L,26.55000000000001,36.150000000000034,90.0,1445.0,42.6,0.0,0,0,0,0,0,0,-9.600000000000023,61557.0
L53877,L,28.450000000000045,37.75,90.0,1643.0,34.1,44.0,0,0,0,0,0,0,-9.299999999999955,56026.3
M20904,M,27.650000000000034,37.75,90.0,1522.0,41.7,115.0,0,0,0,0,0,0,-10.099999999999966,63467.4
L50984,L,29.150000000000034,37.75,90.0,1529.0,33.4,62.0,0,0,0,0,0,0,-8.599999999999966,51068.6
L54574,L,26.55000000000001,37.450000000000045,90.0,1479.0,38.0,137.0,0,0,0,0,0,0,-10.900000000000034,56202.0
H34253,H,30.25,38.75,90.0,1402.0,50.0,54.0,0,0,0,0,0,0,-8.5,70100.0
M18695,M,29.150000000000034,37.950000000000045,90.0,1435.0,43.1,149.0,0,0,0,0,0,0,-8.800000000000011,61848.5
L56493,L,25.350000000000023,36.25,90.0,1418.0,45.1,148.0,0,0,0,0,0,0,-10.899999999999977,63951.8
L55928,L,24.150000000000034,35.35000000000002,90.0,1384.0,39.6,144.0,0,0,0,0,0,0,-11.199999999999989,54806.4
L53007,L,28.150000000000034,37.950000000000045,90.0,1624.0,40.9,0.0,0,0,0,0,0,0,-9.800000000000011,66421.59999999999
M24608,M,25.75,36.950000000000045,90.0,1441.0,41.2,189.0,0,0,0,0,0,0,-11.200000000000045,59369.200000000004
M23619,M,24.350000000000023,35.55000000000001,90.0,1352.0,53.0,171.0,0,0,0,0,0,0,-11.199999999999989,71656.0
H35301,H,28.25,37.950000000000045,90.0,1445.0,41.4,144.0,0,0,0,0,0,0,-9.700000000000045,59823.0
L51978,L,30.350000000000023,39.35000000000002,90.0,1457.0,46.4,168.0,0,0,0,0,0,0,-9.0,67604.8
M23505,M,24.450000000000045,35.450000000000045,90.0,1492.0,35.5,88.0,0,0,0,0,0,0,-11.0,52966.0
L51772,L,29.75,37.950000000000045,90.0,1555.0,33.9,96.0,0,0,0,0,0,0,-8.200000000000045,52714.5
L47644,L,24.150000000000034,35.450000000000045,90.0,1511.0,35.7,120.0,0,0,0,0,0,0,-11.300000000000011,53942.700000000004
M24293,M,24.850000000000023,35.55000000000001,90.0,1430.0,51.9,47.0,0,0,0,0,0,0,-10.699999999999989,74217.0
M23265,M,25.25,36.35000000000002,90.0,1484.0,41.7,119.0,0,0,0,0,0,0,-11.100000000000023,61882.8
L56957,L,25.450000000000045,36.450000000000045,90.0,1387.0,57.6,50.0,0,0,0,0,0,0,-11.0,79891.2
L47421,L,24.850000000000023,34.950000000000045,90.0,1777.0,24.3,200.0,0,0,0,0,0,0,-10.100000000000023,43181.1
H32498,H,26.950000000000045,36.25,90.0,1329.0,55.2,143.0,0,0,0,0,0,0,-9.299999999999955,73360.8
M21068,M,27.55000000000001,37.450000000000045,90.0,1418.0,46.3,84.0,0,0,0,0,0,0,-9.900000000000034,65653.4
L48080,L,22.450000000000045,33.05000000000001,90.0,1569.0,35.1,140.0,0,0,0,0,0,0,-10.599999999999966,55071.9
L52722,L,29.150000000000034,38.55000000000001,90.0,1400.0,41.6,136.0,0,0,0,0,0,0,-9.399999999999977,58240.0
L53973,L,28.150000000000034,37.55000000000001,90.0,1608.0,31.4,86.0,0,0,0,0,0,0,-9.399999999999977,50491.2
L54938,L,27.25,38.650000000000034,90.0,1689.0,30.8,196.0,0,0,0,0,0,0,-11.400000000000034,52021.200000000004
H34251,H,30.150000000000034,38.650000000000034,90.0,1806.0,27.7,44.0,0,0,0,0,0,0,-8.5,50026.2
L53728,L,28.25,37.650000000000034,90.0,1770.0,24.1,112.0,0,0,0,0,0,0,-9.400000000000034,42657.0
L55078,L,27.650000000000034,39.35000000000002,90.0,1423.0,47.3,123.0,0,0,0,0,0,0,-11.699999999999989,67307.9
L55157,L,28.05000000000001,39.25,90.0,1378.0,59.0,95.0,0,0,0,0,0,0,-11.199999999999989,81302.0
M19341,M,29.450000000000045,37.25,90.0,1544.0,35.1,25.0,0,0,0,0,0,0,-7.7999999999999545,54194.4
H34019,H,29.75,37.85000000000002,90.0,1469.0,48.7,130.0,0,0,0,0,0,0,-8.100000000000023,71540.3
L50896,L,29.150000000000034,38.25,90.0,1609.0,32.3,49.0,0,0,0,0,0,0,-9.099999999999966,51970.7
L53320,L,27.650000000000034,37.55000000000001,90.0,1589.0,34.3,144.0,0,0,0,0,0,0,-9.899999999999977,54502.7
H31178,H,25.05000000000001,34.450000000000045,90.0,1318.0,55.7,0.0,0,0,0,0,0,0,-9.400000000000034,73412.6
L53778,L,28.350000000000023,37.55000000000001,90.0,1424.0,51.1,22.0,0,0,0,0,0,0,-9.199999999999989,72766.40000000001
L48729,L,25.25,35.75,90.0,1706.0,29.5,107.0,0,0,0,0,0,0,-10.5,50327.0
L50209,L,27.25,36.35000000000002,90.0,1525.0,51.3,4.0,0,0,0,0,0,0,-9.100000000000023,78232.5
M23513,M,24.25,35.150000000000034,90.0,1335.0,57.9,113.0,0,0,0,0,0,0,-10.900000000000034,77296.5
L53478,L,27.950000000000045,37.35000000000002,90.0,1428.0,44.1,103.0,0,0,0,0,0,0,-9.399999999999977,62974.8
L49224,L,26.150000000000034,35.950000000000045,90.0,1470.0,41.1,118.0,0,0,0,0,0,0,-9.800000000000011,60417.0
L47947,L,23.75,34.85000000000002,90.0,1546.0,31.1,11.0,0,0,0,0,0,0,-11.100000000000023,48080.600000000006
M20553,M,29.25,38.650000000000034,90.0,1453.0,42.1,105.0,0,0,0,0,0,0,-9.400000000000034,61171.3
M22730,M,27.450000000000045,38.950000000000045,90.0,1293.0,52.3,49.0,0,0,0,0,0,0,-11.5,67623.9
H37209,H,26.950000000000045,38.450000000000045,90.0,1674.0,29.6,85.0,0,0,0,0,0,0,-11.5,49550.4
M16368,M,24.850000000000023,35.450000000000045,90.0,1507.0,37.3,217.0,0,0,0,0,0,0,-10.600000000000023,56211.1
L55037,L,27.350000000000023,38.75,90.0,1432.0,43.1,16.0,0,0,0,0,0,0,-11.399999999999977,61719.200000000004
L51697,L,29.25,37.150000000000034,90.0,1520.0,31.6,121.0,0,0,0,0,0,0,-7.900000000000034,48032.0
L56258,L,24.150000000000034,34.950000000000045,90.0,1566.0,35.7,156.0,0,0,0,0,0,0,-10.800000000000011,55906.200000000004
L50472,L,28.150000000000034,37.150000000000034,90.0,1400.0,44.3,47.0,0,0,0,0,0,0,-9.0,62019.99999999999
L48583,L,25.850000000000023,37.05000000000001,90.0,1372.0,48.0,174.0,0,0,0,0,0,0,-11.199999999999989,65856.0
L48562,L,25.650000000000034,36.950000000000045,90.0,1653.0,30.3,119.0,0,0,0,0,0,0,-11.300000000000011,50085.9
L49328,L,26.25,35.75,90.0,1583.0,34.1,176.0,0,0,0,0,0,0,-9.5,53980.3
L54108,L,27.950000000000045,38.55000000000001,90.0,1816.0,24.5,7.0,0,0,0,0,0,0,-10.599999999999966,44492.0
L48818,L,24.75,34.650000000000034,90.0,1397.0,45.0,104.0,0,0,0,0,0,0,-9.900000000000034,62865.0
L53071,L,28.25,37.85000000000002,90.0,1334.0,53.3,157.0,0,0,0,0,0,0,-9.600000000000023,71102.2
L54607,L,26.850000000000023,38.25,90.0,1634.0,31.9,0.0,0,0,0,0,0,0,-11.399999999999977,52124.6
L47788,L,24.850000000000023,36.75,90.0,1403.0,47.7,43.0,0,0,0,0,0,0,-11.899999999999977,66923.1
L54087,L,27.75,38.150000000000034,90.0,1449.0,40.2,168.0,0,0,0,0,0,0,-10.400000000000034,58249.8
M22107,M,26.850000000000023,36.950000000000045,90.0,1314.0,53.5,199.0,0,0,0,0,0,0,-10.100000000000023,70299.0
M15742,M,22.55000000000001,33.05000000000001,90.0,1739.0,25.9,94.0,0,0,0,0,0,0,-10.5,45040.1
L51465,L,28.55000000000001,36.75,90.0,1317.0,49.0,187.0,1,0,1,0,0,0,-8.199999999999989,64533.0
L52628,L,29.850000000000023,39.55000000000001,90.0,1551.0,41.8,111.0,0,0,0,0,0,0,-9.699999999999989,64831.799999999996
L52398,L,30.650000000000034,39.75,90.0,1589.0,37.2,203.0,0,0,0,0,0,0,-9.099999999999966,59110.8
H33390,H,29.150000000000034,38.25,90.0,1372.0,46.0,86.0,0,0,0,0,0,0,-9.099999999999966,63112.0
H34786,H,29.75,39.150000000000034,90.0,1509.0,46.8,175.0,0,0,0,0,0,0,-9.400000000000034,70621.2
L56032,L,24.55000000000001,35.75,90.0,1575.0,39.9,12.0,0,0,0,0,0,0,-11.199999999999989,62842.5
L57001,L,25.450000000000045,36.25,90.0,1667.0,35.6,185.0,0,0,0,0,0,0,-10.799999999999955,59345.200000000004
L53668,L,27.55000000000001,36.650000000000034,90.0,1330.0,54.4,171.0,0,0,0,0,0,0,-9.100000000000023,72352.0
L54101,L,27.950000000000045,38.450000000000045,90.0,1432.0,48.1,202.0,0,0,0,0,0,0,-10.5,68879.2
M22494,M,27.150000000000034,38.150000000000034,90.0,1506.0,40.7,98.0,0,0,0,0,0,0,-11.0,61294.200000000004
L52816,L,29.450000000000045,38.85000000000002,90.0,1447.0,45.5,173.0,0,0,0,0,0,0,-9.399999999999977,65838.5
L53790,L,28.350000000000023,37.25,90.0,1543.0,34.0,55.0,0,0,0,0,0,0,-8.899999999999977,52462.0
L49890,L,26.450000000000045,35.950000000000045,90.0,1574.0,39.2,83.0,0,0,0,0,0,0,-9.5,61700.8
H38144,H,24.150000000000034,35.55000000000001,90.0,1569.0,33.9,93.0,0,0,0,0,0,0,-11.399999999999977,53189.1
L51529,L,28.75,36.55000000000001,90.0,1595.0,31.4,133.0,0,0,0,0,0,0,-7.800000000000011,50083.0
M20807,M,27.55000000000001,37.650000000000034,90.0,1465.0,45.2,92.0,0,0,0,0,0,0,-10.100000000000023,66218.0
L50216,L,27.25,36.450000000000045,90.0,1319.0,48.1,26.0,0,0,0,0,0,0,-9.200000000000045,63443.9
L48025,L,23.150000000000034,34.150000000000034,90.0,1439.0,41.5,208.0,0,0,0,0,0,0,-11.0,59718.5
L47722,L,24.350000000000023,36.25,90.0,1803.0,24.7,98.0,0,0,0,0,0,0,-11.899999999999977,44534.1
M18584,M,29.150000000000034,38.05000000000001,90.0,1507.0,47.7,70.0,0,0,0,0,0,0,-8.899999999999977,71883.90000000001
M19047,M,29.05000000000001,37.55000000000001,90.0,1601.0,33.0,166.0,0,0,0,0,0,0,-8.5,52833.0
L50859,L,29.05000000000001,38.35000000000002,90.0,1725.0,34.0,170.0,0,0,0,0,0,0,-9.300000000000011,58650.0
M23759,M,24.150000000000034,35.35000000000002,90.0,1710.0,27.7,138.0,0,0,0,0,0,0,-11.199999999999989,47367.0
L53255,L,27.850000000000023,37.75,90.0,1813.0,28.5,197.0,0,0,0,0,0,0,-9.899999999999977,51670.5
L54520,L,26.55000000000001,37.150000000000034,90.0,1386.0,46.6,2.0,0,0,0,0,0,0,-10.600000000000023,64587.6
L55405,L,25.950000000000045,37.35000000000002,90.0,1532.0,36.6,62.0,0,0,0,0,0,0,-11.399999999999977,56071.200000000004
L54426,L,26.75,36.950000000000045,90.0,1681.0,29.1,197.0,0,0,0,0,0,0,-10.200000000000045,48917.100000000006
L56890,L,25.950000000000045,36.950000000000045,90.0,1336.0,61.3,94.0,0,0,0,0,0,0,-11.0,81896.8
M23150,M,25.75,37.450000000000045,90.0,1679.0,35.8,14.0,0,0,0,0,0,0,-11.700000000000045,60108.2
L50144,L,27.55000000000001,36.35000000000002,90.0,1692.0,30.3,64.0,0,0,0,0,0,0,-8.800000000000011,51267.6
M17389,M,25.650000000000034,35.450000000000045,90.0,1571.0,33.7,61.0,0,0,0,0,0,0,-9.800000000000011,52942.700000000004
M22144,M,26.950000000000045,37.150000000000034,90.0,1345.0,57.1,71.0,0,0,0,0,0,0,-10.199999999999989,76799.5
L48228,L,23.350000000000023,34.450000000000045,90.0,1607.0,33.5,104.0,0,0,0,0,0,0,-11.100000000000023,53834.5
M21905,M,27.55000000000001,37.450000000000045,90.0,1609.0,27.6,108.0,0,0,0,0,0,0,-9.900000000000034,44408.4
L49140,L,24.650000000000034,34.450000000000045,90.0,1446.0,51.4,105.0,0,0,0,0,0,0,-9.800000000000011,74324.4
L49710,L,25.75,35.55000000000001,90.0,1438.0,51.7,64.0,0,0,0,0,0,0,-9.800000000000011,74344.6
M23908,M,24.150000000000034,35.25,90.0,1370.0,50.5,71.0,0,0,0,0,0,0,-11.099999999999966,69185.0
M15097,M,24.850000000000023,34.950000000000045,90.0,1552.0,36.6,190.0,0,0,0,0,0,0,-10.100000000000023,56803.200000000004
M19777,M,30.25,39.05000000000001,90.0,1561.0,38.2,45.0,0,0,0,0,0,0,-8.800000000000011,59630.200000000004
L53659,L,27.450000000000045,36.650000000000034,90.0,1418.0,42.7,147.0,0,0,0,0,0,0,-9.199999999999989,60548.600000000006
L54156,L,27.450000000000045,37.75,90.0,1344.0,46.7,133.0,0,0,0,0,0,0,-10.299999999999955,62764.8
L53081,L,27.850000000000023,37.55000000000001,90.0,1464.0,45.8,184.0,0,0,0,0,0,0,-9.699999999999989,67051.2
M23917,M,24.150000000000034,35.25,90.0,1686.0,34.5,97.0,0,0,0,0,0,0,-11.099999999999966,58167.0
L51439,L,29.55000000000001,38.05000000000001,90.0,1545.0,35.1,128.0,0,0,0,0,0,0,-8.5,54229.5
L54145,L,27.55000000000001,37.85000000000002,90.0,1312.0,52.1,107.0,0,0,0,0,0,0,-10.300000000000011,68355.2
L49165,L,24.950000000000045,34.55000000000001,90.0,1537.0,40.8,169.0,0,0,0,0,0,0,-9.599999999999966,62709.6
M20516,M,29.150000000000034,38.35000000000002,90.0,1316.0,47.2,4.0,0,0,0,0,0,0,-9.199999999999989,62115.200000000004
M22795,M,27.650000000000034,38.75,90.0,1356.0,44.3,214.0,0,0,0,0,0,0,-11.099999999999966,60070.799999999996
H35511,H,27.75,37.650000000000034,90.0,1477.0,38.4,31.0,0,0,0,0,0,0,-9.900000000000034,56716.799999999996
H35321,H,27.650000000000034,37.25,90.0,1419.0,46.4,200.0,0,0,0,0,0,0,-9.599999999999966,65841.59999999999
L54553,L,26.450000000000045,36.950000000000045,90.0,1553.0,38.0,83.0,0,0,0,0,0,0,-10.5,59014.0
L55308,L,26.950000000000045,38.25,90.0,1629.0,31.3,41.0,0,0,0,0,0,0,-11.299999999999955,50987.700000000004
L56041,L,24.75,35.950000000000045,90.0,1619.0,34.7,33.0,0,0,0,0,0,0,-11.200000000000045,56179.3
M24161,M,24.950000000000045,35.75,90.0,1459.0,50.3,115.0,0,0,0,0,0,0,-10.799999999999955,73387.7
L55022,L,26.950000000000045,38.35000000000002,90.0,1659.0,31.1,203.0,0,0,0,0,0,0,-11.399999999999977,51594.9
M23868,M,24.25,34.85000000000002,90.0,1440.0,42.4,190.0,0,0,0,0,0,0,-10.600000000000023,61056.0
L54354,L,27.05000000000001,37.05000000000001,90.0,1530.0,48.5,15.0,0,0,0,0,0,0,-10.0,74205.0
H33333,H,29.350000000000023,38.35000000000002,90.0,1655.0,32.3,142.0,0,0,0,0,0,0,-9.0,53456.49999999999
L50318,L,27.25,36.75,90.0,1376.0,43.5,74.0,0,0,0,0,0,0,-9.5,59856.0
M24276,M,24.950000000000045,35.35000000000002,90.0,1463.0,45.9,3.0,0,0,0,0,0,0,-10.399999999999977,67151.7
L57113,L,25.150000000000034,35.150000000000034,90.0,1597.0,32.4,69.0,0,0,0,0,0,0,-10.0,51742.799999999996
M18933,M,28.75,37.450000000000045,90.0,1412.0,46.5,89.0,0,0,0,0,0,0,-8.700000000000045,65658.0
L50409,L,27.450000000000045,36.25,90.0,1442.0,43.2,96.0,0,0,0,0,0,0,-8.799999999999955,62294.4
L49905,L,26.650000000000034,36.25,90.0,1555.0,34.8,122.0,0,0,0,0,0,0,-9.599999999999966,54113.99999999999
L51317,L,28.55000000000001,36.950000000000045,90.0,1384.0,50.5,38.0,0,0,0,0,0,0,-8.400000000000034,69892.0
L47740,L,24.350000000000023,36.25,90.0,1318.0,58.2,146.0,0,0,0,0,0,0,-11.899999999999977,76707.6
L55986,L,24.25,35.35000000000002,90.0,1692.0,34.3,83.0,0,0,0,0,0,0,-11.100000000000023,58035.6
L47423,L,24.850000000000023,35.05000000000001,90.0,1442.0,44.1,204.0,0,0,0,0,0,0,-10.199999999999989,63592.200000000004
M20295,M,29.850000000000023,39.35000000000002,90.0,1524.0,42.1,76.0,0,0,0,0,0,0,-9.5,64160.4
L51617,L,29.25,37.05000000000001,90.0,1578.0,31.2,139.0,0,0,0,0,0,0,-7.800000000000011,49233.6
H39098,H,25.75,36.75,90.0,1376.0,51.0,32.0,0,0,0,0,0,0,-11.0,70176.0
L47585,L,24.150000000000034,35.35000000000002,90.0,1350.0,57.6,186.0,0,0,0,0,0,0,-11.199999999999989,77760.0
M16302,M,25.650000000000034,36.85000000000002,90.0,1486.0,38.5,55.0,0,0,0,0,0,0,-11.199999999999989,57211.0
L51586,L,29.350000000000023,37.150000000000034,90.0,1326.0,58.5,55.0,1,0,1,0,0,0,-7.800000000000011,77571.0
L54813,L,27.25,38.35000000000002,90.0,1441.0,44.6,96.0,0,0,0,0,0,0,-11.100000000000023,64268.6
L56713,L,26.05000000000001,37.35000000000002,90.0,1705.0,29.5,95.0,0,0,0,0,0,0,-11.300000000000011,50297.5
L57046,L,25.850000000000023,36.75,90.0,1630.0,34.0,92.0,0,0,0,0,0,0,-10.899999999999977,55420.0
M16585,M,25.150000000000034,34.650000000000034,90.0,1392.0,50.4,101.0,0,0,0,0,0,0,-9.5,70156.8
L52110,L,30.25,39.150000000000034,90.0,1663.0,33.9,78.0,0,0,0,0,0,0,-8.900000000000034,56375.7
M17356,M,26.05000000000001,35.75,90.0,1573.0,37.4,212.0,0,0,0,0,0,0,-9.699999999999989,58830.2
L55380,L,26.150000000000034,37.650000000000034,90.0,1426.0,42.4,0.0,0,0,0,0,0,0,-11.5,60462.4
L47520,L,24.25,34.950000000000045,90.0,1474.0,39.4,20.0,0,0,0,0,0,0,-10.700000000000045,58075.6
L49588,L,25.850000000000023,35.25,90.0,1356.0,52.6,188.0,0,0,0,0,0,0,-9.399999999999977,71325.6
L48781,L,24.650000000000034,34.650000000000034,90.0,1597.0,38.2,11.0,0,0,0,0,0,0,-10.0,61005.4
L52962,L,28.55000000000001,37.950000000000045,90.0,1455.0,39.8,118.0,0,0,0,0,0,0,-9.400000000000034,57908.99999999999
L55151,L,27.850000000000023,38.950000000000045,90.0,1405.0,46.1,79.0,0,0,0,0,0,0,-11.100000000000023,64770.5
M17416,M,26.150000000000034,35.950000000000045,90.0,1449.0,47.9,131.0,0,0,0,0,0,0,-9.800000000000011,69407.09999999999
L54897,L,27.350000000000023,38.450000000000045,90.0,1365.0,53.0,85.0,0,0,0,0,0,0,-11.100000000000023,72345.0
H31921,H,26.05000000000001,35.950000000000045,90.0,1410.0,47.1,9.0,0,0,0,0,0,0,-9.900000000000034,66411.0
M17691,M,27.150000000000034,36.05000000000001,90.0,1490.0,47.9,163.0,0,0,0,0,0,0,-8.899999999999977,71371.0
M15872,M,22.950000000000045,33.950000000000045,90.0,1433.0,38.5,14.0,0,0,0,0,0,0,-11.0,55170.5
M19755,M,30.650000000000034,39.25,90.0,1597.0,33.4,203.0,0,0,0,0,0,0,-8.599999999999966,53339.799999999996
M16626,M,25.150000000000034,34.55000000000001,90.0,1717.0,27.1,7.0,0,0,0,0,0,0,-9.399999999999977,46530.700000000004
M21981,M,27.75,37.25,90.0,1375.0,44.7,87.0,0,0,0,0,0,0,-9.5,61462.50000000001
H35963,H,28.150000000000034,37.450000000000045,90.0,1527.0,44.0,114.0,0,0,0,0,0,0,-9.300000000000011,67188.0
M18897,M,28.850000000000023,37.650000000000034,90.0,1609.0,35.2,4.0,0,0,0,0,0,0,-8.800000000000011,56636.8
M15008,M,25.150000000000034,35.150000000000034,90.0,1379.0,48.0,181.0,0,0,0,0,0,0,-10.0,66192.0
L47465,L,25.05000000000001,35.150000000000034,90.0,1568.0,36.0,92.0,0,0,0,0,0,0,-10.100000000000023,56448.0
M22660,M,26.950000000000045,38.25,90.0,1524.0,40.6,98.0,0,0,0,0,0,0,-11.299999999999955,61874.4
M24511,M,25.950000000000045,36.85000000000002,90.0,1580.0,36.0,195.0,0,0,0,0,0,0,-10.899999999999977,56880.0
L47543,L,24.450000000000045,35.150000000000034,90.0,1438.0,47.8,84.0,0,0,0,0,0,0,-10.699999999999989,68736.4
M20227,M,29.950000000000045,39.35000000000002,90.0,1766.0,26.7,157.0,0,0,0,0,0,0,-9.399999999999977,47152.2
L57125,L,25.150000000000034,34.85000000000002,90.0,1578.0,37.8,101.0,0,0,0,0,0,0,-9.699999999999989,59648.399999999994
L55590,L,25.350000000000023,36.35000000000002,90.0,1548.0,44.5,132.0,0,0,0,0,0,0,-11.0,68886.0
H38867,H,25.05000000000001,35.85000000000002,90.0,1360.0,56.8,107.0,0,0,0,0,0,0,-10.800000000000011,77248.0
M19585,M,30.25,38.650000000000034,90.0,1515.0,42.6,204.0,0,0,0,0,0,0,-8.400000000000034,64539.0
L54626,L,27.05000000000001,38.650000000000034,90.0,1379.0,51.0,46.0,0,0,0,0,0,0,-11.600000000000023,70329.0
L54889,L,27.350000000000023,38.25,90.0,1445.0,41.5,66.0,0,0,0,0,0,0,-10.899999999999977,59967.5
M24445,M,26.150000000000034,37.35000000000002,90.0,1563.0,42.1,19.0,0,0,0,0,0,0,-11.199999999999989,65802.3
L49742,L,26.150000000000034,35.950000000000045,90.0,1551.0,39.1,147.0,0,0,0,0,0,0,-9.800000000000011,60644.100000000006
M23396,M,25.450000000000045,36.35000000000002,90.0,1426.0,45.4,38.0,0,0,0,0,0,0,-10.899999999999977,64740.4
L56782,L,25.75,37.05000000000001,90.0,1705.0,32.5,63.0,0,0,0,0,0,0,-11.300000000000011,55412.5
M17819,M,27.55000000000001,36.25,90.0,1589.0,35.0,52.0,0,0,0,0,0,0,-8.699999999999989,55615.0
L49282,L,26.150000000000034,36.150000000000034,90.0,1325.0,62.0,47.0,0,0,0,0,0,0,-10.0,82150.0
H30046,H,25.150000000000034,36.85000000000002,90.0,1419.0,47.1,105.0,0,0,0,0,0,0,-11.699999999999989,66834.90000000001
M21673,M,27.75,37.55000000000001,90.0,1420.0,43.0,133.0,0,0,0,0,0,0,-9.800000000000011,61060.0
L55605,L,26.05000000000001,37.450000000000045,90.0,1567.0,38.4,172.0,0,0,0,0,0,0,-11.400000000000034,60172.799999999996
L56446,L,25.05000000000001,35.75,90.0,1737.0,25.5,26.0,0,0,0,0,0,0,-10.699999999999989,44293.5
L51054,L,29.450000000000045,38.55000000000001,90.0,1254.0,54.1,19.0,0,0,0,0,0,0,-9.099999999999966,67841.40000000001
L49997,L,27.05000000000001,36.35000000000002,90.0,1417.0,41.1,129.0,0,0,0,0,0,0,-9.300000000000011,58238.700000000004
M24675,M,25.25,35.950000000000045,90.0,1576.0,38.8,167.0,0,0,0,0,0,0,-10.700000000000045,61148.799999999996
M22286,M,26.850000000000023,38.25,90.0,1692.0,29.0,216.0,1,1,0,0,0,0,-11.399999999999977,49068.0
L54577,L,26.55000000000001,37.450000000000045,90.0,1737.0,26.1,144.0,0,0,0,0,0,0,-10.900000000000034,45335.700000000004
L50893,L,29.150000000000034,38.35000000000002,90.0,1565.0,35.6,41.0,0,0,0,0,0,0,-9.199999999999989,55714.0
L56158,L,23.75,34.450000000000045,90.0,1435.0,45.0,119.0,0,0,0,0,0,0,-10.700000000000045,64575.0
M20049,M,30.950000000000045,40.05000000000001,90.0,1427.0,46.9,123.0,0,0,0,0,0,0,-9.099999999999966,66926.3
L52652,L,29.650000000000034,39.150000000000034,90.0,1386.0,57.8,172.0,0,0,0,0,0,0,-9.5,80110.8
L47252,L,25.75,35.950000000000045,90.0,1369.0,44.4,198.0,0,0,0,0,0,0,-10.200000000000045,60783.6
M22703,M,26.950000000000045,38.55000000000001,90.0,1400.0,48.5,205.0,0,0,0,0,0,0,-11.599999999999966,67900.0
M19961,M,30.950000000000045,40.25,90.0,1518.0,42.4,105.0,0,0,0,0,0,0,-9.299999999999955,64363.2
L53944,L,28.25,37.75,90.0,1536.0,38.3,9.0,0,0,0,0,0,0,-9.5,58828.799999999996
M15985,M,23.55000000000001,34.650000000000034,90.0,1375.0,51.4,108.0,0,0,0,0,0,0,-11.100000000000023,70675.0
M16101,M,23.950000000000045,35.35000000000002,90.0,1621.0,32.4,194.0,0,0,0,0,0,0,-11.399999999999977,52520.399999999994
L55433,L,25.950000000000045,37.25,90.0,1657.0,31.0,129.0,0,0,0,0,0,0,-11.299999999999955,51367.0
M17209,M,26.150000000000034,35.35000000000002,90.0,1386.0,42.2,30.0,0,0,0,0,0,0,-9.199999999999989,58489.200000000004
L53782,L,28.350000000000023,37.450000000000045,90.0,1374.0,46.7,32.0,0,0,0,0,0,0,-9.100000000000023,64165.8
L53960,L,28.150000000000034,37.650000000000034,90.0,1560.0,38.5,52.0,0,0,0,0,0,0,-9.5,60060.0
H33772,H,28.850000000000023,36.75,90.0,1606.0,34.5,156.0,0,0,0,0,0,0,-7.899999999999977,55407.0
L48523,L,25.350000000000023,37.05000000000001,90.0,1676.0,32.7,18.0,0,0,0,0,0,0,-11.699999999999989,54805.200000000004
H30514,H,23.650000000000034,34.35000000000002,90.0,1695.0,30.0,33.0,0,0,0,0,0,0,-10.699999999999989,50850.0
M22187,M,26.75,37.35000000000002,90.0,1576.0,39.4,183.0,0,0,0,0,0,0,-10.600000000000023,62094.399999999994
M22482,M,27.450000000000045,38.450000000000045,90.0,1473.0,31.5,69.0,0,0,0,0,0,0,-11.0,46399.5
M15847,M,23.150000000000034,33.950000000000045,90.0,1534.0,33.8,151.0,0,0,0,0,0,0,-10.800000000000011,51849.2
M17712,M,27.350000000000023,36.25,90.0,1347.0,50.1,213.0,0,0,0,0,0,0,-8.899999999999977,67484.7
L47810,L,25.150000000000034,36.85000000000002,90.0,1460.0,47.6,101.0,0,0,0,0,0,0,-11.699999999999989,69496.0
L48429,L,24.150000000000034,35.55000000000001,90.0,1467.0,36.8,216.0,0,0,0,0,0,0,-11.399999999999977,53985.6
L50359,L,26.950000000000045,36.150000000000034,90.0,1570.0,36.8,189.0,0,0,0,0,0,0,-9.199999999999989,57775.99999999999
L47662,L,24.150000000000034,35.85000000000002,90.0,1548.0,37.4,171.0,0,0,0,0,0,0,-11.699999999999989,57895.2
L50220,L,27.150000000000034,36.35000000000002,90.0,1474.0,38.7,35.0,0,0,0,0,0,0,-9.199999999999989,57043.8
L52190,L,30.55000000000001,39.650000000000034,90.0,1543.0,38.3,61.0,0,0,0,0,0,0,-9.100000000000023,59096.899999999994
M21860,M,27.450000000000045,37.450000000000045,90.0,1463.0,45.5,196.0,0,0,0,0,0,0,-10.0,66566.5
M18133,M,28.150000000000034,36.75,90.0,1565.0,36.0,213.0,0,0,0,0,0,0,-8.599999999999966,56340.0
L54407,L,26.55000000000001,36.450000000000045,90.0,1720.0,27.1,146.0,0,0,0,0,0,0,-9.900000000000034,46612.0
M18543,M,28.850000000000023,38.05000000000001,90.0,1558.0,39.1,179.0,0,0,0,0,0,0,-9.199999999999989,60917.8
L53854,L,28.350000000000023,37.55000000000001,90.0,1618.0,35.5,218.0,0,0,0,0,0,0,-9.199999999999989,57439.0
L48496,L,25.850000000000023,37.150000000000034,90.0,1507.0,36.7,173.0,0,0,0,0,0,0,-11.300000000000011,55306.9
L50405,L,27.450000000000045,36.25,90.0,1474.0,40.7,87.0,0,0,0,0,0,0,-8.799999999999955,59991.8
H35166,H,29.150000000000034,38.650000000000034,90.0,1804.0,25.0,43.0,0,0,0,0,0,0,-9.5,45100.0
L56325,L,24.450000000000045,35.35000000000002,90.0,1574.0,37.1,121.0,0,0,0,0,0,0,-10.899999999999977,58395.4
L48480,L,25.55000000000001,36.650000000000034,90.0,1322.0,57.0,140.0,0,0,0,0,0,0,-11.100000000000023,75354.0
M22145,M,27.05000000000001,37.25,90.0,1202.0,61.7,74.0,0,0,0,0,0,0,-10.199999999999989,74163.40000000001
M21144,M,28.05000000000001,37.650000000000034,90.0,1734.0,31.3,64.0,0,0,0,0,0,0,-9.600000000000023,54274.200000000004
M16658,M,24.850000000000023,34.35000000000002,90.0,1431.0,52.9,92.0,0,0,0,0,0,0,-9.5,75699.9
M20063,M,30.55000000000001,39.450000000000045,90.0,1671.0,30.5,163.0,0,0,0,0,0,0,-8.900000000000034,50965.5
M19907,M,30.950000000000045,40.150000000000034,90.0,1680.0,29.3,158.0,0,0,0,0,0,0,-9.199999999999989,49224.0
L55285,L,27.25,38.75,90.0,1476.0,48.7,189.0,0,0,0,0,0,0,-11.5,71881.2
L49539,L,26.150000000000034,35.35000000000002,90.0,1413.0,38.5,57.0,0,0,0,0,0,0,-9.199999999999989,54400.5
L56560,L,24.25,34.950000000000045,90.0,1435.0,45.7,110.0,0,0,0,0,0,0,-10.700000000000045,65579.5
H36466,H,27.450000000000045,37.25,90.0,1510.0,42.8,124.0,0,0,0,0,0,0,-9.799999999999955,64627.99999999999
L48466,L,25.350000000000023,36.450000000000045,90.0,1582.0,40.3,103.0,0,0,0,0,0,0,-11.100000000000023,63754.6
L56306,L,24.25,35.35000000000002,90.0,1477.0,40.7,74.0,0,0,0,0,0,0,-11.100000000000023,60113.9
L49317,L,26.150000000000034,35.75,90.0,1623.0,31.1,152.0,0,0,0,0,0,0,-9.599999999999966,50475.3
H36201,H,27.950000000000045,37.450000000000045,90.0,1388.0,58.5,68.0,0,0,0,0,0,0,-9.5,81198.0
L55690,L,25.150000000000034,36.55000000000001,90.0,1484.0,44.3,173.0,0,0,0,0,0,0,-11.399999999999977,65741.2
L56719,L,26.25,37.650000000000034,90.0,1424.0,47.7,109.0,0,0,0,0,0,0,-11.400000000000034,67924.8
L54074,L,27.950000000000045,38.55000000000001,90.0,1408.0,46.3,135.0,0,0,0,0,0,0,-10.599999999999966,65190.399999999994
L55749,L,24.75,35.450000000000045,90.0,1757.0,27.5,118.0,0,0,0,0,0,0,-10.700000000000045,48317.5
L48143,L,22.650000000000034,33.450000000000045,90.0,1621.0,31.6,95.0,0,0,0,0,0,0,-10.800000000000011,51223.600000000006
L47320,L,25.650000000000034,35.450000000000045,90.0,1511.0,36.1,157.0,0,0,0,0,0,0,-9.800000000000011,54547.1
L56212,L,24.25,35.150000000000034,90.0,1723.0,28.8,33.0,0,0,0,0,0,0,-10.900000000000034,49622.4
L52423,L,30.55000000000001,39.950000000000045,90.0,1721.0,34.8,50.0,0,0,0,0,0,0,-9.400000000000034,59890.799999999996
H33845,H,29.150000000000034,37.05000000000001,90.0,1443.0,54.6,120.0,0,0,0,0,0,0,-7.899999999999977,78787.8
H37626,H,26.05000000000001,37.35000000000002,90.0,1329.0,48.9,30.0,0,0,0,0,0,0,-11.300000000000011,64988.1
L55807,L,24.25,35.150000000000034,90.0,1347.0,45.8,43.0,0,0,0,0,0,0,-10.900000000000034,61692.6
L51579,L,29.150000000000034,36.950000000000045,90.0,1653.0,29.7,34.0,0,0,0,0,0,0,-7.800000000000011,49094.1
L52432,L,30.350000000000023,39.85000000000002,90.0,1322.0,59.5,71.0,0,0,0,0,0,0,-9.5,78659.0
H29425,H,25.450000000000045,35.950000000000045,90.0,1423.0,44.3,29.0,0,0,0,0,0,0,-10.5,63038.899999999994
L53408,L,28.05000000000001,37.75,90.0,1413.0,50.1,141.0,0,0,0,0,0,0,-9.699999999999989,70791.3
L50169,L,27.450000000000045,36.650000000000034,90.0,1502.0,42.4,133.0,0,0,0,0,0,0,-9.199999999999989,63684.799999999996
M21870,M,27.350000000000023,37.35000000000002,90.0,1469.0,42.9,14.0,0,0,0,0,0,0,-10.0,63020.1
L56927,L,25.650000000000034,36.950000000000045,90.0,1481.0,47.4,187.0,0,0,0,0,0,0,-11.300000000000011,70199.4
L55968,L,24.25,35.35000000000002,90.0,1369.0,53.2,43.0,0,0,0,0,0,0,-11.100000000000023,72830.8
M18586,M,29.150000000000034,38.05000000000001,90.0,1505.0,36.7,78.0,0,0,0,0,0,0,-8.899999999999977,55233.50000000001
L50892,L,29.150000000000034,38.35000000000002,90.0,1543.0,33.1,39.0,0,0,0,0,0,0,-9.199999999999989,51073.3
H37175,H,27.25,38.450000000000045,90.0,1715.0,30.8,203.0,0,0,0,0,0,0,-11.200000000000045,52822.0
M18413,M,28.650000000000034,37.650000000000034,90.0,1618.0,37.8,59.0,0,0,0,0,0,0,-9.0,61160.399999999994
L48847,L,25.05000000000001,34.75,90.0,1769.0,27.2,188.0,0,0,0,0,0,0,-9.699999999999989,48116.799999999996
L50353,L,27.150000000000034,36.450000000000045,90.0,1624.0,32.6,175.0,0,0,0,0,0,0,-9.300000000000011,52942.4
M24257,M,24.55000000000001,35.05000000000001,90.0,1370.0,53.4,162.0,0,0,0,0,0,0,-10.5,73158.0
L47668,L,24.25,36.05000000000001,90.0,1584.0,42.8,186.0,0,0,0,0,0,0,-11.800000000000011,67795.2
L50410,L,27.450000000000045,36.25,90.0,1556.0,36.0,98.0,0,0,0,0,0,0,-8.799999999999955,56016.0
M18688,M,29.150000000000034,37.650000000000034,90.0,1762.0,27.8,127.0,0,0,0,0,0,0,-8.5,48983.6
L52388,L,30.650000000000034,39.55000000000001,90.0,1664.0,29.3,178.0,0,0,0,0,0,0,-8.899999999999977,48755.200000000004
H37262,H,27.05000000000001,38.450000000000045,90.0,1547.0,37.7,217.0,0,0,0,0,0,0,-11.400000000000034,58321.9
L52884,L,29.350000000000023,38.650000000000034,90.0,1335.0,52.7,135.0,0,0,0,0,0,0,-9.300000000000011,70354.5
M18151,M,28.05000000000001,36.950000000000045,90.0,1479.0,45.5,44.0,0,0,0,0,0,0,-8.900000000000034,67294.5
L55305,L,27.05000000000001,38.25,90.0,1452.0,47.8,34.0,0,0,0,0,0,0,-11.199999999999989,69405.59999999999
L56811,L,25.850000000000023,36.85000000000002,90.0,1672.0,33.2,144.0,0,0,0,0,0,0,-11.0,55510.4
L52089,L,30.350000000000023,39.25,90.0,1481.0,43.7,20.0,0,0,0,0,0,0,-8.899999999999977,64719.700000000004
L56416,L,24.950000000000045,35.55000000000001,90.0,1556.0,31.6,145.0,0,0,0,0,0,0,-10.599999999999966,49169.600000000006
H39297,H,25.55000000000001,36.450000000000045,90.0,1654.0,34.3,136.0,0,0,0,0,0,0,-10.900000000000034,56732.2
L54885,L,27.350000000000023,38.35000000000002,90.0,1316.0,49.7,55.0,0,0,0,0,0,0,-11.0,65405.200000000004
L53437,L,27.950000000000045,37.55000000000001,90.0,1376.0,49.1,0.0,0,0,0,0,0,0,-9.599999999999966,67561.6
L53269,L,27.75,37.55000000000001,90.0,1509.0,37.5,12.0,0,0,0,0,0,0,-9.800000000000011,56587.5
L53992,L,27.75,37.450000000000045,90.0,1350.0,53.8,131.0,0,0,0,0,0,0,-9.700000000000045,72630.0
M23180,M,25.650000000000034,36.55000000000001,90.0,1453.0,47.7,101.0,0,0,0,0,0,0,-10.899999999999977,69308.1
L51650,L,29.55000000000001,37.450000000000045,90.0,1564.0,34.3,0.0,0,0,0,0,0,0,-7.900000000000034,53645.2
H31383,H,24.650000000000034,34.35000000000002,90.0,1631.0,31.3,124.0,0,0,0,0,0,0,-9.699999999999989,51050.3
L52937,L,28.75,38.150000000000034,90.0,1366.0,55.6,57.0,0,0,0,0,0,0,-9.400000000000034,75949.6
L53707,L,28.05000000000001,37.25,90.0,1516.0,44.4,53.0,0,0,0,0,0,0,-9.199999999999989,67310.4
L53474,L,27.950000000000045,37.35000000000002,90.0,1529.0,38.7,91.0,0,0,0,0,0,0,-9.399999999999977,59172.3
L50429,L,27.950000000000045,36.650000000000034,90.0,1493.0,38.9,149.0,0,0,0,0,0,0,-8.699999999999989,58077.7
L53750,L,28.25,37.450000000000045,90.0,1634.0,31.1,171.0,0,0,0,0,0,0,-9.200000000000045,50817.4
L53818,L,28.350000000000023,37.35000000000002,90.0,1453.0,44.2,129.0,0,0,0,0,0,0,-9.0,64222.600000000006
L54531,L,26.55000000000001,37.05000000000001,90.0,1458.0,43.4,28.0,0,0,0,0,0,0,-10.5,63277.2
L55853,L,24.25,35.450000000000045,90.0,1494.0,42.6,161.0,0,0,0,0,0,0,-11.200000000000045,63644.4
H30653,H,24.05000000000001,35.35000000000002,90.0,1482.0,39.3,187.0,0,0,0,0,0,0,-11.300000000000011,58242.6
L49920,L,26.450000000000045,35.85000000000002,90.0,1525.0,42.8,160.0,0,0,0,0,0,0,-9.399999999999977,65269.99999999999
L51765,L,29.650000000000034,37.950000000000045,90.0,1563.0,32.2,78.0,0,0,0,0,0,0,-8.300000000000011,50328.600000000006
H34592,H,30.850000000000023,40.05000000000001,90.0,1517.0,43.1,96.0,0,0,0,0,0,0,-9.199999999999989,65382.700000000004
L48148,L,22.75,33.55000000000001,90.0,1547.0,40.9,107.0,0,0,0,0,0,0,-10.800000000000011,63272.299999999996
H37878,H,25.450000000000045,36.55000000000001,90.0,1672.0,27.5,54.0,0,0,0,0,0,0,-11.099999999999966,45980.0
H30688,H,24.950000000000045,36.35000000000002,90.0,1530.0,40.2,65.0,0,0,0,0,0,0,-11.399999999999977,61506.00000000001
L48922,L,25.350000000000023,34.85000000000002,90.0,1379.0,49.6,152.0,0,0,0,0,0,0,-9.5,68398.40000000001
L48570,L,25.75,37.05000000000001,90.0,1409.0,54.8,140.0,0,0,0,0,0,0,-11.300000000000011,77213.2
L53296,L,27.650000000000034,37.75,90.0,1453.0,43.9,84.0,0,0,0,0,0,0,-10.099999999999966,63786.7
L54209,L,27.450000000000045,37.450000000000045,90.0,1454.0,39.7,67.0,0,0,0,0,0,0,-10.0,57723.8
M15435,M,24.75,36.75,90.0,1410.0,55.4,188.0,0,0,0,0,0,0,-12.0,78114.0
M21516,M,28.25,37.25,90.0,1553.0,44.7,173.0,0,0,0,0,0,0,-9.0,69419.1
M21975,M,27.850000000000023,37.450000000000045,90.0,1460.0,53.6,74.0,0,0,0,0,0,0,-9.600000000000023,78256.0
L55982,L,24.25,35.450000000000045,90.0,1524.0,43.1,73.0,0,0,0,0,0,0,-11.200000000000045,65684.40000000001
L56164,L,23.950000000000045,34.650000000000034,90.0,1406.0,60.4,133.0,0,0,0,0,0,0,-10.699999999999989,84922.4
L52904,L,29.150000000000034,38.650000000000034,90.0,1433.0,50.3,183.0,0,0,0,0,0,0,-9.5,72079.9
L47449,L,24.850000000000023,34.85000000000002,90.0,1524.0,37.0,49.0,0,0,0,0,0,0,-10.0,56388.0
L56491,L,25.25,36.25,90.0,1540.0,43.2,141.0,0,0,0,0,0,0,-11.0,66528.0
M21922,M,27.450000000000045,37.25,90.0,1407.0,51.1,157.0,0,0,0,0,0,0,-9.799999999999955,71897.7
L52723,L,29.25,38.650000000000034,90.0,1255.0,59.0,138.0,0,0,0,0,0,0,-9.400000000000034,74045.0
L51536,L,28.850000000000023,36.650000000000034,90.0,1649.0,31.0,152.0,0,0,0,0,0,0,-7.800000000000011,51119.0
L55399,L,25.850000000000023,37.25,90.0,1504.0,34.3,48.0,0,0,0,0,0,0,-11.399999999999977,51587.2
M18674,M,28.950000000000045,37.450000000000045,90.0,1326.0,59.1,88.0,1,0,1,0,0,0,-8.5,78366.6
L55501,L,25.650000000000034,36.450000000000045,90.0,1442.0,50.0,104.0,0,0,0,0,0,0,-10.800000000000011,72100.0
L51779,L,29.950000000000045,37.950000000000045,90.0,1420.0,55.8,113.0,0,0,0,0,0,0,-8.0,79236.0
M14873,M,25.450000000000045,36.05000000000001,90.0,1742.0,30.0,37.0,0,0,0,0,0,0,-10.599999999999966,52260.0
L56405,L,24.850000000000023,35.950000000000045,90.0,1820.0,23.6,120.0,0,0,0,0,0,0,-11.100000000000023,42952.0
L51828,L,30.150000000000034,38.25,90.0,1630.0,32.5,2.0,0,0,0,0,0,0,-8.099999999999966,52975.0
L55701,L,25.25,36.35000000000002,90.0,1376.0,50.4,202.0,0,0,0,0,0,0,-11.100000000000023,69350.4
L47705,L,24.25,36.25,90.0,1466.0,45.5,53.0,0,0,0,0,0,0,-12.0,66703.0
M21755,M,27.850000000000023,38.450000000000045,90.0,1357.0,45.6,137.0,0,0,0,0,0,0,-10.600000000000023,61879.200000000004
M18451,M,28.55000000000001,37.35000000000002,90.0,1458.0,41.4,153.0,0,0,0,0,0,0,-8.800000000000011,60361.2
L51912,L,30.150000000000034,38.55000000000001,90.0,1539.0,38.5,221.0,0,0,0,0,0,0,-8.399999999999977,59251.5
L48574,L,25.950000000000045,37.25,90.0,1527.0,44.0,149.0,0,0,0,0,0,0,-11.299999999999955,67188.0
M19563,M,30.450000000000045,38.650000000000034,90.0,1432.0,42.5,150.0,0,0,0,0,0,0,-8.199999999999989,60860.0
L48892,L,25.150000000000034,34.75,90.0,1551.0,33.8,72.0,0,0,0,0,0,0,-9.599999999999966,52423.799999999996
H39169,H,25.350000000000023,36.55000000000001,90.0,1561.0,35.3,208.0,0,0,0,0,0,0,-11.199999999999989,55103.299999999996
L53855,L,28.350000000000023,37.450000000000045,90.0,1579.0,28.0,220.0,0,0,0,0,0,0,-9.100000000000023,44212.0
L50633,L,28.350000000000023,37.25,90.0,1425.0,54.4,7.0,0,0,0,0,0,0,-8.899999999999977,77520.0
M24600,M,25.75,36.950000000000045,90.0,1655.0,31.5,172.0,0,0,0,0,0,0,-11.200000000000045,52132.5
M21865,M,27.450000000000045,37.55000000000001,90.0,1339.0,52.9,0.0,0,0,0,0,0,0,-10.099999999999966,70833.09999999999
M15212,M,24.450000000000045,35.25,90.0,1507.0,46.0,51.0,0,0,0,0,0,0,-10.799999999999955,69322.0
M21096,M,28.150000000000034,37.75,90.0,1512.0,36.9,159.0,0,0,0,0,0,0,-9.599999999999966,55792.799999999996
L50100,L,27.55000000000001,36.55000000000001,90.0,1598.0,33.7,149.0,0,0,0,0,0,0,-9.0,53852.600000000006
L51824,L,30.05000000000001,38.25,90.0,1514.0,41.2,230.0,0,0,0,0,0,0,-8.199999999999989,62376.8
L54237,L,27.650000000000034,37.450000000000045,90.0,1666.0,36.2,144.0,0,0,0,0,0,0,-9.800000000000011,60309.200000000004
M18525,M,29.25,38.650000000000034,90.0,1358.0,50.6,133.0,0,0,0,0,0,0,-9.400000000000034,68714.8
M22839,M,28.05000000000001,39.25,90.0,1428.0,36.6,99.0,0,0,0,0,0,0,-11.199999999999989,52264.8
L51970,L,30.650000000000034,39.650000000000034,90.0,1443.0,40.7,145.0,0,0,0,0,0,0,-9.0,58730.100000000006
M18498,M,29.150000000000034,38.35000000000002,90.0,1445.0,44.8,65.0,0,0,0,0,0,0,-9.199999999999989,64735.99999999999
L48446,L,24.850000000000023,36.450000000000045,90.0,1633.0,34.8,41.0,0,0,0,0,0,0,-11.600000000000023,56828.399999999994
L54359,L,27.05000000000001,36.950000000000045,90.0,1523.0,42.3,25.0,0,0,0,0,0,0,-9.900000000000034,64422.899999999994
M18969,M,28.75,37.450000000000045,90.0,1475.0,47.8,179.0,0,0,0,0,0,0,-8.700000000000045,70505.0
L55047,L,27.350000000000023,38.85000000000002,90.0,1461.0,38.1,39.0,0,0,0,0,0,0,-11.5,55664.1
L54474,L,26.950000000000045,37.450000000000045,90.0,1809.0,24.3,97.0,0,0,0,0,0,0,-10.5,43958.700000000004
L47694,L,24.25,36.05000000000001,90.0,1620.0,33.2,28.0,0,0,0,0,0,0,-11.800000000000011,53784.00000000001
H30313,H,22.450000000000045,33.05000000000001,90.0,1329.0,55.3,135.0,0,0,0,0,0,0,-10.599999999999966,73493.7
L55622,L,25.450000000000045,36.85000000000002,90.0,1517.0,39.0,4.0,0,0,0,0,0,0,-11.399999999999977,59163.0
M18771,M,29.150000000000034,38.150000000000034,90.0,1339.0,50.8,123.0,0,0,0,0,0,0,-9.0,68021.2
L54097,L,27.850000000000023,38.25,90.0,1481.0,37.5,193.0,0,0,0,0,0,0,-10.399999999999977,55537.5
L49236,L,26.350000000000023,36.150000000000034,90.0,1333.0,54.1,147.0,0,0,0,0,0,0,-9.800000000000011,72115.3
L47814,L,25.150000000000034,36.75,90.0,1507.0,41.6,112.0,0,0,0,0,0,0,-11.599999999999966,62691.200000000004
L53262,L,27.75,37.55000000000001,90.0,1352.0,46.4,212.0,0,0,0,0,0,0,-9.800000000000011,62732.799999999996
L56450,L,25.05000000000001,35.650000000000034,90.0,1302.0,60.4,34.0,0,0,0,0,0,0,-10.600000000000023,78640.8
M24538,M,25.950000000000045,37.05000000000001,90.0,1711.0,28.1,17.0,0,0,0,0,0,0,-11.099999999999966,48079.100000000006
L47285,L,25.650000000000034,35.55000000000001,90.0,1591.0,31.1,68.0,0,0,0,0,0,0,-9.899999999999977,49480.100000000006
L50221,L,27.25,36.35000000000002,90.0,1543.0,38.9,37.0,0,0,0,0,0,0,-9.100000000000023,60022.7
H36428,H,27.350000000000023,37.35000000000002,90.0,1403.0,47.7,24.0,0,0,0,0,0,0,-10.0,66923.1
L50354,L,27.150000000000034,36.450000000000045,90.0,1600.0,34.6,177.0,0,0,0,0,0,0,-9.300000000000011,55360.0
L48097,L,22.150000000000034,32.55000000000001,90.0,1475.0,51.0,187.0,0,0,0,0,0,0,-10.399999999999977,75225.0
L55013,L,26.850000000000023,38.25,90.0,1604.0,38.7,185.0,0,0,0,0,0,0,-11.399999999999977,62074.8
L53912,L,28.55000000000001,37.85000000000002,90.0,1503.0,44.8,134.0,0,0,0,0,0,0,-9.300000000000011,67334.4
M16809,M,24.950000000000045,34.85000000000002,90.0,1543.0,41.9,73.0,0,0,0,0,0,0,-9.899999999999977,64651.7
M21228,M,26.850000000000023,36.450000000000045,90.0,1423.0,48.7,67.0,0,0,0,0,0,0,-9.600000000000023,69300.1
L49900,L,26.450000000000045,36.05000000000001,90.0,1559.0,39.1,110.0,0,0,0,0,0,0,-9.599999999999966,60956.9
M24672,M,25.05000000000001,35.950000000000045,90.0,1411.0,45.8,157.0,0,0,0,0,0,0,-10.900000000000034,64623.799999999996
M18622,M,29.150000000000034,37.85000000000002,90.0,1526.0,37.7,171.0,0,0,0,0,0,0,-8.699999999999989,57530.200000000004
L47958,L,23.55000000000001,34.85000000000002,90.0,1580.0,32.2,39.0,0,0,0,0,0,0,-11.300000000000011,50876.00000000001
L50676,L,28.75,37.75,90.0,1309.0,48.0,124.0,0,0,0,0,0,0,-9.0,62832.0
H38231,H,24.150000000000034,35.450000000000045,90.0,1376.0,53.5,112.0,0,0,0,0,0,0,-11.300000000000011,73616.0
L52600,L,29.450000000000045,39.150000000000034,90.0,1512.0,34.2,44.0,0,0,0,0,0,0,-9.699999999999989,51710.4
M21014,M,27.850000000000023,37.75,90.0,1765.0,24.2,179.0,0,0,0,0,0,0,-9.899999999999977,42713.0
L55887,L,24.05000000000001,35.35000000000002,90.0,1471.0,41.7,41.0,0,0,0,0,0,0,-11.300000000000011,61340.700000000004
M19027,M,29.150000000000034,37.55000000000001,90.0,1559.0,33.9,119.0,0,0,0,0,0,0,-8.399999999999977,52850.1
M24846,M,25.650000000000034,35.450000000000045,90.0,1507.0,42.3,207.0,0,0,0,0,0,0,-9.800000000000011,63746.1
L47296,L,25.75,35.55000000000001,90.0,1564.0,34.1,99.0,0,0,0,0,0,0,-9.800000000000011,53332.4
L53824,L,28.350000000000023,37.450000000000045,90.0,1565.0,43.9,142.0,0,0,0,0,0,0,-9.100000000000023,68703.5
L57131,L,25.05000000000001,34.650000000000034,90.0,1355.0,59.4,115.0,0,0,0,0,0,0,-9.600000000000023,80487.0
L56139,L,24.150000000000034,34.85000000000002,90.0,1420.0,46.5,73.0,0,0,0,0,0,0,-10.699999999999989,66030.0
L48943,L,25.05000000000001,34.450000000000045,90.0,1511.0,31.0,209.0,1,1,0,0,0,0,-9.400000000000034,46841.0
L49055,L,25.150000000000034,34.85000000000002,90.0,1363.0,50.1,96.0,0,0,0,0,0,0,-9.699999999999989,68286.3
L47706,L,24.450000000000045,36.35000000000002,90.0,1373.0,50.6,55.0,0,0,0,0,0,0,-11.899999999999977,69473.8
L54905,L,27.450000000000045,38.55000000000001,90.0,1744.0,26.9,111.0,0,0,0,0,0,0,-11.099999999999966,46913.6
M17806,M,27.55000000000001,36.35000000000002,90.0,1622.0,30.5,14.0,0,0,0,0,0,0,-8.800000000000011,49471.0
M21202,M,27.150000000000034,36.650000000000034,90.0,1444.0,42.0,3.0,0,0,0,0,0,0,-9.5,60648.0
M18493,M,29.05000000000001,38.150000000000034,90.0,1521.0,40.6,52.0,0,0,0,0,0,0,-9.100000000000023,61752.6
L48230,L,23.450000000000045,34.450000000000045,90.0,1671.0,28.8,108.0,0,0,0,0,0,0,-11.0,48124.8
L50560,L,28.25,37.55000000000001,90.0,1590.0,36.3,43.0,0,0,0,0,0,0,-9.300000000000011,57716.99999999999
M18536,M,29.05000000000001,38.35000000000002,90.0,1562.0,38.0,162.0,0,0,0,0,0,0,-9.300000000000011,59356.0
L52956,L,28.450000000000045,37.950000000000045,90.0,1325.0,49.2,104.0,0,0,0,0,0,0,-9.5,65190.00000000001
M20039,M,30.850000000000023,39.950000000000045,90.0,1450.0,42.8,101.0,0,0,0,0,0,0,-9.100000000000023,62059.99999999999
L53815,L,28.350000000000023,37.35000000000002,90.0,1534.0,39.3,119.0,0,0,0,0,0,0,-9.0,60286.2
M24857,M,25.850000000000023,35.450000000000045,90.0,1645.0,33.4,22.0,0,0,0,0,0,0,-9.600000000000023,54943.0
L50236,L,27.05000000000001,36.05000000000001,90.0,1667.0,29.9,75.0,0,0,0,0,0,0,-9.0,49843.299999999996
M16840,M,24.850000000000023,34.450000000000045,90.0,1301.0,58.5,155.0,0,0,0,0,0,0,-9.600000000000023,76108.5
L50778,L,28.55000000000001,37.35000000000002,90.0,1399.0,53.2,174.0,0,0,0,0,0,0,-8.800000000000011,74426.8
L48113,L,22.350000000000023,32.85000000000002,90.0,1597.0,37.2,16.0,0,0,0,0,0,0,-10.5,59408.4
H35040,H,29.55000000000001,38.950000000000045,90.0,1603.0,32.5,148.0,0,0,0,0,0,0,-9.400000000000034,52097.5
L51359,L,29.25,37.75,90.0,1349.0,46.1,148.0,1,0,1,0,0,0,-8.5,62188.9
M21306,M,27.55000000000001,37.150000000000034,90.0,1471.0,40.2,59.0,0,0,0,0,0,0,-9.600000000000023,59134.200000000004
M18976,M,28.850000000000023,37.35000000000002,90.0,1381.0,58.4,201.0,0,0,0,0,0,0,-8.5,80650.4
H30402,H,23.150000000000034,33.950000000000045,90.0,1774.0,25.9,154.0,0,0,0,0,0,0,-10.800000000000011,45946.6
L50273,L,26.850000000000023,36.150000000000034,90.0,1397.0,51.2,173.0,0,0,0,0,0,0,-9.300000000000011,71526.40000000001
L50335,L,27.350000000000023,36.650000000000034,90.0,1367.0,54.0,129.0,0,0,0,0,0,0,-9.300000000000011,73818.0
L49003,L,24.950000000000045,34.55000000000001,90.0,1414.0,48.7,159.0,0,0,0,0,0,0,-9.599999999999966,68861.8
L56802,L,25.75,36.85000000000002,90.0,1794.0,27.2,114.0,0,0,0,0,0,0,-11.100000000000023,48796.799999999996
M15958,M,23.75,34.25,90.0,1521.0,37.9,27.0,0,0,0,0,0,0,-10.5,57645.9
L50024,L,27.150000000000034,36.05000000000001,90.0,1650.0,35.2,196.0,0,0,0,0,0,0,-8.899999999999977,58080.00000000001
H29452,H,25.75,36.05000000000001,90.0,1379.0,50.7,106.0,0,0,0,0,0,0,-10.300000000000011,69915.3
L56653,L,25.55000000000001,36.35000000000002,90.0,1446.0,40.0,160.0,0,0,0,0,0,0,-10.800000000000011,57840.0
L54993,L,26.850000000000023,38.35000000000002,90.0,1455.0,41.7,130.0,0,0,0,0,0,0,-11.5,60673.50000000001
M23080,M,25.75,37.150000000000034,90.0,1551.0,35.2,50.0,0,0,0,0,0,0,-11.400000000000034,54595.200000000004
M17288,M,25.850000000000023,35.150000000000034,90.0,1377.0,47.2,35.0,0,0,0,0,0,0,-9.300000000000011,64994.4
L52223,L,30.950000000000045,40.05000000000001,90.0,1468.0,39.4,148.0,0,0,0,0,0,0,-9.099999999999966,57839.2
M19671,M,30.25,38.85000000000002,90.0,1748.0,28.4,200.0,0,0,0,0,0,0,-8.600000000000023,49643.2
L55656,L,25.350000000000023,36.450000000000045,90.0,1585.0,32.2,89.0,0,0,0,0,0,0,-11.100000000000023,51037.00000000001
L51979,L,30.350000000000023,39.35000000000002,90.0,1418.0,42.2,170.0,0,0,0,0,0,0,-9.0,59839.600000000006
L54617,L,26.650000000000034,38.150000000000034,90.0,1727.0,30.0,24.0,0,0,0,0,0,0,-11.5,51810.0
M21213,M,26.850000000000023,36.450000000000045,90.0,1491.0,42.0,29.0,0,0,0,0,0,0,-9.600000000000023,62622.0
L51749,L,29.650000000000034,37.75,90.0,1636.0,35.0,38.0,0,0,0,0,0,0,-8.099999999999966,57260.0
M23073,M,26.05000000000001,37.35000000000002,90.0,1548.0,33.5,35.0,0,0,0,0,0,0,-11.300000000000011,51858.0
L55253,L,27.350000000000023,38.85000000000002,90.0,1558.0,36.7,113.0,0,0,0,0,0,0,-11.5,57178.600000000006
L48220,L,23.55000000000001,34.55000000000001,90.0,1502.0,43.9,84.0,0,0,0,0,0,0,-11.0,65937.8
L54671,L,27.25,38.650000000000034,90.0,1320.0,57.9,168.0,0,0,0,0,0,0,-11.400000000000034,76428.0
L48445,L,24.75,36.25,90.0,1558.0,35.7,39.0,0,0,0,0,0,0,-11.5,55620.600000000006
M24125,M,25.150000000000034,35.75,90.0,1390.0,49.7,23.0,0,0,0,0,0,0,-10.599999999999966,69083.0
H29691,H,24.850000000000023,34.85000000000002,90.0,1479.0,50.7,70.0,0,0,0,0,0,0,-10.0,74985.3
L49562,L,25.950000000000045,35.150000000000034,90.0,1601.0,31.4,121.0,0,0,0,0,0,0,-9.199999999999989,50271.399999999994
M15431,M,24.650000000000034,36.650000000000034,90.0,1676.0,29.0,178.0,0,0,0,0,0,0,-12.0,48604.0
H30849,H,25.650000000000034,36.75,90.0,1526.0,42.1,30.0,0,0,0,0,0,0,-11.099999999999966,64244.6
M15867,M,23.05000000000001,34.05000000000001,90.0,1633.0,31.1,0.0,0,0,0,0,0,0,-11.0,50786.3
M19403,M,29.450000000000045,37.35000000000002,90.0,1542.0,39.9,184.0,0,0,0,0,0,0,-7.899999999999977,61525.799999999996
M15154,M,24.950000000000045,35.35000000000002,90.0,1372.0,51.1,116.0,0,0,0,0,0,0,-10.399999999999977,70109.2
H31817,H,26.05000000000001,35.55000000000001,90.0,1448.0,51.4,173.0,0,0,0,0,0,0,-9.5,74427.2
L49899,L,26.350000000000023,36.05000000000001,90.0,1690.0,29.2,108.0,0,0,0,0,0,0,-9.699999999999989,49348.0
L52330,L,31.150000000000034,40.35000000000002,90.0,1590.0,29.8,17.0,0,0,0,0,0,0,-9.199999999999989,47382.0
L47736,L,24.350000000000023,36.25,90.0,1357.0,50.1,137.0,0,0,0,0,0,0,-11.899999999999977,67985.7
M23785,M,24.05000000000001,35.05000000000001,90.0,1405.0,42.5,204.0,0,0,0,0,0,0,-11.0,59712.5
L51975,L,30.450000000000045,39.35000000000002,90.0,1431.0,49.0,162.0,0,0,0,0,0,0,-8.899999999999977,70119.0
L49649,L,25.850000000000023,35.55000000000001,90.0,1507.0,37.5,134.0,0,0,0,0,0,0,-9.699999999999989,56512.5
M18598,M,29.150000000000034,38.05000000000001,90.0,1454.0,43.8,112.0,0,0,0,0,0,0,-8.899999999999977,63685.2
M17464,M,26.150000000000034,35.950000000000045,90.0,1385.0,45.6,34.0,0,0,0,0,0,0,-9.800000000000011,63156.0
M16564,M,24.950000000000045,34.650000000000034,90.0,1503.0,44.7,54.0,0,0,0,0,0,0,-9.699999999999989,67184.1
L49319,L,26.150000000000034,35.85000000000002,90.0,1415.0,47.6,156.0,0,0,0,0,0,0,-9.699999999999989,67354.0
L50419,L,27.850000000000023,36.35000000000002,90.0,1430.0,48.5,122.0,0,0,0,0,0,0,-8.5,69355.0
L49563,L,25.950000000000045,35.05000000000001,90.0,1568.0,33.3,123.0,0,0,0,0,0,0,-9.099999999999966,52214.399999999994
L54494,L,26.75,37.150000000000034,90.0,1268.0,53.3,146.0,0,0,0,0,0,0,-10.400000000000034,67584.4
L48492,L,25.75,36.950000000000045,90.0,1473.0,42.6,164.0,0,0,0,0,0,0,-11.200000000000045,62749.8
L48771,L,25.05000000000001,35.25,90.0,1355.0,49.4,209.0,0,0,0,0,0,0,-10.199999999999989,66937.0
L47497,L,24.650000000000034,35.25,90.0,1685.0,28.4,179.0,0,0,0,0,0,0,-10.599999999999966,47854.0
L52413,L,30.450000000000045,39.75,90.0,1450.0,45.3,29.0,0,0,0,0,0,0,-9.299999999999955,65685.0
L51216,L,28.850000000000023,37.650000000000034,90.0,1445.0,49.1,2.0,0,0,0,0,0,0,-8.800000000000011,70949.5
L50200,L,27.25,36.450000000000045,90.0,1543.0,38.1,209.0,0,0,0,0,0,0,-9.200000000000045,58788.3
M23088,M,25.950000000000045,37.25,90.0,1422.0,49.3,69.0,0,0,0,0,0,0,-11.299999999999955,70104.59999999999
L52475,L,30.650000000000034,40.05000000000001,90.0,1336.0,47.8,176.0,0,0,0,0,0,0,-9.399999999999977,63860.799999999996
L51152,L,29.150000000000034,38.25,90.0,1511.0,34.7,75.0,0,0,0,0,0,0,-9.099999999999966,52431.700000000004
H34784,H,29.850000000000023,39.25,90.0,1627.0,37.1,168.0,0,0,0,0,0,0,-9.399999999999977,60361.700000000004
L51313,L,28.650000000000034,37.150000000000034,90.0,1765.0,27.3,29.0,0,0,0,0,0,0,-8.5,48184.5
L54471,L,27.05000000000001,37.35000000000002,90.0,1416.0,46.7,90.0,0,0,0,0,0,0,-10.300000000000011,66127.2
M24166,M,25.150000000000034,36.05000000000001,90.0,1783.0,28.3,130.0,0,0,0,0,0,0,-10.899999999999977,50458.9
L52196,L,30.75,39.85000000000002,90.0,1408.0,47.5,76.0,0,0,0,0,0,0,-9.100000000000023,66880.0
L56910,L,25.650000000000034,36.85000000000002,90.0,1528.0,36.7,147.0,0,0,0,0,0,0,-11.199999999999989,56077.600000000006
M22350,M,27.25,38.650000000000034,90.0,1707.0,30.0,165.0,0,0,0,0,0,0,-11.400000000000034,51210.0
L48820,L,24.850000000000023,34.650000000000034,90.0,1567.0,36.4,109.0,0,0,0,0,0,0,-9.800000000000011,57038.799999999996
L48560,L,25.55000000000001,36.950000000000045,90.0,1786.0,27.7,114.0,0,0,0,0,0,0,-11.400000000000034,49472.2
L48072,L,22.55000000000001,32.950000000000045,90.0,1343.0,54.4,119.0,0,0,0,0,0,0,-10.400000000000034,73059.2
M22147,M,27.05000000000001,37.25,90.0,1530.0,35.7,80.0,0,0,0,0,0,0,-10.199999999999989,54621.00000000001
L55086,L,27.75,39.25,90.0,1372.0,51.0,142.0,0,0,0,0,0,0,-11.5,69972.0
L55374,L,26.25,37.55000000000001,90.0,1426.0,45.7,213.0,0,0,0,0,0,0,-11.300000000000011,65168.200000000004
L49646,L,25.850000000000023,35.450000000000045,90.0,1429.0,37.7,126.0,0,0,0,0,0,0,-9.600000000000023,53873.3
L54837,L,27.350000000000023,38.450000000000045,90.0,1661.0,30.0,158.0,0,0,0,0,0,0,-11.100000000000023,49830.0
M16773,M,24.850000000000023,34.650000000000034,90.0,1492.0,40.2,197.0,0,0,0,0,0,0,-9.800000000000011,59978.4
M17596,M,26.55000000000001,35.950000000000045,90.0,1576.0,36.4,149.0,0,0,0,0,0,0,-9.400000000000034,57366.399999999994
M15586,M,24.25,35.650000000000034,90.0,1628.0,37.4,144.0,0,0,0,0,0,0,-11.400000000000034,60887.2
M22074,M,26.75,36.650000000000034,90.0,1625.0,41.2,109.0,0,0,0,0,0,0,-9.900000000000034,66950.0
H31210,H,24.950000000000045,34.450000000000045,90.0,1542.0,37.1,84.0,0,0,0,0,0,0,-9.5,57208.200000000004
M21262,M,26.950000000000045,36.450000000000045,90.0,1584.0,36.7,165.0,0,0,0,0,0,0,-9.5,58132.8
M15796,M,22.450000000000045,32.950000000000045,90.0,1418.0,46.2,24.0,0,0,0,0,0,0,-10.5,65511.600000000006
L48569,L,25.75,37.05000000000001,90.0,1533.0,42.8,138.0,0,0,0,0,0,0,-11.300000000000011,65612.4
M18424,M,28.55000000000001,37.450000000000045,90.0,1492.0,42.2,85.0,0,0,0,0,0,0,-8.900000000000034,62962.4
M22687,M,26.650000000000034,37.950000000000045,90.0,1452.0,44.3,167.0,0,0,0,0,0,0,-11.300000000000011,64323.6
L52870,L,29.150000000000034,38.650000000000034,90.0,1435.0,44.8,98.0,0,0,0,0,0,0,-9.5,64287.99999999999
L49048,L,25.150000000000034,34.85000000000002,90.0,1361.0,56.9,81.0,0,0,0,0,0,0,-9.699999999999989,77440.9
L55382,L,26.150000000000034,37.75,90.0,1669.0,32.4,5.0,0,0,0,0,0,0,-11.599999999999966,54075.6
L54666,L,27.150000000000034,38.55000000000001,90.0,1635.0,31.8,156.0,0,0,0,0,0,0,-11.399999999999977,51993.0
L51985,L,30.450000000000045,39.450000000000045,90.0,1606.0,33.6,184.0,0,0,0,0,0,0,-9.0,53961.600000000006
L56332,L,24.350000000000023,35.450000000000045,90.0,1260.0,53.6,137.0,0,0,0,0,0,0,-11.100000000000023,67536.0
L54691,L,27.25,38.650000000000034,90.0,1601.0,36.1,0.0,0,0,0,0,0,0,-11.400000000000034,57796.100000000006
L55236,L,26.950000000000045,38.35000000000002,90.0,1499.0,43.4,65.0,0,0,0,0,0,0,-11.399999999999977,65056.6
H33908,H,29.450000000000045,37.25,90.0,1649.0,30.1,62.0,0,0,0,0,0,0,-7.7999999999999545,49634.9
M17492,M,26.850000000000023,36.55000000000001,90.0,1652.0,28.6,112.0,0,0,0,0,0,0,-9.699999999999989,47247.200000000004
M23760,M,24.150000000000034,35.450000000000045,90.0,1584.0,29.4,141.0,0,0,0,0,0,0,-11.300000000000011,46569.6
M23483,M,24.350000000000023,35.150000000000034,90.0,1476.0,45.6,31.0,0,0,0,0,0,0,-10.800000000000011,67305.6
L55012,L,26.850000000000023,38.25,90.0,1484.0,37.0,183.0,0,0,0,0,0,0,-11.399999999999977,54908.0
L47325,L,25.350000000000023,35.25,90.0,1513.0,33.6,172.0,0,0,0,0,0,0,-9.899999999999977,50836.8
L48345,L,23.950000000000045,34.950000000000045,90.0,1487.0,34.6,208.0,0,0,0,0,0,0,-11.0,51450.200000000004
M16910,M,26.350000000000023,36.150000000000034,90.0,1675.0,29.2,132.0,0,0,0,0,0,0,-9.800000000000011,48910.0
L50940,L,29.150000000000034,37.75,90.0,1377.0,46.8,166.0,1,0,1,0,0,0,-8.599999999999966,64443.6
L51615,L,29.150000000000034,36.950000000000045,90.0,1321.0,52.7,134.0,1,0,1,0,0,0,-7.800000000000011,69616.7
L54249,L,27.650000000000034,37.55000000000001,90.0,1525.0,39.4,175.0,0,0,0,0,0,0,-9.899999999999977,60085.0
M19221,M,28.950000000000045,36.950000000000045,90.0,1379.0,48.2,166.0,1,0,1,0,0,0,-8.0,66467.8
L48951,L,25.25,34.75,90.0,1446.0,45.3,23.0,0,0,0,0,0,0,-9.5,65503.799999999996
L55616,L,25.55000000000001,36.75,90.0,1371.0,51.3,201.0,0,0,0,0,0,0,-11.199999999999989,70332.3
L49212,L,25.650000000000034,35.35000000000002,90.0,1444.0,42.2,83.0,0,0,0,0,0,0,-9.699999999999989,60936.8
M18670,M,29.05000000000001,37.650000000000034,90.0,1562.0,38.1,78.0,0,0,0,0,0,0,-8.600000000000023,59512.200000000004
H32655,H,27.75,36.35000000000002,90.0,1469.0,43.4,126.0,0,0,0,0,0,0,-8.600000000000023,63754.6
H37916,H,25.450000000000045,36.650000000000034,90.0,1279.0,55.9,152.0,0,0,0,0,0,0,-11.199999999999989,71496.09999999999
L57098,L,25.25,35.650000000000034,90.0,1352.0,56.7,24.0,0,0,0,0,0,0,-10.400000000000034,76658.40000000001
L53820,L,28.25,37.25,90.0,1334.0,43.2,133.0,0,0,0,0,0,0,-9.0,57628.8
H37108,H,27.450000000000045,38.55000000000001,90.0,1500.0,36.7,17.0,0,0,0,0,0,0,-11.099999999999966,55050.00000000001
M21986,M,27.450000000000045,36.85000000000002,90.0,1542.0,33.9,100.0,0,0,0,0,0,0,-9.399999999999977,52273.799999999996
L47310,L,25.650000000000034,35.25,90.0,1473.0,41.1,128.0,0,0,0,0,0,0,-9.599999999999966,60540.3
M22840,M,28.05000000000001,39.25,90.0,1505.0,39.6,102.0,0,0,0,0,0,0,-11.199999999999989,59598.0
H32637,H,27.450000000000045,36.35000000000002,90.0,1495.0,36.5,79.0,0,0,0,0,0,0,-8.899999999999977,54567.5
L52572,L,29.650000000000034,39.05000000000001,90.0,1481.0,40.2,230.0,0,0,0,0,0,0,-9.399999999999977,59536.200000000004
L51677,L,29.350000000000023,37.150000000000034,90.0,1523.0,36.0,72.0,0,0,0,0,0,0,-7.800000000000011,54828.0
M17902,M,27.05000000000001,36.25,90.0,1459.0,43.9,39.0,0,0,0,0,0,0,-9.199999999999989,64050.1
M17279,M,25.75,35.05000000000001,90.0,1328.0,49.2,11.0,0,0,0,0,0,0,-9.300000000000011,65337.600000000006
M19945,M,30.850000000000023,39.85000000000002,90.0,1377.0,56.0,61.0,0,0,0,0,0,0,-9.0,77112.0
L50474,L,27.950000000000045,37.05000000000001,90.0,1657.0,34.1,52.0,0,0,0,0,0,0,-9.099999999999966,56503.700000000004
M21597,M,28.55000000000001,37.85000000000002,90.0,1537.0,33.5,146.0,0,0,0,0,0,0,-9.300000000000011,51489.5
M16381,M,25.05000000000001,35.75,90.0,1585.0,34.3,33.0,0,0,0,0,0,0,-10.699999999999989,54365.49999999999
L51412,L,29.05000000000001,37.75,90.0,1452.0,42.3,56.0,0,0,0,0,0,0,-8.699999999999989,61419.6
M22546,M,27.55000000000001,38.55000000000001,90.0,1504.0,36.9,229.0,0,0,0,0,0,0,-11.0,55497.6
H33844,H,29.150000000000034,36.950000000000045,90.0,1688.0,30.4,115.0,0,0,0,0,0,0,-7.800000000000011,51315.2
L57038,L,25.350000000000023,36.35000000000002,90.0,1547.0,33.1,68.0,0,0,0,0,0,0,-11.0,51205.700000000004
H35327,H,27.55000000000001,37.05000000000001,90.0,1479.0,52.3,9.0,0,0,0,0,0,0,-9.5,77351.7
L55418,L,25.950000000000045,37.25,90.0,1519.0,45.3,92.0,0,0,0,0,0,0,-11.299999999999955,68810.7
L56731,L,26.25,37.650000000000034,90.0,1391.0,48.9,139.0,0,0,0,0,0,0,-11.400000000000034,68019.9
M20179,M,30.350000000000023,39.55000000000001,90.0,1402.0,47.0,23.0,0,0,0,0,0,0,-9.199999999999989,65894.0
L56898,L,25.75,36.75,90.0,1517.0,36.6,117.0,0,0,0,0,0,0,-11.0,55522.200000000004
M16201,M,25.450000000000045,37.05000000000001,90.0,1328.0,50.5,12.0,0,0,0,0,0,0,-11.599999999999966,67064.0
L56724,L,26.450000000000045,37.85000000000002,90.0,1708.0,31.0,122.0,0,0,0,0,0,0,-11.399999999999977,52948.0
L55162,L,27.850000000000023,39.150000000000034,90.0,1488.0,42.6,107.0,0,0,0,0,0,0,-11.300000000000011,63388.8
H33054,H,29.25,38.450000000000045,90.0,1544.0,39.1,70.0,0,0,0,0,0,0,-9.200000000000045,60370.4
H29743,H,24.55000000000001,35.35000000000002,90.0,1720.0,29.9,210.0,0,0,0,0,0,0,-10.800000000000011,51428.0
L56008,L,24.150000000000034,35.55000000000001,90.0,1587.0,35.8,148.0,0,0,0,0,0,0,-11.399999999999977,56814.6
M17864,M,27.350000000000023,36.75,90.0,1466.0,53.2,172.0,0,0,0,0,0,0,-9.399999999999977,77991.2
L49502,L,26.05000000000001,35.55000000000001,90.0,1514.0,41.9,196.0,0,0,0,0,0,0,-9.5,63436.6
H36081,H,28.25,37.35000000000002,90.0,1536.0,39.9,201.0,0,0,0,0,0,0,-9.100000000000023,61286.399999999994
L54189,L,27.350000000000023,37.35000000000002,90.0,1536.0,36.2,12.0,0,0,0,0,0,0,-10.0,55603.200000000004
L51377,L,29.25,37.85000000000002,90.0,1573.0,36.5,193.0,0,0,0,0,0,0,-8.600000000000023,57414.5
M18409,M,28.650000000000034,37.75,90.0,1299.0,60.4,48.0,0,0,0,0,0,0,-9.099999999999966,78459.59999999999
L55543,L,25.650000000000034,36.55000000000001,90.0,1582.0,45.0,11.0,0,0,0,0,0,0,-10.899999999999977,71190.0
M19063,M,29.150000000000034,37.75,90.0,1558.0,31.9,207.0,0,0,0,0,0,0,-8.599999999999966,49700.2
L56116,L,24.25,35.150000000000034,90.0,1465.0,42.0,13.0,0,0,0,0,0,0,-10.900000000000034,61530.0
M16499,M,24.75,34.650000000000034,90.0,1450.0,43.5,106.0,0,0,0,0,0,0,-9.900000000000034,63075.0
L47240,L,25.650000000000034,35.950000000000045,90.0,1393.0,52.6,167.0,0,0,0,0,0,0,-10.300000000000011,73271.8
M20620,M,28.75,38.150000000000034,90.0,1522.0,35.6,63.0,0,0,0,0,0,0,-9.400000000000034,54183.200000000004
L52316,L,31.05000000000001,40.25,90.0,1735.0,28.9,192.0,0,0,0,0,0,0,-9.199999999999989,50141.5
L49523,L,25.950000000000045,35.150000000000034,90.0,1305.0,61.4,17.0,0,0,0,0,0,0,-9.199999999999989,80127.0
L54797,L,27.350000000000023,38.25,90.0,1556.0,45.3,58.0,0,0,0,0,0,0,-10.899999999999977,70486.79999999999
M15341,M,24.150000000000034,35.85000000000002,90.0,1556.0,39.5,168.0,0,0,0,0,0,0,-11.699999999999989,61462.0
L54854,L,27.350000000000023,38.450000000000045,90.0,1509.0,47.2,202.0,0,0,0,0,0,0,-11.100000000000023,71224.8
H31176,H,25.05000000000001,34.450000000000045,90.0,1460.0,48.6,204.0,0,0,0,0,0,0,-9.400000000000034,70956.0
L54895,L,27.350000000000023,38.35000000000002,90.0,1302.0,49.6,80.0,0,0,0,0,0,0,-11.0,64579.200000000004
M22339,M,26.950000000000045,38.150000000000034,90.0,1523.0,34.1,135.0,0,0,0,0,0,0,-11.199999999999989,51934.3
L53392,L,27.650000000000034,37.450000000000045,90.0,1402.0,53.7,93.0,0,0,0,0,0,0,-9.800000000000011,75287.40000000001
M21626,M,28.25,37.85000000000002,90.0,1427.0,43.2,13.0,0,0,0,0,0,0,-9.600000000000023,61646.4
L51330,L,28.75,37.25,90.0,1610.0,34.8,71.0,0,0,0,0,0,0,-8.5,56027.99999999999
L56569,L,24.450000000000045,34.85000000000002,90.0,1258.0,57.4,139.0,0,0,0,0,0,0,-10.399999999999977,72209.2
L56887,L,25.850000000000023,36.950000000000045,90.0,1699.0,32.9,87.0,0,0,0,0,0,0,-11.100000000000023,55897.1
L56301,L,24.150000000000034,35.150000000000034,90.0,1396.0,45.9,64.0,0,0,0,0,0,0,-11.0,64076.4
M23200,M,25.650000000000034,36.55000000000001,90.0,1480.0,38.1,157.0,0,0,0,0,0,0,-10.899999999999977,56388.0
M23823,M,24.05000000000001,34.75,90.0,1687.0,30.4,82.0,0,0,0,0,0,0,-10.699999999999989,51284.799999999996
H34202,H,30.55000000000001,39.450000000000045,90.0,1514.0,35.5,138.0,0,0,0,0,0,0,-8.900000000000034,53747.0
L48566,L,25.75,37.05000000000001,90.0,1445.0,40.0,129.0,0,0,0,0,0,0,-11.300000000000011,57800.0
M23918,M,24.05000000000001,35.150000000000034,90.0,1326.0,57.2,100.0,0,0,0,0,0,0,-11.100000000000023,75847.2
L50809,L,28.950000000000045,38.150000000000034,90.0,1415.0,44.1,43.0,0,0,0,0,0,0,-9.199999999999989,62401.5
L56129,L,24.25,35.150000000000034,90.0,1284.0,60.3,50.0,0,0,0,0,0,0,-10.900000000000034,77425.2
L50208,L,27.350000000000023,36.35000000000002,90.0,1379.0,55.6,2.0,0,0,0,0,0,0,-9.0,76672.40000000001
L50149,L,27.450000000000045,36.25,90.0,1468.0,44.1,76.0,0,0,0,0,0,0,-8.799999999999955,64738.8
L55826,L,24.350000000000023,35.450000000000045,90.0,1497.0,43.9,91.0,0,0,0,0,0,0,-11.100000000000023,65718.3
L55981,L,24.25,35.450000000000045,90.0,1488.0,36.4,71.0,0,0,0,0,0,0,-11.200000000000045,54163.2
L51443,L,29.450000000000045,37.85000000000002,90.0,1620.0,36.2,139.0,0,0,0,0,0,0,-8.399999999999977,58644.00000000001
L47825,L,24.55000000000001,36.25,90.0,1392.0,44.1,140.0,0,0,0,0,0,0,-11.699999999999989,61387.200000000004
M15201,M,24.25,35.05000000000001,90.0,1530.0,32.6,22.0,0,0,0,0,0,0,-10.800000000000011,49878.0
H37455,H,27.650000000000034,38.75,90.0,1431.0,48.5,25.0,0,0,0,0,0,0,-11.099999999999966,69403.5
L55412,L,25.950000000000045,37.450000000000045,90.0,1326.0,49.7,78.0,0,0,0,0,0,0,-11.5,65902.2
L47254,L,25.75,35.85000000000002,90.0,1601.0,32.3,202.0,0,0,0,0,0,0,-10.100000000000023,51712.299999999996
L55813,L,24.25,35.150000000000034,90.0,1336.0,53.7,61.0,0,0,0,0,0,0,-10.900000000000034,71743.2
H31955,H,25.950000000000045,35.650000000000034,90.0,1553.0,32.6,90.0,0,0,0,0,0,0,-9.699999999999989,50627.8
M22228,M,26.450000000000045,37.05000000000001,90.0,1620.0,30.0,70.0,0,0,0,0,0,0,-10.599999999999966,48600.0
M23954,M,24.150000000000034,34.950000000000045,90.0,1370.0,58.8,199.0,0,0,0,0,0,0,-10.800000000000011,80556.0
M17459,M,26.05000000000001,35.75,90.0,1447.0,39.6,22.0,0,0,0,0,0,0,-9.699999999999989,57301.200000000004
L49753,L,26.350000000000023,36.05000000000001,90.0,1499.0,41.5,175.0,0,0,0,0,0,0,-9.699999999999989,62208.5
L49948,L,26.850000000000023,36.35000000000002,90.0,1675.0,30.2,11.0,0,0,0,0,0,0,-9.5,50585.0
L52011,L,30.350000000000023,38.85000000000002,90.0,1366.0,54.5,30.0,1,0,1,0,0,0,-8.5,74447.0
H39063,H,25.950000000000045,36.85000000000002,90.0,1657.0,33.1,187.0,0,0,0,0,0,0,-10.899999999999977,54846.700000000004
L49286,L,26.25,35.950000000000045,90.0,1645.0,28.6,57.0,0,0,0,0,0,0,-9.700000000000045,47047.0
L56111,L,24.25,35.25,90.0,1434.0,39.9,2.0,0,0,0,0,0,0,-11.0,57216.6
L54263,L,27.55000000000001,37.25,90.0,1416.0,61.8,209.0,1,0,0,1,1,0,-9.699999999999989,87508.8
M16139,M,25.150000000000034,36.450000000000045,90.0,1531.0,40.1,81.0,0,0,0,0,0,0,-11.300000000000011,61393.1
M15664,M,23.75,34.650000000000034,90.0,1544.0,37.6,109.0,0,0,0,0,0,0,-10.900000000000034,58054.4
M24346,M,25.75,36.450000000000045,90.0,1472.0,46.0,199.0,0,0,0,0,0,0,-10.700000000000045,67712.0
L51746,L,29.650000000000034,37.650000000000034,90.0,1402.0,50.5,30.0,0,0,0,0,0,0,-8.0,70801.0
M19701,M,30.150000000000034,38.650000000000034,90.0,1441.0,44.9,61.0,0,0,0,0,0,0,-8.5,64700.9
M20895,M,27.450000000000045,37.75,90.0,1702.0,30.3,91.0,0,0,0,0,0,0,-10.299999999999955,51570.6
H36266,H,27.850000000000023,38.05000000000001,90.0,1602.0,32.7,19.0,0,0,0,0,0,0,-10.199999999999989,52385.4
L55885,L,24.05000000000001,35.450000000000045,90.0,1437.0,52.4,37.0,0,0,0,0,0,0,-11.400000000000034,75298.8
L51357,L,29.350000000000023,37.75,90.0,1477.0,39.2,144.0,0,0,0,0,0,0,-8.399999999999977,57898.4
L48488,L,25.75,36.950000000000045,90.0,1750.0,25.0,156.0,0,0,0,0,0,0,-11.200000000000045,43750.0
L50875,L,29.05000000000001,38.150000000000034,90.0,1530.0,37.3,207.0,1,1,0,0,0,0,-9.100000000000023,57068.99999999999
L51422,L,29.25,37.85000000000002,90.0,1462.0,48.5,81.0,0,0,0,0,0,0,-8.600000000000023,70907.0
M17058,M,26.55000000000001,35.75,90.0,1478.0,41.0,87.0,0,0,0,0,0,0,-9.199999999999989,60598.0
L53330,L,27.950000000000045,37.950000000000045,90.0,1711.0,29.1,170.0,0,0,0,0,0,0,-10.0,49790.100000000006
M15682,M,23.55000000000001,34.450000000000045,90.0,1547.0,34.7,150.0,0,0,0,0,0,0,-10.900000000000034,53680.9
M19865,M,30.55000000000001,39.75,90.0,1444.0,52.7,46.0,0,0,0,0,0,0,-9.199999999999989,76098.8
M19407,M,29.350000000000023,37.25,90.0,1451.0,53.6,194.0,0,0,0,0,0,0,-7.899999999999977,77773.6
M20067,M,30.650000000000034,39.55000000000001,90.0,1488.0,41.3,175.0,0,0,0,0,0,0,-8.899999999999977,61454.399999999994
H32468,H,27.05000000000001,36.150000000000034,90.0,1342.0,48.7,68.0,0,0,0,0,0,0,-9.100000000000023,65355.4
L50490,L,28.150000000000034,37.25,90.0,1346.0,46.7,90.0,0,0,0,0,0,0,-9.099999999999966,62858.200000000004
H36635,H,26.55000000000001,36.450000000000045,90.0,1433.0,49.6,129.0,0,0,0,0,0,0,-9.900000000000034,71076.8
L55699,L,25.150000000000034,36.450000000000045,90.0,1420.0,44.1,197.0,0,0,0,0,0,0,-11.300000000000011,62622.0
L48012,L,23.450000000000045,34.25,90.0,1521.0,38.6,173.0,0,0,0,0,0,0,-10.799999999999955,58710.6
H37057,H,27.25,38.25,90.0,1427.0,50.7,122.0,0,0,0,0,0,0,-11.0,72348.90000000001
L47234,L,25.55000000000001,35.85000000000002,90.0,1691.0,30.1,154.0,0,0,0,0,0,0,-10.300000000000011,50899.100000000006
M21165,M,27.950000000000045,37.35000000000002,90.0,1603.0,32.6,121.0,0,0,0,0,0,0,-9.399999999999977,52257.8
M16341,M,25.05000000000001,36.05000000000001,90.0,1332.0,60.2,147.0,0,0,0,0,0,0,-11.0,80186.40000000001
M19733,M,30.55000000000001,39.25,90.0,1474.0,38.8,139.0,0,0,0,0,0,0,-8.699999999999989,57191.2
L55218,L,27.55000000000001,38.650000000000034,90.0,1486.0,47.3,19.0,0,0,0,0,0,0,-11.100000000000023,70287.8
L52106,L,30.25,39.150000000000034,90.0,1502.0,36.0,69.0,0,0,0,0,0,0,-8.900000000000034,54072.0
L52977,L,28.450000000000045,37.85000000000002,90.0,1431.0,42.6,158.0,0,0,0,0,0,0,-9.399999999999977,60960.6
L57011,L,25.25,36.150000000000034,90.0,1542.0,35.4,208.0,0,0,0,0,0,0,-10.900000000000034,54586.799999999996
L52263,L,30.950000000000045,39.950000000000045,90.0,1327.0,54.1,57.0,0,0,0,0,0,0,-9.0,71790.7
M21505,M,28.350000000000023,37.25,90.0,1486.0,39.6,144.0,0,0,0,0,0,0,-8.899999999999977,58845.6
L47948,L,23.75,34.85000000000002,90.0,1713.0,29.3,13.0,0,0,0,0,0,0,-11.100000000000023,50190.9
H36725,H,26.850000000000023,37.35000000000002,90.0,1558.0,36.7,137.0,0,0,0,0,0,0,-10.5,57178.600000000006
H37891,H,25.350000000000023,36.450000000000045,90.0,1579.0,33.5,91.0,0,0,0,0,0,0,-11.100000000000023,52896.5
M23774,M,24.150000000000034,35.35000000000002,90.0,1524.0,49.3,176.0,0,0,0,0,0,0,-11.199999999999989,75133.2
H30365,H,22.450000000000045,33.150000000000034,90.0,1509.0,35.8,60.0,0,0,0,0,0,0,-10.699999999999989,54022.2
H31173,H,24.850000000000023,34.25,90.0,1606.0,35.2,195.0,0,0,0,0,0,0,-9.399999999999977,56531.200000000004
M21564,M,28.350000000000023,37.55000000000001,90.0,1510.0,36.0,64.0,0,0,0,0,0,0,-9.199999999999989,54360.0
L52362,L,30.75,39.950000000000045,90.0,1586.0,31.9,108.0,0,0,0,0,0,0,-9.200000000000045,50593.399999999994
L50881,L,28.950000000000045,38.05000000000001,90.0,1417.0,48.0,13.0,0,0,0,0,0,0,-9.099999999999966,68016.0
M19103,M,29.25,37.75,90.0,1435.0,42.3,83.0,0,0,0,0,0,0,-8.5,60700.49999999999
H30102,H,24.450000000000045,35.85000000000002,90.0,1735.0,26.4,41.0,0,0,0,0,0,0,-11.399999999999977,45804.0
M19804,M,30.450000000000045,39.55000000000001,90.0,1765.0,27.5,115.0,0,0,0,0,0,0,-9.099999999999966,48537.5
M15826,M,22.650000000000034,33.35000000000002,90.0,1641.0,32.2,101.0,0,0,0,0,0,0,-10.699999999999989,52840.200000000004
L56664,L,25.75,36.450000000000045,90.0,1663.0,33.7,195.0,0,0,0,0,0,0,-10.700000000000045,56043.100000000006
L51937,L,30.25,38.450000000000045,90.0,1497.0,42.8,58.0,0,0,0,0,0,0,-8.200000000000045,64071.6
L56725,L,26.450000000000045,37.85000000000002,90.0,1430.0,38.3,124.0,0,0,0,0,0,0,-11.399999999999977,54768.99999999999
M21180,M,27.650000000000034,37.05000000000001,90.0,1304.0,52.5,157.0,0,0,0,0,0,0,-9.399999999999977,68460.0
H35389,H,27.350000000000023,37.55000000000001,90.0,1654.0,28.6,161.0,0,0,0,0,0,0,-10.199999999999989,47304.4
L50752,L,28.650000000000034,37.450000000000045,90.0,1451.0,50.7,108.0,0,0,0,0,0,0,-8.800000000000011,73565.7
L49170,L,25.05000000000001,34.650000000000034,90.0,1423.0,48.1,183.0,0,0,0,0,0,0,-9.600000000000023,68446.3
L48385,L,23.650000000000034,34.85000000000002,90.0,1371.0,54.5,86.0,0,0,0,0,0,0,-11.199999999999989,74719.5
L53963,L,28.150000000000034,37.650000000000034,90.0,1450.0,46.9,59.0,0,0,0,0,0,0,-9.5,68005.0
L53670,L,27.55000000000001,36.75,90.0,1383.0,44.5,176.0,0,0,0,0,0,0,-9.199999999999989,61543.5
L55789,L,24.25,35.150000000000034,90.0,1475.0,40.5,222.0,1,1,0,0,0,0,-10.900000000000034,59737.5
H39392,H,25.450000000000045,35.150000000000034,90.0,1377.0,52.1,181.0,0,0,0,0,0,0,-9.699999999999989,71741.7
L55153,L,27.950000000000045,39.150000000000034,90.0,1682.0,29.7,83.0,0,0,0,0,0,0,-11.199999999999989,49955.4
L48805,L,24.75,34.650000000000034,90.0,1365.0,46.9,73.0,0,0,0,0,0,0,-9.900000000000034,64018.5
L47716,L,24.25,36.150000000000034,90.0,1759.0,24.8,81.0,0,0,0,0,0,0,-11.900000000000034,43623.200000000004
L55946,L,24.350000000000023,35.650000000000034,90.0,1360.0,50.7,190.0,0,0,0,0,0,0,-11.300000000000011,68952.0
M22830,M,27.75,38.950000000000045,90.0,1297.0,48.6,76.0,0,0,0,0,0,0,-11.200000000000045,63034.200000000004
M19072,M,28.850000000000023,37.450000000000045,90.0,1392.0,60.5,10.0,0,0,0,0,0,0,-8.600000000000023,84216.0
M18367,M,28.55000000000001,37.650000000000034,90.0,1502.0,34.4,157.0,0,0,0,0,0,0,-9.100000000000023,51668.799999999996
L55573,L,25.350000000000023,36.35000000000002,90.0,1428.0,43.5,87.0,0,0,0,0,0,0,-11.0,62118.0
L54292,L,27.75,37.25,90.0,1427.0,47.0,65.0,0,0,0,0,0,0,-9.5,67069.0
H34076,H,30.150000000000034,38.05000000000001,90.0,1607.0,31.7,34.0,0,0,0,0,0,0,-7.899999999999977,50941.9
H33435,H,28.950000000000045,37.75,90.0,1452.0,42.5,198.0,0,0,0,0,0,0,-8.799999999999955,61710.0
M16714,M,24.450000000000045,34.05000000000001,90.0,1470.0,42.6,44.0,0,0,0,0,0,0,-9.599999999999966,62622.0
M24285,M,24.950000000000045,35.450000000000045,90.0,1415.0,46.3,27.0,0,0,0,0,0,0,-10.5,65514.49999999999
M17890,M,27.25,36.450000000000045,90.0,1563.0,34.0,6.0,0,0,0,0,0,0,-9.200000000000045,53142.0
L48825,L,24.75,34.650000000000034,90.0,1538.0,38.5,123.0,0,0,0,0,0,0,-9.900000000000034,59213.0
L50597,L,28.450000000000045,37.450000000000045,90.0,1621.0,33.7,137.0,0,0,0,0,0,0,-9.0,54627.700000000004
L50656,L,28.650000000000034,37.450000000000045,90.0,1522.0,43.8,70.0,0,0,0,0,0,0,-8.800000000000011,66663.59999999999
M16652,M,24.950000000000045,34.55000000000001,90.0,1445.0,48.0,73.0,0,0,0,0,0,0,-9.599999999999966,69360.0
L50548,L,28.350000000000023,37.650000000000034,90.0,1350.0,58.5,13.0,0,0,0,0,0,0,-9.300000000000011,78975.0
H36610,H,26.950000000000045,36.950000000000045,90.0,1426.0,42.7,64.0,0,0,0,0,0,0,-10.0,60890.200000000004
L56821,L,26.150000000000034,37.25,90.0,1365.0,53.9,171.0,0,0,0,0,0,0,-11.099999999999966,73573.5
L47306,L,25.850000000000023,35.450000000000045,90.0,1329.0,60.5,120.0,0,0,0,0,0,0,-9.600000000000023,80404.5
L53139,L,27.450000000000045,37.650000000000034,90.0,1378.0,51.2,119.0,0,0,0,0,0,0,-10.199999999999989,70553.6
L51056,L,29.450000000000045,38.650000000000034,90.0,1627.0,31.8,23.0,0,0,0,0,0,0,-9.199999999999989,51738.6
L51631,L,29.350000000000023,37.150000000000034,90.0,1549.0,40.9,170.0,0,0,0,0,0,0,-7.800000000000011,63354.1
M18391,M,28.75,37.75,90.0,1641.0,33.2,3.0,0,0,0,0,0,0,-9.0,54481.200000000004
L48007,L,23.350000000000023,34.150000000000034,90.0,1501.0,42.1,162.0,0,0,0,0,0,0,-10.800000000000011,63192.1
L54970,L,26.950000000000045,38.25,90.0,1729.0,29.3,71.0,0,0,0,0,0,0,-11.299999999999955,50659.700000000004
L48164,L,23.150000000000034,33.950000000000045,90.0,1419.0,48.6,142.0,0,0,0,0,0,0,-10.800000000000011,68963.40000000001
L54963,L,27.150000000000034,38.35000000000002,90.0,1667.0,28.8,56.0,0,0,0,0,0,0,-11.199999999999989,48009.6
L49623,L,25.950000000000045,35.35000000000002,90.0,1647.0,35.0,74.0,0,0,0,0,0,0,-9.399999999999977,57645.0
L55734,L,24.950000000000045,35.85000000000002,90.0,1592.0,33.9,85.0,0,0,0,0,0,0,-10.899999999999977,53968.799999999996
L52959,L,28.450000000000045,37.950000000000045,90.0,1680.0,29.2,111.0,0,0,0,0,0,0,-9.5,49056.0
M16976,M,26.25,35.85000000000002,90.0,1381.0,44.9,88.0,0,0,0,0,0,0,-9.600000000000023,62006.9
M15653,M,23.650000000000034,34.75,90.0,1683.0,31.8,76.0,0,0,0,0,0,0,-11.099999999999966,53519.4
M21758,M,27.850000000000023,38.450000000000045,90.0,1448.0,43.9,145.0,0,0,0,0,0,0,-10.600000000000023,63567.2
L49854,L,26.55000000000001,36.150000000000034,90.0,1546.0,37.2,4.0,0,0,0,0,0,0,-9.600000000000023,57511.200000000004
L47274,L,25.850000000000023,35.75,90.0,1622.0,31.9,42.0,0,0,0,0,0,0,-9.899999999999977,51741.799999999996
L51405,L,28.950000000000045,37.55000000000001,90.0,1359.0,49.3,41.0,1,0,1,0,0,0,-8.599999999999966,66998.7
L50936,L,29.150000000000034,37.950000000000045,90.0,1546.0,33.1,156.0,0,0,0,0,0,0,-8.800000000000011,51172.600000000006
L49551,L,26.150000000000034,35.35000000000002,90.0,1409.0,44.8,91.0,0,0,0,0,0,0,-9.199999999999989,63123.2
M24248,M,24.350000000000023,34.75,90.0,1544.0,37.9,136.0,0,0,0,0,0,0,-10.399999999999977,58517.6
L50408,L,27.350000000000023,36.150000000000034,90.0,1475.0,46.8,94.0,0,0,0,0,0,0,-8.800000000000011,69030.0
M22723,M,27.350000000000023,38.75,90.0,1511.0,44.5,30.0,0,0,0,0,0,0,-11.399999999999977,67239.5
L53539,L,26.950000000000045,36.650000000000034,90.0,1430.0,56.7,44.0,0,0,0,0,0,0,-9.699999999999989,81081.0
L56376,L,24.850000000000023,35.75,90.0,1607.0,37.7,49.0,0,0,0,0,0,0,-10.899999999999977,60583.9
L49045,L,24.75,34.55000000000001,90.0,1567.0,34.7,74.0,0,0,0,0,0,0,-9.800000000000011,54374.9
L49423,L,26.05000000000001,35.25,90.0,1465.0,35.0,201.0,0,0,0,0,0,0,-9.199999999999989,51275.0
L49516,L,26.05000000000001,35.25,90.0,1434.0,46.8,2.0,0,0,0,0,0,0,-9.199999999999989,67111.2
M15279,M,24.150000000000034,35.150000000000034,90.0,1501.0,38.2,2.0,0,0,0,0,0,0,-11.0,57338.200000000004
M15782,M,22.350000000000023,32.75,90.0,1380.0,52.4,202.0,0,0,0,0,0,0,-10.399999999999977,72312.0
L52588,L,29.450000000000045,39.25,90.0,1628.0,33.0,15.0,0,0,0,0,0,0,-9.799999999999955,53724.0
L52968,L,28.650000000000034,38.35000000000002,90.0,1443.0,43.3,134.0,0,0,0,0,0,0,-9.699999999999989,62481.899999999994
L54847,L,27.450000000000045,38.55000000000001,90.0,1528.0,43.9,185.0,0,0,0,0,0,0,-11.099999999999966,67079.2
M20427,M,29.350000000000023,38.85000000000002,90.0,1445.0,54.8,0.0,0,0,0,0,0,0,-9.5,79186.0
L55315,L,26.450000000000045,37.85000000000002,90.0,1554.0,36.3,62.0,0,0,0,0,0,0,-11.399999999999977,56410.2
M16062,M,23.850000000000023,34.950000000000045,90.0,1355.0,51.4,76.0,0,0,0,0,0,0,-11.100000000000023,69647.0
L52945,L,28.55000000000001,38.150000000000034,90.0,1708.0,30.5,77.0,0,0,0,0,0,0,-9.600000000000023,52094.0
M18547,M,28.850000000000023,38.05000000000001,90.0,1625.0,30.7,189.0,0,0,0,0,0,0,-9.199999999999989,49887.5
L49177,L,25.150000000000034,34.950000000000045,90.0,1672.0,41.3,0.0,0,0,0,0,0,0,-9.800000000000011,69053.59999999999
L49372,L,26.450000000000045,35.85000000000002,90.0,1472.0,48.8,72.0,0,0,0,0,0,0,-9.399999999999977,71833.59999999999
H32126,H,26.55000000000001,36.05000000000001,90.0,1302.0,55.5,87.0,0,0,0,0,0,0,-9.5,72261.0
M17050,M,26.450000000000045,35.950000000000045,90.0,1471.0,44.3,67.0,0,0,0,0,0,0,-9.5,65165.299999999996
L51850,L,30.05000000000001,38.25,90.0,1610.0,35.5,63.0,0,0,0,0,0,0,-8.199999999999989,57155.0
H35398,H,27.55000000000001,37.650000000000034,90.0,1346.0,52.0,193.0,0,0,0,0,0,0,-10.100000000000023,69992.0
M22664,M,26.75,38.25,90.0,1480.0,44.9,108.0,0,0,0,0,0,0,-11.5,66452.0
L49316,L,26.05000000000001,35.75,90.0,1588.0,41.5,150.0,0,0,0,0,0,0,-9.699999999999989,65902.0
L48245,L,23.650000000000034,34.75,90.0,1718.0,25.2,148.0,0,0,0,0,0,0,-11.099999999999966,43293.6
L52648,L,29.650000000000034,39.150000000000034,90.0,1764.0,29.9,162.0,0,0,0,0,0,0,-9.5,52743.6
L50571,L,28.350000000000023,37.55000000000001,90.0,1466.0,47.3,77.0,0,0,0,0,0,0,-9.199999999999989,69341.8
M20275,M,29.450000000000045,39.25,90.0,1410.0,50.3,33.0,0,0,0,0,0,0,-9.799999999999955,70923.0
M17420,M,26.25,35.950000000000045,90.0,1326.0,62.0,142.0,0,0,0,0,0,0,-9.700000000000045,82212.0
H32049,H,26.75,36.450000000000045,90.0,1462.0,51.0,119.0,0,0,0,0,0,0,-9.700000000000045,74562.0
L52436,L,30.350000000000023,39.85000000000002,90.0,1393.0,51.6,80.0,0,0,0,0,0,0,-9.5,71878.8
M18390,M,28.75,37.75,90.0,1441.0,43.7,0.0,0,0,0,0,0,0,-9.0,62971.700000000004
L55747,L,24.850000000000023,35.55000000000001,90.0,1511.0,45.8,114.0,0,0,0,0,0,0,-10.699999999999989,69203.8
M15095,M,24.950000000000045,35.150000000000034,90.0,1680.0,33.7,185.0,0,0,0,0,0,0,-10.199999999999989,56616.00000000001
L48784,L,24.650000000000034,34.650000000000034,90.0,1452.0,39.8,21.0,0,0,0,0,0,0,-10.0,57789.6
M18350,M,28.75,37.75,90.0,1763.0,28.4,103.0,0,0,0,0,0,0,-9.0,50069.2
M24145,M,25.05000000000001,35.85000000000002,90.0,1410.0,47.6,76.0,0,0,0,0,0,0,-10.800000000000011,67116.0
L48799,L,24.75,34.55000000000001,90.0,1590.0,34.6,57.0,0,0,0,0,0,0,-9.800000000000011,55014.0
H34701,H,30.650000000000034,40.05000000000001,90.0,1506.0,46.9,154.0,0,0,0,0,0,0,-9.399999999999977,70631.4
M24815,M,25.05000000000001,34.75,90.0,1462.0,38.8,124.0,0,0,0,0,0,0,-9.699999999999989,56725.6
L53218,L,27.55000000000001,37.85000000000002,90.0,1496.0,38.3,99.0,0,0,0,0,0,0,-10.300000000000011,57296.799999999996
M15120,M,25.05000000000001,35.150000000000034,90.0,1522.0,49.1,22.0,0,0,0,0,0,0,-10.100000000000023,74730.2
M24225,M,24.850000000000023,35.450000000000045,90.0,1254.0,55.8,65.0,0,0,0,0,0,0,-10.600000000000023,69973.2
M23953,M,24.150000000000034,34.950000000000045,90.0,1709.0,30.6,196.0,0,0,0,0,0,0,-10.800000000000011,52295.4
M16886,M,25.55000000000001,35.35000000000002,90.0,1360.0,52.9,69.0,0,0,0,0,0,0,-9.800000000000011,71944.0
M16777,M,24.950000000000045,34.75,90.0,1463.0,47.3,206.0,0,0,0,0,0,0,-9.799999999999955,69199.9
L49008,L,24.650000000000034,34.05000000000001,90.0,1351.0,56.3,174.0,0,0,0,0,0,0,-9.399999999999977,76061.3
L53413,L,28.05000000000001,37.75,90.0,1467.0,37.1,153.0,0,0,0,0,0,0,-9.699999999999989,54425.700000000004
M19068,M,29.150000000000034,37.75,90.0,1627.0,32.3,0.0,0,0,0,0,0,0,-8.599999999999966,52552.1
L56095,L,23.950000000000045,35.150000000000034,90.0,1403.0,54.1,179.0,0,0,0,0,0,0,-11.199999999999989,75902.3
M21329,M,27.25,36.450000000000045,90.0,1521.0,35.0,119.0,0,0,0,0,0,0,-9.200000000000045,53235.0
L56593,L,24.950000000000045,35.450000000000045,90.0,1439.0,44.9,205.0,0,0,0,0,0,0,-10.5,64611.1
M19149,M,28.650000000000034,36.85000000000002,90.0,1781.0,23.9,198.0,0,0,0,0,0,0,-8.199999999999989,42565.899999999994
L47297,L,25.650000000000034,35.450000000000045,90.0,1599.0,33.0,101.0,0,0,0,0,0,0,-9.800000000000011,52767.0
M23697,M,24.350000000000023,35.950000000000045,90.0,1540.0,38.5,176.0,0,0,0,0,0,0,-11.600000000000023,59290.0
L55375,L,26.25,37.650000000000034,90.0,1376.0,53.9,215.0,1,0,0,0,1,0,-11.400000000000034,74166.4
L55839,L,24.350000000000023,35.35000000000002,90.0,1375.0,55.6,128.0,0,0,0,0,0,0,-11.0,76450.0
M22349,M,27.05000000000001,38.450000000000045,90.0,1751.0,28.0,162.0,0,0,0,0,0,0,-11.400000000000034,49028.0
M14865,M,24.950000000000045,35.450000000000045,90.0,1425.0,41.9,11.0,0,0,0,0,0,0,-10.5,59707.5
M20202,M,30.350000000000023,39.650000000000034,90.0,1375.0,45.7,89.0,0,0,0,0,0,0,-9.300000000000011,62837.50000000001
L49770,L,25.850000000000023,35.55000000000001,90.0,1396.0,48.6,0.0,0,0,0,0,0,0,-9.699999999999989,67845.6
L50697,L,28.850000000000023,37.85000000000002,90.0,1550.0,35.2,184.0,0,0,0,0,0,0,-9.0,54560.00000000001
L54166,L,27.55000000000001,37.950000000000045,90.0,1688.0,30.7,161.0,0,0,0,0,0,0,-10.400000000000034,51821.6
L53947,L,28.150000000000034,37.75,90.0,1509.0,41.7,16.0,0,0,0,0,0,0,-9.599999999999966,62925.3
L48785,L,24.650000000000034,34.650000000000034,90.0,1396.0,42.5,23.0,0,0,0,0,0,0,-10.0,59330.0
L48913,L,25.25,34.85000000000002,90.0,1515.0,42.8,125.0,0,0,0,0,0,0,-9.600000000000023,64841.99999999999
M24201,M,25.150000000000034,35.75,90.0,1363.0,46.1,5.0,0,0,0,0,0,0,-10.599999999999966,62834.3
L50992,L,28.850000000000023,37.450000000000045,90.0,1392.0,50.0,84.0,0,0,0,0,0,0,-8.600000000000023,69600.0
H39038,H,25.850000000000023,36.950000000000045,90.0,1555.0,38.6,118.0,0,0,0,0,0,0,-11.100000000000023,60023.0
M20261,M,29.450000000000045,39.150000000000034,90.0,1454.0,54.8,253.0,1,1,0,0,1,0,-9.699999999999989,79679.2
L49919,L,26.650000000000034,36.05000000000001,90.0,1572.0,35.4,158.0,0,0,0,0,0,0,-9.399999999999977,55648.799999999996
L54071,L,27.75,38.35000000000002,90.0,1505.0,41.1,129.0,0,0,0,0,0,0,-10.600000000000023,61855.5
L55123,L,27.650000000000034,38.55000000000001,90.0,1753.0,29.0,8.0,0,0,0,0,0,0,-10.899999999999977,50837.0
L53551,L,26.950000000000045,36.450000000000045,90.0,1546.0,36.7,77.0,0,0,0,0,0,0,-9.5,56738.200000000004
L55438,L,25.950000000000045,37.450000000000045,90.0,1602.0,39.7,144.0,0,0,0,0,0,0,-11.5,63599.4
M21028,M,27.55000000000001,37.450000000000045,90.0,1778.0,27.1,215.0,0,0,0,0,0,0,-9.900000000000034,48183.8
L50776,L,28.55000000000001,37.35000000000002,90.0,1354.0,50.0,169.0,0,0,0,0,0,0,-8.800000000000011,67700.0
L53468,L,27.850000000000023,37.35000000000002,90.0,1317.0,50.9,75.0,0,0,0,0,0,0,-9.5,67035.3
M19492,M,29.75,38.05000000000001,90.0,1330.0,53.7,200.0,1,0,1,0,0,0,-8.300000000000011,71421.0
L47305,L,25.75,35.450000000000045,90.0,1560.0,32.2,118.0,0,0,0,0,0,0,-9.700000000000045,50232.00000000001
M22501,M,27.25,38.25,90.0,1352.0,57.3,116.0,0,0,0,0,0,0,-11.0,77469.59999999999
L48476,L,25.55000000000001,36.75,90.0,1621.0,34.1,130.0,0,0,0,0,0,0,-11.199999999999989,55276.100000000006
M16836,M,24.950000000000045,34.55000000000001,90.0,1419.0,47.4,142.0,0,0,0,0,0,0,-9.599999999999966,67260.59999999999
L56761,L,26.25,37.450000000000045,90.0,1418.0,53.1,10.0,0,0,0,0,0,0,-11.200000000000045,75295.8
H38719,H,25.150000000000034,35.950000000000045,90.0,1646.0,30.2,125.0,0,0,0,0,0,0,-10.800000000000011,49709.2
M22533,M,27.350000000000023,38.450000000000045,90.0,1476.0,39.1,199.0,0,0,0,0,0,0,-11.100000000000023,57711.6
L55352,L,26.75,38.25,90.0,1596.0,28.9,160.0,0,0,0,0,0,0,-11.5,46124.399999999994
M15778,M,22.150000000000034,32.55000000000001,90.0,1473.0,38.5,189.0,0,0,0,0,0,0,-10.399999999999977,56710.5
M16506,M,24.75,34.55000000000001,90.0,1527.0,42.8,125.0,0,0,0,0,0,0,-9.800000000000011,65355.6
H34536,H,31.05000000000001,40.35000000000002,90.0,1684.0,29.8,156.0,0,0,0,0,0,0,-9.300000000000011,50183.200000000004
L52306,L,31.150000000000034,40.35000000000002,90.0,1802.0,25.4,170.0,0,0,0,0,0,0,-9.199999999999989,45770.799999999996
L51801,L,29.850000000000023,38.05000000000001,90.0,1341.0,51.0,174.0,1,0,1,0,0,0,-8.199999999999989,68391.0
L53989,L,27.75,37.650000000000034,90.0,1490.0,38.1,125.0,0,0,0,0,0,0,-9.900000000000034,56769.0
L47544,L,24.450000000000045,35.25,90.0,1407.0,55.2,86.0,0,0,0,0,0,0,-10.799999999999955,77666.40000000001
M23010,M,26.350000000000023,37.55000000000001,90.0,1424.0,41.3,101.0,0,0,0,0,0,0,-11.199999999999989,58811.2
L47235,L,25.650000000000034,35.950000000000045,90.0,1512.0,40.7,156.0,0,0,0,0,0,0,-10.300000000000011,61538.4
L47818,L,24.850000000000023,36.450000000000045,90.0,1536.0,37.3,120.0,0,0,0,0,0,0,-11.600000000000023,57292.799999999996
H29716,H,24.650000000000034,35.25,90.0,1512.0,35.1,138.0,0,0,0,0,0,0,-10.599999999999966,53071.200000000004
L52991,L,28.150000000000034,37.950000000000045,90.0,1454.0,40.3,191.0,0,0,0,0,0,0,-9.800000000000011,58596.2
L50824,L,29.05000000000001,38.35000000000002,90.0,1548.0,32.4,81.0,0,0,0,0,0,0,-9.300000000000011,50155.2
L51323,L,28.55000000000001,36.950000000000045,90.0,1500.0,39.6,56.0,0,0,0,0,0,0,-8.400000000000034,59400.0
L53673,L,27.55000000000001,36.650000000000034,90.0,1363.0,53.1,183.0,0,0,0,0,0,0,-9.100000000000023,72375.3
H38822,H,24.75,35.25,90.0,1637.0,34.5,191.0,0,0,0,0,0,0,-10.5,56476.5
H36351,H,27.450000000000045,37.950000000000045,90.0,1452.0,40.2,28.0,0,0,0,0,0,0,-10.5,58370.4
H32007,H,25.75,35.35000000000002,90.0,1415.0,54.0,6.0,0,0,0,0,0,0,-9.600000000000023,76410.0
L49573,L,26.05000000000001,35.35000000000002,90.0,1544.0,41.6,146.0,0,0,0,0,0,0,-9.300000000000011,64230.4
H36395,H,27.650000000000034,38.05000000000001,90.0,1612.0,32.5,143.0,0,0,0,0,0,0,-10.399999999999977,52390.0
L53857,L,28.350000000000023,37.55000000000001,90.0,1435.0,38.5,224.0,0,0,0,0,0,0,-9.199999999999989,55247.5
M18760,M,28.950000000000045,37.950000000000045,90.0,1450.0,51.6,86.0,0,0,0,0,0,0,-9.0,74820.0
M20445,M,29.350000000000023,38.85000000000002,90.0,1642.0,29.1,46.0,0,0,0,0,0,0,-9.5,47782.200000000004
L56540,L,24.850000000000023,35.450000000000045,90.0,1532.0,42.6,54.0,0,0,0,0,0,0,-10.600000000000023,65263.200000000004
L47851,L,24.350000000000023,35.75,90.0,1554.0,34.8,204.0,0,0,0,0,0,0,-11.399999999999977,54079.2
M19048,M,29.150000000000034,37.650000000000034,90.0,1611.0,31.8,169.0,0,0,0,0,0,0,-8.5,51229.8
L47846,L,24.350000000000023,35.85000000000002,90.0,1470.0,43.5,191.0,0,0,0,0,0,0,-11.5,63945.0
L50446,L,28.150000000000034,36.950000000000045,90.0,1269.0,56.8,195.0,1,0,0,0,1,0,-8.800000000000011,72079.2
M16747,M,24.75,34.35000000000002,90.0,1642.0,32.4,126.0,0,0,0,0,0,0,-9.600000000000023,53200.799999999996
L53211,L,27.450000000000045,37.55000000000001,90.0,1455.0,40.6,82.0,0,0,0,0,0,0,-10.099999999999966,59073.0
L53418,L,28.150000000000034,37.650000000000034,90.0,1390.0,57.4,164.0,0,0,0,0,0,0,-9.5,79786.0
L54530,L,26.55000000000001,37.05000000000001,90.0,1469.0,39.5,26.0,0,0,0,0,0,0,-10.5,58025.5
H37244,H,26.75,38.05000000000001,90.0,1495.0,35.8,175.0,0,0,0,0,0,0,-11.300000000000011,53520.99999999999
L53434,L,27.850000000000023,37.35000000000002,90.0,1408.0,47.0,202.0,0,0,0,0,0,0,-9.5,66176.0
L49086,L,24.75,34.450000000000045,90.0,1430.0,52.4,178.0,0,0,0,0,0,0,-9.700000000000045,74932.0
L52749,L,29.25,38.85000000000002,90.0,1508.0,36.9,5.0,0,0,0,0,0,0,-9.600000000000023,55645.2
M22801,M,27.55000000000001,38.55000000000001,90.0,1499.0,38.9,3.0,0,0,0,0,0,0,-11.0,58311.1
L51344,L,29.05000000000001,37.450000000000045,90.0,1346.0,47.5,109.0,1,0,1,0,0,0,-8.400000000000034,63935.0
L53151,L,27.350000000000023,37.650000000000034,90.0,1509.0,33.0,153.0,0,0,0,0,0,0,-10.300000000000011,49797.0
M17692,M,27.25,36.150000000000034,90.0,1467.0,40.3,166.0,0,0,0,0,0,0,-8.900000000000034,59120.1
L50652,L,28.650000000000034,37.55000000000001,90.0,1523.0,43.3,60.0,0,0,0,0,0,0,-8.899999999999977,65945.9
L47317,L,25.55000000000001,35.450000000000045,90.0,1297.0,55.3,148.0,0,0,0,0,0,0,-9.900000000000034,71724.09999999999
H31594,H,26.450000000000045,36.05000000000001,90.0,1597.0,36.3,35.0,0,0,0,0,0,0,-9.599999999999966,57971.1
L54910,L,27.450000000000045,38.75,90.0,1472.0,44.2,126.0,0,0,0,0,0,0,-11.299999999999955,65062.4
M18037,M,27.05000000000001,36.35000000000002,90.0,1564.0,33.4,183.0,0,0,0,0,0,0,-9.300000000000011,52237.6
L52034,L,30.55000000000001,39.05000000000001,90.0,1568.0,33.8,96.0,0,0,0,0,0,0,-8.5,52998.399999999994
L54828,L,27.25,38.25,90.0,1552.0,28.8,135.0,0,0,0,0,0,0,-11.0,44697.6
L51441,L,29.55000000000001,37.950000000000045,90.0,1730.0,28.1,135.0,0,0,0,0,0,0,-8.400000000000034,48613.0
H30745,H,25.75,37.05000000000001,90.0,1771.0,26.8,216.0,0,0,0,0,0,0,-11.300000000000011,47462.8
L53421,L,27.950000000000045,37.35000000000002,90.0,1324.0,52.4,171.0,0,0,0,0,0,0,-9.399999999999977,69377.59999999999
M24847,M,25.650000000000034,35.450000000000045,90.0,1500.0,37.1,210.0,0,0,0,0,0,0,-9.800000000000011,55650.0
L54061,L,27.850000000000023,38.25,90.0,1573.0,37.6,103.0,0,0,0,0,0,0,-10.399999999999977,59144.8
L51853,L,30.25,38.35000000000002,90.0,1501.0,36.2,69.0,0,0,0,0,0,0,-8.100000000000023,54336.200000000004
M21856,M,27.350000000000023,37.450000000000045,90.0,1621.0,32.0,184.0,0,0,0,0,0,0,-10.100000000000023,51872.0
L48432,L,24.350000000000023,35.650000000000034,90.0,1533.0,41.5,223.0,0,0,0,0,0,0,-11.300000000000011,63619.5
L50554,L,28.25,37.55000000000001,90.0,1376.0,50.6,25.0,0,0,0,0,0,0,-9.300000000000011,69625.6
L49994,L,26.850000000000023,36.150000000000034,90.0,1395.0,56.5,122.0,0,0,0,0,0,0,-9.300000000000011,78817.5
M19579,M,30.25,38.55000000000001,90.0,1690.0,34.9,189.0,0,0,0,0,0,0,-8.300000000000011,58981.0
M21404,M,28.25,37.55000000000001,90.0,1470.0,46.5,101.0,0,0,0,0,0,0,-9.300000000000011,68355.0
L55607,L,25.950000000000045,37.25,90.0,1505.0,46.1,176.0,0,0,0,0,0,0,-11.299999999999955,69380.5
L47950,L,23.650000000000034,34.85000000000002,90.0,1391.0,54.4,17.0,0,0,0,0,0,0,-11.199999999999989,75670.4
L47429,L,24.850000000000023,35.150000000000034,90.0,1405.0,56.2,218.0,1,0,0,0,1,0,-10.300000000000011,78961.0
L50599,L,28.350000000000023,37.35000000000002,90.0,1611.0,33.8,144.0,0,0,0,0,0,0,-9.0,54451.799999999996
L52156,L,30.55000000000001,39.55000000000001,90.0,1359.0,56.8,194.0,1,0,0,0,1,0,-9.0,77191.2
L52745,L,29.25,38.75,90.0,1671.0,29.9,204.0,0,0,0,0,0,0,-9.5,49962.899999999994
L55119,L,27.650000000000034,38.650000000000034,90.0,1417.0,43.4,223.0,0,0,0,0,0,0,-11.0,61497.799999999996
H30130,H,24.25,35.450000000000045,90.0,1420.0,45.8,120.0,0,0,0,0,0,0,-11.200000000000045,65035.99999999999
M21460,M,28.350000000000023,37.450000000000045,90.0,1424.0,47.0,26.0,0,0,0,0,0,0,-9.100000000000023,66928.0
H38896,H,25.650000000000034,36.450000000000045,90.0,1309.0,57.4,185.0,0,0,0,0,0,0,-10.800000000000011,75136.59999999999
L49180,L,25.25,34.950000000000045,90.0,1279.0,53.1,9.0,0,0,0,0,0,0,-9.700000000000045,67914.90000000001
M23035,M,26.75,38.150000000000034,90.0,1445.0,41.2,169.0,0,0,0,0,0,0,-11.400000000000034,59534.00000000001
L47584,L,24.150000000000034,35.450000000000045,90.0,1297.0,45.9,184.0,0,0,0,0,0,0,-11.300000000000011,59532.299999999996
L56628,L,25.05000000000001,35.85000000000002,90.0,1780.0,29.3,91.0,0,0,0,0,0,0,-10.800000000000011,52154.0
L48813,L,24.75,34.75,90.0,1476.0,45.2,91.0,0,0,0,0,0,0,-10.0,66715.2
L57033,L,25.450000000000045,36.25,90.0,1525.0,37.8,54.0,0,0,0,0,0,0,-10.799999999999955,57644.99999999999
L51964,L,30.75,39.450000000000045,90.0,1642.0,32.3,127.0,0,0,0,0,0,0,-8.700000000000045,53036.6
L54150,L,27.55000000000001,37.85000000000002,90.0,1436.0,44.9,119.0,0,0,0,0,0,0,-10.300000000000011,64476.4
L51105,L,29.450000000000045,38.450000000000045,90.0,1638.0,29.6,160.0,0,0,0,0,0,0,-9.0,48484.8
L54629,L,27.150000000000034,38.650000000000034,90.0,1418.0,45.9,53.0,0,0,0,0,0,0,-11.5,65086.2
M23275,M,25.55000000000001,36.75,90.0,1434.0,53.0,144.0,0,0,0,0,0,0,-11.199999999999989,76002.0
M17053,M,26.350000000000023,35.75,90.0,1448.0,42.9,74.0,0,0,0,0,0,0,-9.399999999999977,62119.2
M19984,M,31.05000000000001,40.35000000000002,90.0,1557.0,37.3,164.0,0,0,0,0,0,0,-9.300000000000011,58076.1
M22278,M,27.05000000000001,38.25,90.0,1427.0,39.7,196.0,0,0,0,0,0,0,-11.199999999999989,56651.9
L56169,L,24.05000000000001,34.75,90.0,1469.0,48.2,144.0,0,0,0,0,0,0,-10.699999999999989,70805.8
M14869,M,25.350000000000023,35.85000000000002,90.0,1741.0,28.0,21.0,0,0,0,0,0,0,-10.5,48748.0
M16698,M,24.650000000000034,34.05000000000001,90.0,1456.0,39.6,199.0,0,0,0,0,0,0,-9.399999999999977,57657.6
L51984,L,30.55000000000001,39.450000000000045,90.0,1621.0,38.8,182.0,0,0,0,0,0,0,-8.900000000000034,62894.799999999996
L47435,L,24.850000000000023,35.05000000000001,90.0,1489.0,40.4,11.0,0,0,0,0,0,0,-10.199999999999989,60155.6
L54206,L,27.450000000000045,37.55000000000001,90.0,1543.0,39.6,60.0,0,0,0,0,0,0,-10.099999999999966,61102.8
L52893,L,29.05000000000001,38.75,90.0,1596.0,38.0,156.0,0,0,0,0,0,0,-9.699999999999989,60648.0
L50504,L,28.350000000000023,37.450000000000045,90.0,1578.0,34.1,120.0,0,0,0,0,0,0,-9.100000000000023,53809.8
M16441,M,25.05000000000001,35.150000000000034,90.0,1560.0,33.0,181.0,0,0,0,0,0,0,-10.100000000000023,51480.0
L48104,L,22.350000000000023,32.85000000000002,90.0,1800.0,27.6,208.0,0,0,0,0,0,0,-10.5,49680.0
L53312,L,27.950000000000045,37.950000000000045,90.0,1429.0,42.5,123.0,0,0,0,0,0,0,-10.0,60732.5
L52500,L,30.25,39.55000000000001,90.0,1363.0,45.5,26.0,0,0,0,0,0,0,-9.300000000000011,62016.5
L54492,L,26.850000000000023,37.35000000000002,90.0,1412.0,52.4,142.0,0,0,0,0,0,0,-10.5,73988.8
M21962,M,27.650000000000034,37.150000000000034,90.0,1494.0,42.2,35.0,0,0,0,0,0,0,-9.5,63046.8
M20902,M,27.650000000000034,37.85000000000002,90.0,1580.0,36.6,109.0,0,0,0,0,0,0,-10.199999999999989,57828.0
L52144,L,30.75,39.55000000000001,90.0,1602.0,33.9,165.0,0,0,0,0,0,0,-8.800000000000011,54307.799999999996
M15399,M,24.25,36.150000000000034,90.0,1775.0,25.8,91.0,0,0,0,0,0,0,-11.900000000000034,45795.0
L54663,L,27.05000000000001,38.450000000000045,90.0,1671.0,28.8,149.0,0,0,0,0,0,0,-11.400000000000034,48124.8
L47847,L,24.350000000000023,35.75,90.0,1459.0,48.5,193.0,0,0,0,0,0,0,-11.399999999999977,70761.5
L54755,L,27.25,38.05000000000001,90.0,1471.0,46.5,164.0,0,0,0,0,0,0,-10.800000000000011,68401.5
M16213,M,25.450000000000045,36.950000000000045,90.0,1444.0,48.1,39.0,0,0,0,0,0,0,-11.5,69456.40000000001
H36528,H,27.75,37.25,90.0,1457.0,43.8,69.0,0,0,0,0,0,0,-9.5,63816.6
L56953,L,25.350000000000023,36.25,90.0,1560.0,37.9,37.0,0,0,0,0,0,0,-10.899999999999977,59124.0
L55842,L,24.350000000000023,35.450000000000045,90.0,1514.0,36.9,134.0,0,0,0,0,0,0,-11.100000000000023,55866.6
M17563,M,26.650000000000034,36.05000000000001,90.0,1372.0,58.2,65.0,0,0,0,0,0,0,-9.399999999999977,79850.40000000001
L50510,L,28.55000000000001,37.650000000000034,90.0,1385.0,50.7,133.0,0,0,0,0,0,0,-9.100000000000023,70219.5
L56621,L,24.950000000000045,35.650000000000034,90.0,1432.0,43.4,68.0,0,0,0,0,0,0,-10.699999999999989,62148.799999999996
M18236,M,28.350000000000023,37.650000000000034,90.0,1385.0,47.5,30.0,0,0,0,0,0,0,-9.300000000000011,65787.5
M16116,M,24.350000000000023,35.75,90.0,1535.0,37.7,12.0,0,0,0,0,0,0,-11.399999999999977,57869.50000000001
L53370,L,27.75,37.75,90.0,1749.0,26.4,40.0,0,0,0,0,0,0,-10.0,46173.6
L51355,L,29.150000000000034,37.55000000000001,90.0,1612.0,33.4,139.0,0,0,0,0,0,0,-8.399999999999977,53840.799999999996
L49285,L,26.150000000000034,35.950000000000045,90.0,1495.0,44.0,55.0,0,0,0,0,0,0,-9.800000000000011,65780.0
M14993,M,25.55000000000001,35.25,90.0,1430.0,49.6,135.0,0,0,0,0,0,0,-9.699999999999989,70928.0
M19889,M,30.75,40.05000000000001,90.0,1624.0,39.8,107.0,0,0,0,0,0,0,-9.300000000000011,64635.2
M22436,M,27.150000000000034,37.950000000000045,90.0,1477.0,44.2,166.0,0,0,0,0,0,0,-10.800000000000011,65283.4
H30945,H,24.950000000000045,35.85000000000002,90.0,1438.0,41.4,60.0,0,0,0,0,0,0,-10.899999999999977,59533.2
M16074,M,23.650000000000034,34.650000000000034,90.0,1694.0,33.0,115.0,0,0,0,0,0,0,-11.0,55902.0
M15364,M,24.450000000000045,36.150000000000034,90.0,1529.0,41.9,3.0,0,0,0,0,0,0,-11.699999999999989,64065.1
H35944,H,28.150000000000034,37.450000000000045,90.0,1605.0,32.5,59.0,0,0,0,0,0,0,-9.300000000000011,52162.5
L50252,L,26.950000000000045,35.85000000000002,90.0,1314.0,58.2,114.0,0,0,0,0,0,0,-8.899999999999977,76474.8
H38687,H,25.05000000000001,35.55000000000001,90.0,1520.0,35.7,40.0,0,0,0,0,0,0,-10.5,54264.00000000001
L51928,L,30.05000000000001,38.05000000000001,90.0,1363.0,46.7,29.0,1,0,1,0,0,0,-8.0,63652.100000000006
L57058,L,25.55000000000001,36.55000000000001,90.0,1293.0,59.1,125.0,0,0,0,0,0,0,-11.0,76416.3
L52481,L,30.650000000000034,39.950000000000045,90.0,1309.0,55.8,193.0,0,0,0,0,0,0,-9.300000000000011,73042.2
M17783,M,27.55000000000001,36.55000000000001,90.0,1397.0,51.3,155.0,0,0,0,0,0,0,-9.0,71666.09999999999
L53768,L,28.450000000000045,37.55000000000001,90.0,1457.0,40.4,213.0,0,0,0,0,0,0,-9.099999999999966,58862.799999999996
L50666,L,28.75,37.650000000000034,90.0,1650.0,29.8,94.0,0,0,0,0,0,0,-8.900000000000034,49170.0
L54599,L,26.950000000000045,38.25,90.0,1572.0,36.2,199.0,0,0,0,0,0,0,-11.299999999999955,56906.4
L50321,L,27.350000000000023,36.85000000000002,90.0,1521.0,45.1,86.0,0,0,0,0,0,0,-9.5,68597.1
M24207,M,25.05000000000001,35.55000000000001,90.0,1426.0,42.6,23.0,0,0,0,0,0,0,-10.5,60747.6
L51492,L,28.350000000000023,36.950000000000045,90.0,1430.0,46.5,35.0,0,0,0,0,0,0,-8.600000000000023,66495.0
L54674,L,27.05000000000001,38.650000000000034,90.0,1436.0,48.2,175.0,0,0,0,0,0,0,-11.600000000000023,69215.2
L55882,L,24.05000000000001,35.450000000000045,90.0,1774.0,23.0,30.0,0,0,0,0,0,0,-11.400000000000034,40802.0
M24363,M,26.05000000000001,37.150000000000034,90.0,1551.0,44.8,18.0,0,0,0,0,0,0,-11.100000000000023,69484.79999999999
L52721,L,29.25,38.650000000000034,90.0,1433.0,42.2,134.0,0,0,0,0,0,0,-9.400000000000034,60472.600000000006
L53352,L,27.650000000000034,37.450000000000045,90.0,1577.0,37.9,227.0,1,1,0,0,0,0,-9.800000000000011,59768.299999999996
M16400,M,25.25,35.950000000000045,90.0,1525.0,39.3,86.0,0,0,0,0,0,0,-10.700000000000045,59932.49999999999
L49861,L,26.650000000000034,36.35000000000002,90.0,1545.0,32.2,18.0,0,0,0,0,0,0,-9.699999999999989,49749.00000000001
L53493,L,27.75,37.150000000000034,90.0,1440.0,47.6,140.0,0,0,0,0,0,0,-9.400000000000034,68544.0
M16051,M,24.05000000000001,35.150000000000034,90.0,1776.0,28.0,43.0,0,0,0,0,0,0,-11.100000000000023,49728.0
L48722,L,25.150000000000034,35.75,90.0,1379.0,54.7,91.0,0,0,0,0,0,0,-10.599999999999966,75431.3
M21916,M,27.650000000000034,37.35000000000002,90.0,1409.0,50.6,141.0,0,0,0,0,0,0,-9.699999999999989,71295.40000000001
L48133,L,22.350000000000023,32.950000000000045,90.0,1650.0,32.8,67.0,0,0,0,0,0,0,-10.600000000000023,54119.99999999999
M22101,M,26.75,36.85000000000002,90.0,1484.0,42.1,182.0,0,0,0,0,0,0,-10.100000000000023,62476.4
M19706,M,30.150000000000034,38.650000000000034,90.0,1548.0,33.5,75.0,0,0,0,0,0,0,-8.5,51858.0
L51510,L,28.350000000000023,36.650000000000034,90.0,1549.0,38.5,81.0,0,0,0,0,0,0,-8.300000000000011,59636.5
H38338,H,23.950000000000045,35.05000000000001,90.0,1527.0,42.2,199.0,0,0,0,0,0,0,-11.099999999999966,64439.4
L51909,L,30.25,38.650000000000034,90.0,1306.0,61.0,215.0,1,0,1,0,1,0,-8.400000000000034,79666.0
H34719,H,30.75,40.05000000000001,90.0,1680.0,29.1,201.0,0,0,0,0,0,0,-9.300000000000011,48888.0
L55040,L,27.350000000000023,38.85000000000002,90.0,1415.0,44.6,23.0,0,0,0,0,0,0,-11.5,63109.0
M17016,M,26.25,35.75,90.0,1457.0,41.5,201.0,0,0,0,0,0,0,-9.5,60465.5
L48242,L,23.650000000000034,34.75,90.0,1372.0,49.0,140.0,0,0,0,0,0,0,-11.099999999999966,67228.0
L48347,L,23.850000000000023,34.950000000000045,90.0,1362.0,52.5,213.0,1,0,0,0,1,0,-11.100000000000023,71505.0
L50816,L,29.05000000000001,38.25,90.0,1449.0,46.5,60.0,0,0,0,0,0,0,-9.199999999999989,67378.5
M22511,M,27.25,38.35000000000002,90.0,1476.0,32.6,144.0,0,0,0,0,0,0,-11.100000000000023,48117.6
M20448,M,29.350000000000023,38.650000000000034,90.0,1566.0,37.6,54.0,0,0,0,0,0,0,-9.300000000000011,58881.600000000006
M22052,M,27.05000000000001,37.05000000000001,90.0,1429.0,43.8,54.0,0,0,0,0,0,0,-10.0,62590.2
H33905,H,29.450000000000045,37.25,90.0,1409.0,53.3,52.0,0,0,0,0,0,0,-7.7999999999999545,75099.7
L54446,L,27.25,37.35000000000002,90.0,1578.0,32.8,26.0,0,0,0,0,0,0,-10.100000000000023,51758.399999999994
M19840,M,30.55000000000001,39.650000000000034,90.0,1685.0,31.8,203.0,0,0,0,0,0,0,-9.100000000000023,53583.0
L57132,L,25.05000000000001,34.650000000000034,90.0,1429.0,46.9,117.0,0,0,0,0,0,0,-9.600000000000023,67020.09999999999
M19806,M,30.55000000000001,39.55000000000001,90.0,1669.0,31.7,120.0,0,0,0,0,0,0,-9.0,52907.299999999996
M24620,M,25.350000000000023,36.450000000000045,90.0,1509.0,47.3,2.0,0,0,0,0,0,0,-11.100000000000023,71375.7
L57002,L,25.350000000000023,36.25,90.0,1360.0,60.9,187.0,1,0,0,0,1,0,-10.899999999999977,82824.0
M19352,M,29.450000000000045,37.35000000000002,90.0,1420.0,56.4,57.0,0,0,0,0,0,0,-7.899999999999977,80088.0
L48545,L,25.55000000000001,36.950000000000045,90.0,1676.0,33.5,70.0,0,0,0,0,0,0,-11.400000000000034,56146.0
M24386,M,26.05000000000001,37.25,90.0,1395.0,55.4,76.0,0,0,0,0,0,0,-11.199999999999989,77283.0
M23647,M,24.350000000000023,35.35000000000002,90.0,1699.0,30.1,40.0,0,0,0,0,0,0,-11.0,51139.9
L53097,L,27.450000000000045,37.05000000000001,90.0,1341.0,52.6,21.0,0,0,0,0,0,0,-9.599999999999966,70536.6
M19828,M,30.75,39.55000000000001,90.0,1485.0,43.3,174.0,0,0,0,0,0,0,-8.800000000000011,64300.49999999999
L52824,L,29.350000000000023,38.85000000000002,90.0,1383.0,51.3,190.0,0,0,0,0,0,0,-9.5,70947.9
L50946,L,29.150000000000034,37.950000000000045,90.0,1373.0,53.0,181.0,0,0,0,0,0,0,-8.800000000000011,72769.0
L54537,L,26.450000000000045,36.950000000000045,90.0,1487.0,42.9,42.0,0,0,0,0,0,0,-10.5,63792.299999999996
M17003,M,26.150000000000034,35.650000000000034,90.0,1442.0,49.0,165.0,0,0,0,0,0,0,-9.5,70658.0
L48751,L,25.150000000000034,35.25,90.0,1528.0,37.3,160.0,0,0,0,0,0,0,-10.099999999999966,56994.399999999994
L50147,L,27.450000000000045,36.25,90.0,1369.0,51.6,71.0,0,0,0,0,0,0,-8.799999999999955,70640.40000000001
L49684,L,26.05000000000001,35.950000000000045,90.0,1468.0,45.6,2.0,0,0,0,0,0,0,-9.900000000000034,66940.8
L47592,L,24.350000000000023,35.450000000000045,90.0,1388.0,48.2,203.0,0,0,0,0,0,0,-11.100000000000023,66901.6
L54848,L,27.450000000000045,38.650000000000034,90.0,1539.0,37.0,187.0,0,0,0,0,0,0,-11.199999999999989,56943.0
L48005,L,23.450000000000045,34.150000000000034,90.0,1474.0,40.0,158.0,0,0,0,0,0,0,-10.699999999999989,58960.0
L50447,L,28.150000000000034,36.85000000000002,90.0,1550.0,41.5,197.0,0,0,0,0,0,0,-8.699999999999989,64325.0
L51154,L,29.25,38.35000000000002,90.0,1505.0,37.9,79.0,0,0,0,0,0,0,-9.100000000000023,57039.5
L55988,L,24.25,35.450000000000045,90.0,1446.0,48.1,88.0,0,0,0,0,0,0,-11.200000000000045,69552.6
M23166,M,25.55000000000001,36.950000000000045,90.0,1549.0,42.5,61.0,0,0,0,0,0,0,-11.400000000000034,65832.5
L56125,L,24.25,35.05000000000001,90.0,1639.0,33.8,39.0,0,0,0,0,0,0,-10.800000000000011,55398.2
L50553,L,28.25,37.55000000000001,90.0,1568.0,35.2,23.0,0,0,0,0,0,0,-9.300000000000011,55193.600000000006
M20586,M,29.25,38.75,90.0,1398.0,50.1,188.0,0,0,0,0,0,0,-9.5,70039.8
L51287,L,28.850000000000023,37.35000000000002,90.0,1809.0,27.1,175.0,0,0,0,0,0,0,-8.5,49023.9
M15926,M,23.75,34.650000000000034,90.0,1544.0,40.3,150.0,0,0,0,0,0,0,-10.900000000000034,62223.2
M18773,M,29.25,38.25,90.0,1675.0,29.6,128.0,0,0,0,0,0,0,-9.0,49580.0
L52567,L,29.650000000000034,39.05000000000001,90.0,1433.0,50.0,216.0,0,0,0,0,0,0,-9.399999999999977,71650.0
L52912,L,29.05000000000001,38.55000000000001,90.0,1412.0,44.5,204.0,0,0,0,0,0,0,-9.5,62834.0
M17598,M,26.650000000000034,35.950000000000045,90.0,1496.0,44.4,155.0,0,0,0,0,0,0,-9.300000000000011,66422.4
L48867,L,24.75,34.150000000000034,90.0,1502.0,36.7,12.0,0,0,0,0,0,0,-9.400000000000034,55123.4
L56267,L,23.950000000000045,34.650000000000034,90.0,1681.0,27.6,181.0,0,0,0,0,0,0,-10.699999999999989,46395.600000000006
L53058,L,28.25,37.85000000000002,90.0,1533.0,45.8,125.0,0,0,0,0,0,0,-9.600000000000023,70211.4
M17699,M,27.25,36.25,90.0,1362.0,42.1,182.0,0,0,0,0,0,0,-9.0,57340.200000000004
L51791,L,29.850000000000023,38.150000000000034,90.0,1365.0,56.2,146.0,1,0,1,0,0,0,-8.300000000000011,76713.0
M24400,M,26.25,37.650000000000034,90.0,1628.0,40.2,111.0,0,0,0,0,0,0,-11.400000000000034,65445.600000000006
L56387,L,24.75,35.650000000000034,90.0,1386.0,48.6,75.0,0,0,0,0,0,0,-10.900000000000034,67359.6
H31903,H,25.75,35.55000000000001,90.0,1500.0,41.6,187.0,0,0,0,0,0,0,-9.800000000000011,62400.0
M22250,M,26.55000000000001,37.35000000000002,90.0,1490.0,41.2,126.0,0,0,0,0,0,0,-10.800000000000011,61388.00000000001
L53845,L,28.150000000000034,37.25,90.0,1440.0,41.5,197.0,0,0,0,0,0,0,-9.099999999999966,59760.0
M22281,M,26.950000000000045,38.25,90.0,1342.0,48.5,203.0,0,0,0,0,0,0,-11.299999999999955,65087.0
L49659,L,25.850000000000023,35.35000000000002,90.0,1604.0,34.7,159.0,0,0,0,0,0,0,-9.5,55658.8
L49924,L,26.55000000000001,36.05000000000001,90.0,1620.0,30.0,168.0,0,0,0,0,0,0,-9.5,48600.0
L54433,L,27.150000000000034,37.35000000000002,90.0,1522.0,39.1,217.0,0,0,0,0,0,0,-10.199999999999989,59510.200000000004
H32920,H,28.450000000000045,37.650000000000034,90.0,1435.0,47.2,152.0,0,0,0,0,0,0,-9.199999999999989,67732.0
L48859,L,24.850000000000023,34.35000000000002,90.0,1792.0,27.9,217.0,0,0,0,0,0,0,-9.5,49996.799999999996
M18007,M,27.25,36.55000000000001,90.0,1440.0,42.8,104.0,0,0,0,0,0,0,-9.300000000000011,61631.99999999999
H37544,H,26.850000000000023,38.05000000000001,90.0,1393.0,43.1,45.0,0,0,0,0,0,0,-11.199999999999989,60038.3
M15440,M,24.650000000000034,36.650000000000034,90.0,1798.0,25.5,203.0,0,0,0,0,0,0,-12.0,45849.0
L50852,L,29.150000000000034,38.450000000000045,90.0,1658.0,32.3,150.0,0,0,0,0,0,0,-9.300000000000011,53553.399999999994
L47739,L,24.350000000000023,36.25,90.0,1503.0,40.6,144.0,0,0,0,0,0,0,-11.899999999999977,61021.8
L52417,L,30.650000000000034,39.85000000000002,90.0,1499.0,42.3,38.0,0,0,0,0,0,0,-9.199999999999989,63407.7
L54985,L,26.75,38.25,90.0,1706.0,28.8,111.0,0,0,0,0,0,0,-11.5,49132.8
L47692,L,24.350000000000023,36.05000000000001,90.0,1426.0,44.8,24.0,0,0,0,0,0,0,-11.699999999999989,63884.799999999996
L56384,L,24.650000000000034,35.650000000000034,90.0,1621.0,36.1,68.0,0,0,0,0,0,0,-11.0,58518.100000000006
L48330,L,23.950000000000045,34.75,90.0,1456.0,50.0,166.0,0,0,0,0,0,0,-10.799999999999955,72800.0
L50018,L,27.150000000000034,36.150000000000034,90.0,1478.0,39.5,180.0,0,0,0,0,0,0,-9.0,58381.0
M24648,M,25.350000000000023,36.35000000000002,90.0,1535.0,39.8,87.0,0,0,0,0,0,0,-11.0,61092.99999999999
H34591,H,30.850000000000023,39.950000000000045,90.0,1388.0,53.2,91.0,0,0,0,0,0,0,-9.100000000000023,73841.6
L48010,L,23.450000000000045,34.25,90.0,1631.0,35.0,168.0,0,0,0,0,0,0,-10.799999999999955,57085.0
M23171,M,25.650000000000034,36.85000000000002,90.0,1295.0,52.7,74.0,0,0,0,0,0,0,-11.199999999999989,68246.5
M24710,M,25.350000000000023,36.150000000000034,90.0,1498.0,34.6,46.0,0,0,0,0,0,0,-10.800000000000011,51830.8
L51645,L,29.650000000000034,37.450000000000045,90.0,1404.0,43.2,203.0,0,0,0,0,0,0,-7.800000000000011,60652.8
H37401,H,27.850000000000023,39.05000000000001,90.0,1489.0,40.3,117.0,0,0,0,0,0,0,-11.199999999999989,60006.7
L51322,L,28.55000000000001,36.950000000000045,90.0,1424.0,50.2,54.0,0,0,0,0,0,0,-8.400000000000034,71484.8
L52495,L,30.450000000000045,39.650000000000034,90.0,1710.0,27.2,14.0,0,0,0,0,0,0,-9.199999999999989,46512.0
L50231,L,27.05000000000001,36.150000000000034,90.0,1366.0,49.3,59.0,0,0,0,0,0,0,-9.100000000000023,67343.8
L52871,L,29.25,38.650000000000034,90.0,1320.0,56.4,100.0,0,0,0,0,0,0,-9.400000000000034,74448.0
L50304,L,26.950000000000045,36.25,90.0,1568.0,39.7,42.0,0,0,0,0,0,0,-9.299999999999955,62249.600000000006
L49671,L,25.950000000000045,35.75,90.0,1445.0,43.4,197.0,0,0,0,0,0,0,-9.799999999999955,62713.0
L54689,L,27.450000000000045,38.75,90.0,1372.0,60.1,212.0,1,0,0,0,1,0,-11.299999999999955,82457.2
H35707,H,27.850000000000023,37.25,90.0,1512.0,44.9,86.0,0,0,0,0,0,0,-9.399999999999977,67888.8
L48033,L,23.150000000000034,34.150000000000034,90.0,1444.0,49.0,13.0,0,0,0,0,0,0,-11.0,70756.0
L56538,L,25.05000000000001,35.55000000000001,90.0,1407.0,45.1,49.0,0,0,0,0,0,0,-10.5,63455.700000000004
L53794,L,28.55000000000001,37.450000000000045,90.0,1660.0,28.7,66.0,0,0,0,0,0,0,-8.900000000000034,47642.0
L56343,L,24.450000000000045,35.450000000000045,90.0,1415.0,47.3,169.0,0,0,0,0,0,0,-11.0,66929.5
L51675,L,29.450000000000045,37.25,90.0,1359.0,57.2,67.0,1,0,1,0,0,0,-7.7999999999999545,77734.8
H37587,H,26.75,38.25,90.0,1497.0,37.0,162.0,0,0,0,0,0,0,-11.5,55389.0
M17810,M,27.55000000000001,36.35000000000002,90.0,1445.0,46.4,24.0,0,0,0,0,0,0,-8.800000000000011,67048.0
L52805,L,29.55000000000001,38.950000000000045,90.0,1728.0,24.4,146.0,0,0,0,0,0,0,-9.400000000000034,42163.2
M21831,M,27.55000000000001,37.85000000000002,90.0,1559.0,42.8,121.0,0,0,0,0,0,0,-10.300000000000011,66725.2
M23576,M,23.950000000000045,35.450000000000045,90.0,1717.0,31.3,61.0,0,0,0,0,0,0,-11.5,53742.1
L49021,L,24.55000000000001,34.05000000000001,90.0,1668.0,37.8,5.0,0,0,0,0,0,0,-9.5,63050.399999999994
L53166,L,27.450000000000045,37.55000000000001,90.0,1440.0,52.5,200.0,0,0,0,0,0,0,-10.099999999999966,75600.0
H29951,H,24.25,36.150000000000034,90.0,1516.0,43.0,83.0,0,0,0,0,0,0,-11.900000000000034,65188.0
L49986,L,26.850000000000023,36.150000000000034,90.0,1364.0,41.2,104.0,0,0,0,0,0,0,-9.300000000000011,56196.8
M20456,M,29.55000000000001,38.85000000000002,90.0,1538.0,36.7,74.0,0,0,0,0,0,0,-9.300000000000011,56444.600000000006
L54386,L,26.650000000000034,36.55000000000001,90.0,1457.0,51.9,89.0,0,0,0,0,0,0,-9.899999999999977,75618.3
M22420,M,27.150000000000034,38.150000000000034,90.0,1377.0,53.8,125.0,0,0,0,0,0,0,-11.0,74082.59999999999
L47964,L,23.55000000000001,34.75,90.0,1743.0,27.9,55.0,0,0,0,0,0,0,-11.199999999999989,48629.7
L47334,L,25.25,35.05000000000001,90.0,1528.0,36.2,196.0,0,0,0,0,0,0,-9.800000000000011,55313.600000000006
L51194,L,28.950000000000045,37.85000000000002,90.0,1740.0,30.8,182.0,0,0,0,0,0,0,-8.899999999999977,53592.0
M22315,M,27.05000000000001,38.55000000000001,90.0,1597.0,39.5,68.0,0,0,0,0,0,0,-11.5,63081.5
L51043,L,29.350000000000023,38.25,90.0,1674.0,27.0,223.0,0,0,0,0,0,0,-8.899999999999977,45198.0
L49913,L,26.55000000000001,36.05000000000001,90.0,1422.0,40.4,140.0,0,0,0,0,0,0,-9.5,57448.799999999996
L52622,L,29.950000000000045,39.55000000000001,90.0,1353.0,51.8,97.0,0,0,0,0,0,0,-9.599999999999966,70085.4
L53889,L,28.25,37.450000000000045,90.0,1481.0,37.6,77.0,0,0,0,0,0,0,-9.200000000000045,55685.6
L48996,L,24.950000000000045,34.450000000000045,90.0,1460.0,46.5,143.0,0,0,0,0,0,0,-9.5,67890.0
L55499,L,25.55000000000001,36.55000000000001,90.0,1393.0,45.7,99.0,0,0,0,0,0,0,-11.0,63660.100000000006
L53282,L,27.55000000000001,37.55000000000001,90.0,1442.0,43.2,49.0,0,0,0,0,0,0,-10.0,62294.4
L48160,L,22.950000000000045,33.55000000000001,90.0,1409.0,42.8,134.0,0,0,0,0,0,0,-10.599999999999966,60305.2
L47370,L,25.05000000000001,35.25,90.0,1477.0,49.9,72.0,0,0,0,0,0,0,-10.199999999999989,73702.3
L56511,L,25.25,35.75,90.0,1496.0,37.9,194.0,0,0,0,0,0,0,-10.5,56698.4
H30113,H,24.350000000000023,35.55000000000001,90.0,1416.0,39.2,74.0,0,0,0,0,0,0,-11.199999999999989,55507.200000000004
L47481,L,24.55000000000001,35.25,90.0,1740.0,27.1,136.0,0,0,0,0,0,0,-10.699999999999989,47154.0
L56984,L,25.25,35.950000000000045,90.0,1467.0,42.5,139.0,0,0,0,0,0,0,-10.700000000000045,62347.5
L50624,L,28.350000000000023,37.450000000000045,90.0,1381.0,50.7,206.0,0,0,0,0,0,0,-9.100000000000023,70016.7
L56615,L,24.850000000000023,35.55000000000001,90.0,1443.0,49.3,52.0,0,0,0,0,0,0,-10.699999999999989,71139.9
L55388,L,26.05000000000001,37.55000000000001,90.0,1477.0,44.0,19.0,0,0,0,0,0,0,-11.5,64988.0
L54863,L,27.55000000000001,38.55000000000001,90.0,1524.0,43.5,222.0,0,0,0,0,0,0,-11.0,66294.0
L56187,L,24.25,34.85000000000002,90.0,1383.0,46.2,188.0,0,0,0,0,0,0,-10.600000000000023,63894.600000000006
M22856,M,27.850000000000023,39.05000000000001,90.0,1499.0,41.5,140.0,0,0,0,0,0,0,-11.199999999999989,62208.5
L56331,L,24.450000000000045,35.450000000000045,90.0,1553.0,40.5,135.0,0,0,0,0,0,0,-11.0,62896.5
M20755,M,28.05000000000001,37.75,90.0,1460.0,46.7,166.0,0,0,0,0,0,0,-9.699999999999989,68182.0
L55934,L,24.25,35.450000000000045,90.0,1635.0,30.5,159.0,0,0,0,0,0,0,-11.200000000000045,49867.5
L50616,L,28.350000000000023,37.35000000000002,90.0,1466.0,48.1,189.0,0,0,0,0,0,0,-9.0,70514.6
H30459,H,23.25,34.35000000000002,90.0,1403.0,52.8,94.0,0,0,0,0,0,0,-11.100000000000023,74078.4
H32860,H,28.450000000000045,37.450000000000045,90.0,1400.0,49.5,211.0,0,0,0,0,0,0,-9.0,69300.0
L51915,L,30.05000000000001,38.35000000000002,90.0,1544.0,42.5,227.0,0,0,0,0,0,0,-8.300000000000011,65620.0
M16078,M,23.850000000000023,35.05000000000001,90.0,1702.0,30.7,124.0,0,0,0,0,0,0,-11.199999999999989,52251.4
M20875,M,27.650000000000034,37.650000000000034,90.0,1520.0,38.0,45.0,0,0,0,0,0,0,-10.0,57760.0
M18847,M,29.150000000000034,38.150000000000034,90.0,1444.0,43.1,115.0,0,0,0,0,0,0,-9.0,62236.4
L56672,L,25.950000000000045,36.75,90.0,1586.0,36.6,215.0,0,0,0,0,0,0,-10.799999999999955,58047.600000000006
L51673,L,29.55000000000001,37.35000000000002,90.0,1511.0,37.7,60.0,0,0,0,0,0,0,-7.800000000000011,56964.700000000004
L55532,L,25.450000000000045,36.450000000000045,90.0,1491.0,36.9,192.0,0,0,0,0,0,0,-11.0,55017.9
L50049,L,27.650000000000034,36.55000000000001,90.0,1519.0,35.8,14.0,0,0,0,0,0,0,-8.899999999999977,54380.2
L50141,L,27.450000000000045,36.25,90.0,1654.0,32.8,57.0,0,0,0,0,0,0,-8.799999999999955,54251.2
L47278,L,25.75,35.650000000000034,90.0,1529.0,32.7,53.0,0,0,0,0,0,0,-9.900000000000034,49998.3
M17417,M,26.25,35.950000000000045,90.0,1440.0,50.0,134.0,0,0,0,0,0,0,-9.700000000000045,72000.0
H34953,H,29.150000000000034,38.55000000000001,90.0,1482.0,39.0,127.0,0,0,0,0,0,0,-9.399999999999977,57798.0
L48828,L,24.75,34.650000000000034,90.0,1373.0,50.2,130.0,0,0,0,0,0,0,-9.900000000000034,68924.6
L49435,L,25.950000000000045,35.150000000000034,90.0,1559.0,33.7,30.0,0,0,0,0,0,0,-9.199999999999989,52538.3
M18030,M,27.25,36.55000000000001,90.0,1685.0,32.3,167.0,0,0,0,0,0,0,-9.300000000000011,54425.49999999999
M22260,M,26.450000000000045,37.450000000000045,90.0,1633.0,34.2,151.0,0,0,0,0,0,0,-11.0,55848.600000000006
L51728,L,29.450000000000045,37.35000000000002,90.0,1511.0,37.2,197.0,0,0,0,0,0,0,-7.899999999999977,56209.200000000004
L52603,L,29.450000000000045,39.150000000000034,90.0,1647.0,31.8,52.0,0,0,0,0,0,0,-9.699999999999989,52374.6
H38229,H,24.150000000000034,35.35000000000002,90.0,1435.0,55.0,104.0,0,0,0,0,0,0,-11.199999999999989,78925.0
M24657,M,25.25,36.05000000000001,90.0,1597.0,33.5,116.0,0,0,0,0,0,0,-10.800000000000011,53499.5
M15122,M,24.950000000000045,35.05000000000001,90.0,1736.0,26.8,27.0,0,0,0,0,0,0,-10.099999999999966,46524.8
M21476,M,28.55000000000001,37.450000000000045,90.0,1380.0,45.8,70.0,0,0,0,0,0,0,-8.900000000000034,63203.99999999999
L55300,L,27.05000000000001,38.450000000000045,90.0,1767.0,26.4,20.0,0,0,0,0,0,0,-11.400000000000034,46648.799999999996
L55335,L,26.350000000000023,37.650000000000034,90.0,1283.0,52.4,112.0,0,0,0,0,0,0,-11.300000000000011,67229.2
L51916,L,30.05000000000001,38.35000000000002,90.0,1513.0,37.9,0.0,0,0,0,0,0,0,-8.300000000000011,57342.7
L49565,L,25.950000000000045,35.150000000000034,90.0,1524.0,34.1,128.0,0,0,0,0,0,0,-9.199999999999989,51968.4
M21554,M,28.55000000000001,37.75,90.0,1300.0,62.7,36.0,0,0,0,0,0,0,-9.199999999999989,81510.0
L55860,L,24.05000000000001,35.35000000000002,90.0,1494.0,39.6,181.0,0,0,0,0,0,0,-11.300000000000011,59162.4
L49023,L,24.450000000000045,33.950000000000045,90.0,1496.0,39.2,12.0,0,0,0,0,0,0,-9.5,58643.200000000004
L49166,L,24.950000000000045,34.450000000000045,90.0,1498.0,42.9,171.0,0,0,0,0,0,0,-9.5,64264.2
M21406,M,28.25,37.650000000000034,90.0,1530.0,39.9,107.0,0,0,0,0,0,0,-9.400000000000034,61047.0
L54278,L,27.55000000000001,37.05000000000001,90.0,1642.0,32.6,26.0,0,0,0,0,0,0,-9.5,53529.200000000004
L49991,L,26.75,36.05000000000001,90.0,1761.0,25.6,115.0,0,0,0,0,0,0,-9.300000000000011,45081.600000000006
L51462,L,28.75,36.75,90.0,1374.0,48.5,180.0,1,0,1,0,0,0,-8.0,66639.0
L55980,L,24.25,35.35000000000002,90.0,1475.0,47.2,69.0,0,0,0,0,0,0,-11.100000000000023,69620.0
M21147,M,27.950000000000045,37.450000000000045,90.0,1479.0,41.1,72.0,0,0,0,0,0,0,-9.5,60786.9
M16790,M,24.950000000000045,34.75,90.0,1569.0,37.0,29.0,0,0,0,0,0,0,-9.799999999999955,58053.0
L54305,L,27.55000000000001,36.950000000000045,90.0,1261.0,56.6,98.0,0,0,0,0,0,0,-9.400000000000034,71372.6
M15057,M,25.25,35.450000000000045,90.0,1527.0,40.9,96.0,0,0,0,0,0,0,-10.200000000000045,62454.299999999996
L54957,L,27.150000000000034,38.35000000000002,90.0,1695.0,25.6,43.0,0,0,0,0,0,0,-11.199999999999989,43392.0
L50111,L,27.650000000000034,36.55000000000001,90.0,1373.0,45.4,179.0,0,0,0,0,0,0,-8.899999999999977,62334.2
L55184,L,27.75,38.85000000000002,90.0,1533.0,44.0,162.0,0,0,0,0,0,0,-11.100000000000023,67452.0
M17187,M,26.150000000000034,35.55000000000001,90.0,1420.0,50.3,208.0,0,0,0,0,0,0,-9.399999999999977,71426.0
M19249,M,28.950000000000045,36.85000000000002,90.0,1355.0,45.1,6.0,1,0,1,0,0,0,-7.899999999999977,61110.5
M23818,M,24.25,34.950000000000045,90.0,1734.0,27.7,70.0,0,0,0,0,0,0,-10.700000000000045,48031.799999999996
M19078,M,28.850000000000023,37.450000000000045,90.0,1479.0,40.5,24.0,0,0,0,0,0,0,-8.600000000000023,59899.5
M15062,M,25.25,35.35000000000002,90.0,1636.0,35.7,107.0,0,0,0,0,0,0,-10.100000000000023,58405.200000000004
M19791,M,30.150000000000034,38.950000000000045,90.0,1693.0,30.0,80.0,0,0,0,0,0,0,-8.800000000000011,50790.0
M20651,M,28.650000000000034,38.150000000000034,90.0,1542.0,40.1,142.0,0,0,0,0,0,0,-9.5,61834.200000000004
L48887,L,25.05000000000001,34.650000000000034,90.0,1439.0,41.6,62.0,0,0,0,0,0,0,-9.600000000000023,59862.4
M20109,M,30.25,39.75,90.0,1422.0,39.9,63.0,0,0,0,0,0,0,-9.5,56737.799999999996
H39262,H,25.350000000000023,36.05000000000001,90.0,1568.0,40.6,39.0,0,0,0,0,0,0,-10.699999999999989,63660.8
M20715,M,28.05000000000001,37.75,90.0,1424.0,45.2,68.0,0,0,0,0,0,0,-9.699999999999989,64364.8
L55344,L,26.450000000000045,37.75,90.0,1472.0,40.9,137.0,0,0,0,0,0,0,-11.299999999999955,60204.799999999996
M15714,M,23.150000000000034,34.150000000000034,90.0,1498.0,41.6,15.0,0,0,0,0,0,0,-11.0,62316.8
M19597,M,30.05000000000001,38.35000000000002,90.0,1336.0,58.2,2.0,1,0,1,0,0,0,-8.300000000000011,77755.2
L47878,L,24.450000000000045,35.650000000000034,90.0,1539.0,40.2,72.0,0,0,0,0,0,0,-11.199999999999989,61867.8
L50876,L,28.950000000000045,38.05000000000001,90.0,1454.0,46.8,0.0,0,0,0,0,0,0,-9.099999999999966,68047.2
L48816,L,24.75,34.650000000000034,90.0,1505.0,37.3,100.0,0,0,0,0,0,0,-9.900000000000034,56136.49999999999
M22414,M,27.150000000000034,38.25,90.0,1371.0,50.2,109.0,0,0,0,0,0,0,-11.099999999999966,68824.2
M18441,M,28.650000000000034,37.450000000000045,90.0,1459.0,40.2,128.0,0,0,0,0,0,0,-8.800000000000011,58651.8
M21445,M,28.350000000000023,37.35000000000002,90.0,1600.0,32.8,205.0,0,0,0,0,0,0,-9.0,52479.99999999999
L49033,L,24.450000000000045,34.05000000000001,90.0,1486.0,40.6,42.0,0,0,0,0,0,0,-9.599999999999966,60331.6
H30909,H,24.75,35.35000000000002,90.0,1383.0,44.6,184.0,0,0,0,0,0,0,-10.600000000000023,61681.8
L55174,L,27.850000000000023,39.150000000000034,90.0,1424.0,43.5,136.0,0,0,0,0,0,0,-11.300000000000011,61944.0
H31412,H,25.150000000000034,34.85000000000002,90.0,1637.0,30.8,2.0,0,0,0,0,0,0,-9.699999999999989,50419.6
M19273,M,29.55000000000001,37.35000000000002,90.0,1398.0,47.3,70.0,0,0,0,0,0,0,-7.800000000000011,66125.4
H34989,H,29.25,38.85000000000002,90.0,1477.0,39.7,18.0,0,0,0,0,0,0,-9.600000000000023,58636.9
L56081,L,24.150000000000034,35.450000000000045,90.0,1446.0,50.1,144.0,0,0,0,0,0,0,-11.300000000000011,72444.6
L54706,L,26.950000000000045,38.25,90.0,1660.0,31.4,38.0,0,0,0,0,0,0,-11.299999999999955,52124.0
M24334,M,25.55000000000001,36.450000000000045,90.0,1455.0,46.8,162.0,0,0,0,0,0,0,-10.900000000000034,68094.0
M20724,M,28.25,37.85000000000002,90.0,1486.0,36.5,91.0,0,0,0,0,0,0,-9.600000000000023,54239.0
L53956,L,28.150000000000034,37.450000000000045,90.0,1451.0,47.5,42.0,0,0,0,0,0,0,-9.300000000000011,68922.5
L48486,L,25.650000000000034,36.85000000000002,90.0,1487.0,41.4,152.0,0,0,0,0,0,0,-11.199999999999989,61561.799999999996
M16523,M,24.950000000000045,34.75,90.0,1759.0,28.6,176.0,0,0,0,0,0,0,-9.799999999999955,50307.4
H34864,H,29.950000000000045,39.650000000000034,90.0,1435.0,41.9,115.0,0,0,0,0,0,0,-9.699999999999989,60126.5
M24814,M,24.950000000000045,34.75,90.0,1446.0,42.8,121.0,0,0,0,0,0,0,-9.799999999999955,61888.799999999996
L50807,L,29.05000000000001,38.35000000000002,90.0,1588.0,30.6,39.0,0,0,0,0,0,0,-9.300000000000011,48592.8
M17553,M,26.950000000000045,36.450000000000045,90.0,1622.0,36.1,43.0,0,0,0,0,0,0,-9.5,58554.200000000004
L56969,L,25.450000000000045,36.450000000000045,90.0,1715.0,28.4,90.0,0,0,0,0,0,0,-11.0,48706.0
L51816,L,29.850000000000023,38.150000000000034,90.0,1466.0,43.0,210.0,0,0,0,0,0,0,-8.300000000000011,63038.0
L50422,L,27.75,36.450000000000045,90.0,1384.0,42.4,131.0,0,0,0,0,0,0,-8.700000000000045,58681.6
L53554,L,26.850000000000023,36.35000000000002,90.0,1506.0,38.8,87.0,0,0,0,0,0,0,-9.5,58432.799999999996
L54754,L,27.25,37.950000000000045,90.0,1487.0,37.4,162.0,0,0,0,0,0,0,-10.700000000000045,55613.799999999996
M16617,M,24.950000000000045,34.25,90.0,1335.0,56.2,190.0,0,0,0,0,0,0,-9.299999999999955,75027.0
L53199,L,27.55000000000001,37.650000000000034,90.0,1519.0,43.9,55.0,0,0,0,0,0,0,-10.100000000000023,66684.09999999999
L52296,L,31.05000000000001,40.650000000000034,90.0,1401.0,53.9,142.0,0,0,0,0,0,0,-9.600000000000023,75513.9
M23615,M,24.25,35.55000000000001,90.0,1582.0,31.9,161.0,0,0,0,0,0,0,-11.300000000000011,50465.799999999996
L54588,L,26.75,37.75,90.0,1292.0,51.1,173.0,0,0,0,0,0,0,-11.0,66021.2
L49970,L,27.25,36.450000000000045,90.0,1356.0,45.9,64.0,0,0,0,0,0,0,-9.200000000000045,62240.4
M16344,M,24.850000000000023,35.85000000000002,90.0,1562.0,39.2,155.0,0,0,0,0,0,0,-11.0,61230.4
L54901,L,27.350000000000023,38.450000000000045,90.0,1425.0,42.4,102.0,0,0,0,0,0,0,-11.100000000000023,60420.0
L53157,L,27.450000000000045,37.55000000000001,90.0,1750.0,30.6,171.0,0,0,0,0,0,0,-10.099999999999966,53550.0
L56242,L,24.05000000000001,35.150000000000034,90.0,1576.0,35.3,113.0,0,0,0,0,0,0,-11.100000000000023,55632.799999999996
L47682,L,24.450000000000045,36.05000000000001,90.0,1390.0,43.3,221.0,0,0,0,0,0,0,-11.599999999999966,60186.99999999999
L51020,L,29.25,37.85000000000002,90.0,1610.0,33.1,161.0,0,0,0,0,0,0,-8.600000000000023,53291.0
M19916,M,30.75,39.75,90.0,1430.0,53.5,189.0,0,0,0,0,0,0,-9.0,76505.0
L56176,L,24.05000000000001,34.75,90.0,1540.0,37.1,164.0,0,0,0,0,0,0,-10.699999999999989,57134.0
L54395,L,26.75,36.650000000000034,90.0,1477.0,47.7,112.0,0,0,0,0,0,0,-9.900000000000034,70452.90000000001
M17964,M,26.650000000000034,36.05000000000001,90.0,1678.0,29.8,202.0,0,0,0,0,0,0,-9.399999999999977,50004.4
M17959,M,26.75,35.950000000000045,90.0,1513.0,43.8,188.0,0,0,0,0,0,0,-9.200000000000045,66269.4
L50741,L,28.55000000000001,37.450000000000045,90.0,1486.0,38.5,78.0,0,0,0,0,0,0,-8.900000000000034,57211.0
L47571,L,24.450000000000045,35.450000000000045,90.0,1491.0,38.1,152.0,0,0,0,0,0,0,-11.0,56807.1
M20478,M,29.850000000000023,39.25,90.0,1645.0,29.6,129.0,0,0,0,0,0,0,-9.399999999999977,48692.0
M24547,M,25.950000000000045,36.950000000000045,90.0,1649.0,31.6,41.0,0,0,0,0,0,0,-11.0,52108.4
L52643,L,29.75,39.25,90.0,1561.0,34.8,150.0,0,0,0,0,0,0,-9.5,54322.799999999996
M16922,M,26.55000000000001,36.450000000000045,90.0,1477.0,42.7,163.0,0,0,0,0,0,0,-9.900000000000034,63067.9
L55864,L,24.05000000000001,35.35000000000002,90.0,1588.0,40.4,190.0,0,0,0,0,0,0,-11.300000000000011,64155.2
H35745,H,27.350000000000023,36.85000000000002,90.0,1495.0,47.4,184.0,0,0,0,0,0,0,-9.5,70863.0
L52039,L,30.55000000000001,39.25,90.0,1535.0,38.6,107.0,0,0,0,0,0,0,-8.699999999999989,59251.0
L52067,L,30.55000000000001,39.35000000000002,90.0,1481.0,33.3,182.0,0,0,0,0,0,0,-8.800000000000011,49317.299999999996
L56448,L,25.05000000000001,35.650000000000034,90.0,1666.0,31.5,30.0,0,0,0,0,0,0,-10.600000000000023,52479.0
M23389,M,25.350000000000023,36.25,90.0,1522.0,47.4,20.0,0,0,0,0,0,0,-10.899999999999977,72142.8
L55096,L,27.650000000000034,38.950000000000045,90.0,1512.0,37.1,169.0,0,0,0,0,0,0,-11.300000000000011,56095.200000000004
M22752,M,27.75,39.450000000000045,90.0,1555.0,40.6,109.0,0,0,0,0,0,0,-11.700000000000045,63133.0
L53619,L,27.450000000000045,36.950000000000045,90.0,1656.0,32.7,44.0,0,0,0,0,0,0,-9.5,54151.200000000004
M22729,M,27.350000000000023,38.85000000000002,90.0,1779.0,27.7,46.0,0,0,0,0,0,0,-11.5,49278.299999999996
L56647,L,25.450000000000045,36.150000000000034,90.0,1702.0,27.6,143.0,0,0,0,0,0,0,-10.699999999999989,46975.200000000004
L48175,L,23.150000000000034,34.150000000000034,90.0,1566.0,35.8,175.0,0,0,0,0,0,0,-11.0,56062.799999999996
L47341,L,25.150000000000034,34.950000000000045,90.0,1412.0,52.3,218.0,1,0,0,0,1,0,-9.800000000000011,73847.59999999999
M24552,M,25.850000000000023,36.85000000000002,90.0,1667.0,30.0,53.0,0,0,0,0,0,0,-11.0,50010.0
L55169,L,27.950000000000045,39.25,90.0,1430.0,37.9,124.0,0,0,0,0,0,0,-11.299999999999955,54197.0
L51023,L,29.350000000000023,38.05000000000001,90.0,1227.0,60.1,167.0,0,0,0,0,0,0,-8.699999999999989,73742.7
M15881,M,23.150000000000034,34.05000000000001,90.0,1454.0,42.5,35.0,0,0,0,0,0,0,-10.899999999999977,61795.0
L50253,L,26.950000000000045,35.950000000000045,90.0,1478.0,46.9,116.0,0,0,0,0,0,0,-9.0,69318.2
L54735,L,27.150000000000034,38.150000000000034,90.0,1332.0,60.5,112.0,0,0,0,0,0,0,-11.0,80586.0
L48765,L,25.05000000000001,35.150000000000034,90.0,1400.0,48.7,194.0,0,0,0,0,0,0,-10.100000000000023,68180.0
M18012,M,27.350000000000023,36.650000000000034,90.0,1473.0,42.3,121.0,0,0,0,0,0,0,-9.300000000000011,62307.899999999994
M21959,M,27.55000000000001,37.05000000000001,90.0,1373.0,44.1,28.0,0,0,0,0,0,0,-9.5,60549.3
L52666,L,29.450000000000045,39.05000000000001,90.0,1520.0,43.0,208.0,0,0,0,0,0,0,-9.599999999999966,65360.0
H38969,H,26.25,37.650000000000034,90.0,1585.0,31.4,149.0,0,0,0,0,0,0,-11.400000000000034,49769.0
L54221,L,27.450000000000045,37.35000000000002,90.0,1470.0,37.7,98.0,0,0,0,0,0,0,-9.899999999999977,55419.00000000001
M23293,M,25.650000000000034,36.950000000000045,90.0,1501.0,48.7,192.0,0,0,0,0,0,0,-11.300000000000011,73098.7
L52573,L,29.650000000000034,39.150000000000034,90.0,1473.0,42.6,232.0,0,0,0,0,0,0,-9.5,62749.8
L56018,L,24.350000000000023,35.85000000000002,90.0,1320.0,54.7,179.0,0,0,0,0,0,0,-11.5,72204.0
L51070,L,29.150000000000034,38.05000000000001,90.0,1386.0,53.5,59.0,0,0,0,0,0,0,-8.899999999999977,74151.0
M16127,M,24.950000000000045,36.450000000000045,90.0,1549.0,38.7,43.0,0,0,0,0,0,0,-11.5,59946.3
L49079,L,24.650000000000034,34.35000000000002,90.0,1388.0,40.0,159.0,0,0,0,0,0,0,-9.699999999999989,55520.0
H32148,H,26.55000000000001,36.05000000000001,90.0,1572.0,32.8,142.0,0,0,0,0,0,0,-9.5,51561.6
M24027,M,24.450000000000045,35.55000000000001,90.0,1392.0,41.2,178.0,0,0,0,0,0,0,-11.099999999999966,57350.4
L49927,L,26.55000000000001,36.05000000000001,90.0,1616.0,31.6,175.0,0,0,0,0,0,0,-9.5,51065.600000000006
L49227,L,26.150000000000034,36.05000000000001,90.0,1775.0,24.2,125.0,0,0,0,0,0,0,-9.899999999999977,42955.0
M22709,M,27.150000000000034,38.55000000000001,90.0,1374.0,47.9,222.0,1,1,0,0,0,0,-11.399999999999977,65814.59999999999
L56454,L,25.05000000000001,35.55000000000001,90.0,1428.0,54.9,45.0,0,0,0,0,0,0,-10.5,78397.2
L53576,L,26.850000000000023,36.450000000000045,90.0,1526.0,46.4,150.0,0,0,0,0,0,0,-9.600000000000023,70806.4
L50565,L,28.350000000000023,37.55000000000001,90.0,1466.0,43.6,56.0,0,0,0,0,0,0,-9.199999999999989,63917.6
L48364,L,24.150000000000034,35.35000000000002,90.0,1497.0,47.5,27.0,0,0,0,0,0,0,-11.199999999999989,71107.5
H34725,H,30.55000000000001,39.75,90.0,1460.0,49.8,2.0,0,0,0,0,0,0,-9.199999999999989,72708.0
L47949,L,23.75,34.85000000000002,90.0,1343.0,44.5,15.0,0,0,0,0,0,0,-11.100000000000023,59763.5
L47646,L,24.05000000000001,35.35000000000002,90.0,1550.0,41.5,125.0,0,0,0,0,0,0,-11.300000000000011,64325.0
L53445,L,27.650000000000034,37.150000000000034,90.0,1383.0,46.6,19.0,0,0,0,0,0,0,-9.5,64447.8
H34804,H,29.650000000000034,39.150000000000034,90.0,1483.0,47.2,223.0,0,0,0,0,0,0,-9.5,69997.6
L54450,L,27.05000000000001,37.25,90.0,1808.0,25.8,35.0,0,0,0,0,0,0,-10.199999999999989,46646.4
L55897,L,24.450000000000045,35.450000000000045,90.0,1607.0,31.1,2.0,0,0,0,0,0,0,-11.0,49977.700000000004
L52708,L,29.25,38.650000000000034,90.0,1387.0,48.3,171.0,0,0,0,0,0,0,-9.400000000000034,66992.09999999999
L48676,L,24.850000000000023,35.05000000000001,90.0,1619.0,33.2,196.0,0,0,0,0,0,0,-10.199999999999989,53750.8
L52245,L,30.850000000000023,40.05000000000001,90.0,1584.0,31.7,144.0,0,0,0,0,0,0,-9.199999999999989,50212.799999999996
L50890,L,29.150000000000034,38.35000000000002,90.0,1445.0,43.8,33.0,0,0,0,0,0,0,-9.199999999999989,63290.99999999999
L53422,L,27.850000000000023,37.25,90.0,1432.0,46.7,173.0,0,0,0,0,0,0,-9.399999999999977,66874.40000000001
M21141,M,28.05000000000001,37.55000000000001,90.0,1469.0,48.2,202.0,0,0,0,0,0,0,-9.5,70805.8
L56035,L,24.55000000000001,35.75,90.0,1304.0,57.4,179.0,0,0,0,0,0,0,-11.199999999999989,74849.59999999999
L54752,L,27.150000000000034,37.950000000000045,90.0,1488.0,41.1,158.0,0,0,0,0,0,0,-10.800000000000011,61156.8
L52011,L,30.350000000000023,38.85000000000002,90.0,1675.0,29.3,30.0,0,0,0,0,0,0,-8.5,49077.5
H37134,H,27.55000000000001,38.75,90.0,1521.0,34.2,92.0,0,0,0,0,0,0,-11.199999999999989,52018.200000000004
M18687,M,29.150000000000034,37.75,90.0,1452.0,44.6,122.0,0,0,0,0,0,0,-8.599999999999966,64759.200000000004
L50263,L,26.950000000000045,36.150000000000034,90.0,1447.0,40.2,188.0,0,0,0,0,0,0,-9.199999999999989,58169.4
M18055,M,27.25,36.55000000000001,90.0,1622.0,31.6,131.0,0,0,0,0,0,0,-9.300000000000011,51255.200000000004
L50127,L,27.450000000000045,36.450000000000045,90.0,1592.0,36.8,0.0,0,0,0,0,0,0,-9.0,58585.6
L48633,L,25.850000000000023,37.05000000000001,90.0,1517.0,40.1,61.0,0,0,0,0,0,0,-11.199999999999989,60831.700000000004
M24244,M,24.350000000000023,34.950000000000045,90.0,1415.0,44.6,122.0,0,0,0,0,0,0,-10.600000000000023,63109.0
M21805,M,27.650000000000034,38.25,90.0,1657.0,31.9,49.0,0,0,0,0,0,0,-10.599999999999966,52858.299999999996
L53441,L,27.950000000000045,37.450000000000045,90.0,1654.0,31.9,10.0,0,0,0,0,0,0,-9.5,52762.6
L48658,L,25.150000000000034,36.25,90.0,1359.0,56.9,140.0,0,0,0,0,0,0,-11.099999999999966,77327.09999999999
L55982,L,24.25,35.35000000000002,90.0,1524.0,43.1,73.0,0,0,0,0,0,0,-11.100000000000023,65684.40000000001
M20227,M,29.950000000000045,39.35000000000002,90.0,1467.0,36.7,157.0,0,0,0,0,0,0,-9.399999999999977,53838.9
L48795,L,24.650000000000034,34.650000000000034,90.0,1645.0,28.9,46.0,0,0,0,0,0,0,-10.0,47540.5
M20603,M,28.950000000000045,38.55000000000001,90.0,1454.0,43.0,15.0,0,0,0,0,0,0,-9.599999999999966,62522.0
L49446,L,26.150000000000034,35.35000000000002,90.0,1381.0,60.6,59.0,0,0,0,0,0,0,-9.199999999999989,83688.6
L53912,L,28.55000000000001,37.85000000000002,90.0,1503.0,44.6,134.0,0,0,0,0,0,0,-9.300000000000011,67033.8
L52708,L,29.25,38.75,90.0,1486.0,42.2,94.0,0,0,0,0,0,0,-9.5,62709.200000000004
L54894,L,27.450000000000045,38.650000000000034,90.0,1435.0,42.8,80.0,0,0,0,0,0,0,-11.199999999999989,61417.99999999999
M20606,M,28.850000000000023,38.35000000000002,90.0,1422.0,46.2,18.0,0,0,0,0,0,0,-9.5,65696.40000000001
M15588,M,24.150000000000034,35.55000000000001,90.0,1472.0,39.7,137.0,0,0,0,0,0,0,-11.399999999999977,58438.4
L56142,L,24.150000000000034,34.75,90.0,1723.0,30.8,156.0,0,0,0,0,0,0,-10.599999999999966,53068.4
L55695,L,25.350000000000023,36.25,90.0,1548.0,33.3,187.0,0,0,0,0,0,0,-10.899999999999977,51548.399999999994
L47455,L,24.850000000000023,34.85000000000002,90.0,1401.0,54.7,197.0,0,0,0,0,0,0,-10.0,76634.7
M17333,M,25.75,35.35000000000002,90.0,1366.0,48.9,9.0,0,0,0,0,0,0,-9.600000000000023,66797.4
L51481,L,28.55000000000001,37.75,90.0,1704.0,30.4,16.0,0,0,0,0,0,0,-9.199999999999989,51801.6
L56763,L,26.05000000000001,37.25,90.0,1553.0,37.4,96.0,0,0,0,0,0,0,-11.199999999999989,58082.2
L55650,L,25.55000000000001,36.650000000000034,90.0,1288.0,38.0,74.0,0,0,0,0,0,0,-11.100000000000023,48944.0
M20650,M,28.55000000000001,38.05000000000001,90.0,1563.0,32.6,139.0,0,0,0,0,0,0,-9.5,50953.8
L48605,L,25.350000000000023,36.55000000000001,90.0,1386.0,50.5,2.0,0,0,0,0,0,0,-11.199999999999989,69993.0
L51313,L,28.850000000000023,37.450000000000045,90.0,1350.0,57.4,29.0,0,0,0,0,0,0,-8.600000000000023,77490.0
M18802,M,29.05000000000001,38.150000000000034,90.0,1376.0,49.2,202.0,0,0,0,0,0,0,-9.100000000000023,67699.2
L50756,L,28.55000000000001,37.85000000000002,90.0,1498.0,43.5,210.0,0,0,0,0,0,0,-9.300000000000011,65163.0
L53258,L,27.650000000000034,37.55000000000001,90.0,1461.0,40.2,201.0,0,0,0,0,0,0,-9.899999999999977,58732.200000000004
L48781,L,24.650000000000034,34.650000000000034,90.0,1429.0,46.7,37.0,0,0,0,0,0,0,-10.0,66734.3
L55110,L,27.450000000000045,38.55000000000001,90.0,1708.0,29.4,207.0,0,0,0,0,0,0,-11.099999999999966,50215.2
L51108,L,29.05000000000001,38.05000000000001,90.0,1615.0,36.9,166.0,0,0,0,0,0,0,-9.0,59593.5
L55600,L,25.75,37.25,90.0,1485.0,40.4,159.0,0,0,0,0,0,0,-11.5,59994.0
L47997,L,23.650000000000034,34.75,90.0,1353.0,52.2,105.0,0,0,0,0,0,0,-11.099999999999966,70626.6
L53856,L,28.350000000000023,37.55000000000001,90.0,1650.0,31.2,166.0,0,0,0,0,0,0,-9.199999999999989,51480.0
L56275,L,24.150000000000034,34.950000000000045,90.0,1458.0,33.7,20.0,0,0,0,0,0,0,-10.800000000000011,49134.600000000006
L55258,L,27.05000000000001,38.450000000000045,90.0,1465.0,43.1,143.0,0,0,0,0,0,0,-11.400000000000034,63141.5
M18325,M,28.450000000000045,37.450000000000045,90.0,1525.0,42.8,72.0,0,0,0,0,0,0,-9.0,65269.99999999999
L51970,L,30.650000000000034,39.650000000000034,90.0,1644.0,30.9,98.0,0,0,0,0,0,0,-9.0,50799.6
L55707,L,25.150000000000034,36.150000000000034,90.0,1531.0,37.4,16.0,0,0,0,0,0,0,-11.0,57259.4
L49859,L,26.650000000000034,36.35000000000002,90.0,1457.0,41.7,14.0,0,0,0,0,0,0,-9.699999999999989,60756.9
L55230,L,27.350000000000023,38.75,90.0,1593.0,33.8,50.0,0,0,0,0,0,0,-11.399999999999977,53843.399999999994
L50947,L,29.150000000000034,37.950000000000045,90.0,1450.0,40.9,116.0,0,0,0,0,0,0,-8.800000000000011,59305.0
L50456,L,28.150000000000034,36.85000000000002,90.0,1438.0,40.9,206.0,0,0,0,0,0,0,-8.699999999999989,58814.2
M23954,M,24.150000000000034,34.950000000000045,90.0,1370.0,58.8,59.0,0,0,0,0,0,0,-10.800000000000011,80556.0
M23839,M,24.05000000000001,34.950000000000045,90.0,1447.0,37.7,127.0,0,0,0,0,0,0,-10.900000000000034,54551.9
L54285,L,27.75,37.25,90.0,1495.0,44.1,45.0,0,0,0,0,0,0,-9.5,65929.5
L54779,L,27.350000000000023,37.85000000000002,90.0,1495.0,36.3,12.0,0,0,0,0,0,0,-10.5,54268.49999999999
L56759,L,26.350000000000023,37.55000000000001,90.0,1476.0,33.5,173.0,0,0,0,0,0,0,-11.199999999999989,49446.0
L54369,L,27.25,37.25,90.0,1630.0,33.6,48.0,0,0,0,0,0,0,-10.0,54768.0
L50236,L,27.05000000000001,36.05000000000001,90.0,1392.0,47.7,39.0,0,0,0,0,0,0,-9.0,66398.40000000001
M15455,M,24.450000000000045,36.450000000000045,90.0,1539.0,33.1,7.0,0,0,0,0,0,0,-12.0,50940.9
M24206,M,25.05000000000001,35.650000000000034,90.0,1532.0,36.1,15.0,0,0,0,0,0,0,-10.600000000000023,55305.200000000004
L49052,L,25.05000000000001,34.650000000000034,90.0,1611.0,30.3,86.0,0,0,0,0,0,0,-9.600000000000023,48813.3
M22873,M,27.75,38.85000000000002,90.0,1529.0,34.6,185.0,0,0,0,0,0,0,-11.100000000000023,52903.4
M23058,M,26.05000000000001,37.55000000000001,90.0,1557.0,34.9,22.0,0,0,0,0,0,0,-11.5,54339.299999999996
M17291,M,25.75,35.05000000000001,90.0,1610.0,51.3,59.0,0,0,0,0,0,0,-9.300000000000011,82593.0
L56280,L,24.150000000000034,35.05000000000001,90.0,1446.0,38.0,7.0,0,0,0,0,0,0,-10.899999999999977,54948.0
L56092,L,24.05000000000001,35.35000000000002,90.0,1446.0,43.7,2.0,0,0,0,0,0,0,-11.300000000000011,63190.200000000004
L56759,L,26.350000000000023,37.55000000000001,90.0,1393.0,56.6,5.0,0,0,0,0,0,0,-11.199999999999989,78843.8
L53270,L,27.75,37.55000000000001,90.0,1452.0,44.4,18.0,0,0,0,0,0,0,-9.800000000000011,64468.799999999996
M16911,M,26.25,36.05000000000001,90.0,1620.0,35.4,92.0,0,0,0,0,0,0,-9.800000000000011,57348.0
L56756,L,26.450000000000045,37.55000000000001,90.0,1450.0,41.8,104.0,0,0,0,0,0,0,-11.099999999999966,60609.99999999999
L56922,L,25.75,37.05000000000001,90.0,1378.0,53.9,177.0,0,0,0,0,0,0,-11.300000000000011,74274.2
L54697,L,27.150000000000034,38.650000000000034,90.0,1478.0,45.1,15.0,0,0,0,0,0,0,-11.5,66657.8
M24174,M,24.950000000000045,35.25,90.0,1411.0,45.5,92.0,0,0,0,0,0,0,-10.299999999999955,64200.5
L54168,L,27.55000000000001,37.950000000000045,90.0,1457.0,39.5,165.0,0,0,0,0,0,0,-10.400000000000034,57551.5
L52973,L,28.650000000000034,38.150000000000034,90.0,1471.0,44.2,105.0,0,0,0,0,0,0,-9.5,65018.200000000004
L56906,L,25.75,36.650000000000034,90.0,1488.0,41.7,139.0,0,0,0,0,0,0,-10.900000000000034,62049.600000000006
L52311,L,31.150000000000034,40.35000000000002,90.0,1452.0,43.9,182.0,0,0,0,0,0,0,-9.199999999999989,63742.799999999996
L52310,L,30.950000000000045,40.150000000000034,90.0,1668.0,39.9,180.0,0,0,0,0,0,0,-9.199999999999989,66553.2
L54276,L,27.450000000000045,37.25,90.0,1489.0,43.2,17.0,0,0,0,0,0,0,-9.799999999999955,64324.8
L47795,L,24.950000000000045,36.75,90.0,1442.0,45.8,58.0,0,0,0,0,0,0,-11.799999999999955,66043.59999999999
L48844,L,24.850000000000023,34.85000000000002,90.0,1532.0,40.6,179.0,0,0,0,0,0,0,-10.0,62199.200000000004
L56779,L,25.850000000000023,36.950000000000045,90.0,1490.0,41.0,192.0,0,0,0,0,0,0,-11.100000000000023,61090.0
L49050,L,24.850000000000023,34.85000000000002,90.0,1513.0,41.3,152.0,0,0,0,0,0,0,-10.0,62486.899999999994
L53357,L,27.850000000000023,37.650000000000034,90.0,1418.0,47.2,201.0,0,0,0,0,0,0,-9.800000000000011,66929.6
L53256,L,27.850000000000023,37.75,90.0,1418.0,46.7,23.0,0,0,0,0,0,0,-9.899999999999977,66220.6
L49695,L,25.650000000000034,35.35000000000002,90.0,1459.0,45.1,29.0,0,0,0,0,0,0,-9.699999999999989,65800.90000000001
L50377,L,26.850000000000023,35.950000000000045,90.0,1516.0,39.2,9.0,0,0,0,0,0,0,-9.100000000000023,59427.200000000004
L48528,L,25.75,37.05000000000001,90.0,1429.0,45.5,125.0,0,0,0,0,0,0,-11.300000000000011,65019.5
L50808,L,28.950000000000045,38.150000000000034,90.0,1409.0,49.9,45.0,0,0,0,0,0,0,-9.199999999999989,70309.09999999999
L55352,L,26.75,38.25,90.0,1596.0,43.4,160.0,0,0,0,0,0,0,-11.5,69266.4
L53900,L,28.150000000000034,37.450000000000045,90.0,1451.0,48.0,104.0,0,0,0,0,0,0,-9.300000000000011,69648.0
L49253,L,26.450000000000045,36.25,90.0,1664.0,28.3,189.0,0,0,0,0,0,0,-9.799999999999955,47091.200000000004
L51913,L,30.25,38.35000000000002,90.0,1753.0,24.5,213.0,0,0,0,0,0,0,-8.100000000000023,42948.5
M24206,M,25.05000000000001,35.25,90.0,1737.0,26.3,20.0,0,0,0,0,0,0,-10.199999999999989,45683.1
L55265,L,27.05000000000001,38.25,90.0,1439.0,43.0,42.0,0,0,0,0,0,0,-11.199999999999989,61877.0
L49181,L,25.25,35.05000000000001,90.0,1604.0,34.9,13.0,0,0,0,0,0,0,-9.800000000000011,55979.6
L54897,L,27.350000000000023,38.450000000000045,90.0,1365.0,53.0,80.0,0,0,0,0,0,0,-11.100000000000023,72345.0
L56337,L,24.350000000000023,35.35000000000002,90.0,1486.0,46.3,148.0,0,0,0,0,0,0,-11.0,68801.8
L48589,L,25.75,36.950000000000045,90.0,1491.0,42.5,187.0,0,0,0,0,0,0,-11.200000000000045,63367.5
L49602,L,25.650000000000034,35.35000000000002,90.0,1488.0,39.7,155.0,0,0,0,0,0,0,-9.699999999999989,59073.600000000006
L50488,L,28.25,37.25,90.0,1456.0,43.6,86.0,0,0,0,0,0,0,-9.0,63481.6
L56938,L,25.450000000000045,36.650000000000034,90.0,1395.0,48.2,218.0,0,0,0,0,0,0,-11.199999999999989,67239.0
M19999,M,28.55000000000001,37.05000000000001,90.0,1336.0,58.8,207.0,1,0,1,0,0,0,-8.5,78556.8
L52420,L,30.55000000000001,39.85000000000002,90.0,1394.0,47.3,44.0,0,0,0,0,0,0,-9.300000000000011,65936.2
M19251,M,29.05000000000001,36.950000000000045,90.0,1363.0,45.1,12.0,1,0,1,0,0,0,-7.900000000000034,61471.3
L54930,L,27.25,38.55000000000001,90.0,1655.0,32.3,174.0,0,0,0,0,0,0,-11.300000000000011,53456.49999999999
L53282,L,27.55000000000001,37.55000000000001,90.0,1442.0,45.4,56.0,0,0,0,0,0,0,-10.0,65466.799999999996
L54967,L,27.350000000000023,38.35000000000002,90.0,1364.0,47.5,64.0,0,0,0,0,0,0,-11.0,64790.0
L56421,L,25.05000000000001,35.55000000000001,90.0,1683.0,29.1,162.0,0,0,0,0,0,0,-10.5,48975.3
L55874,L,24.05000000000001,35.450000000000045,90.0,1766.0,25.8,7.0,0,0,0,0,0,0,-11.400000000000034,45562.8
M18028,M,27.25,36.450000000000045,90.0,1710.0,30.3,0.0,0,0,0,0,0,0,-9.200000000000045,51813.0
L51220,L,28.850000000000023,37.650000000000034,90.0,1518.0,39.2,9.0,0,0,0,0,0,0,-8.800000000000011,59505.600000000006
M24331,M,25.05000000000001,36.25,90.0,1537.0,37.3,154.0,0,0,0,0,0,0,-11.199999999999989,57330.1
L49855,L,26.55000000000001,36.150000000000034,90.0,1584.0,37.3,7.0,0,0,0,0,0,0,-9.600000000000023,59083.2
L56611,L,24.850000000000023,35.55000000000001,90.0,1501.0,40.8,41.0,0,0,0,0,0,0,-10.699999999999989,61240.799999999996
L48085,L,22.450000000000045,32.950000000000045,90.0,1546.0,36.2,156.0,0,0,0,0,0,0,-10.5,55965.200000000004
L55838,L,24.350000000000023,35.35000000000002,90.0,1496.0,36.4,77.0,0,0,0,0,0,0,-11.0,54454.4
L48965,L,25.350000000000023,34.85000000000002,90.0,1384.0,43.4,0.0,0,0,0,0,0,0,-9.5,60065.6
L51001,L,29.150000000000034,37.75,90.0,1469.0,39.6,104.0,0,0,0,0,0,0,-8.599999999999966,58172.4
L51231,L,28.850000000000023,37.650000000000034,90.0,1556.0,37.6,37.0,0,0,0,0,0,0,-8.800000000000011,58505.600000000006
L52704,L,29.450000000000045,38.75,90.0,1468.0,43.9,89.0,0,0,0,0,0,0,-9.299999999999955,64445.2
L50227,L,27.05000000000001,36.25,90.0,1463.0,38.3,51.0,0,0,0,0,0,0,-9.199999999999989,56032.899999999994
L56930,L,25.55000000000001,36.85000000000002,90.0,1738.0,30.1,197.0,0,0,0,0,0,0,-11.300000000000011,52313.8
L51260,L,28.75,37.25,90.0,1510.0,38.9,59.0,0,0,0,0,0,0,-8.5,58739.0
H36303,H,27.75,38.25,90.0,1387.0,42.7,137.0,0,0,0,0,0,0,-10.5,59224.9
L48825,L,24.850000000000023,34.650000000000034,90.0,1738.0,28.4,0.0,0,0,0,0,0,0,-9.800000000000011,49359.2
L47454,L,24.950000000000045,34.85000000000002,90.0,1757.0,28.0,179.0,0,0,0,0,0,0,-9.899999999999977,49196.0
L54709,L,26.950000000000045,38.25,90.0,1467.0,35.7,59.0,0,0,0,0,0,0,-11.299999999999955,52371.9
H35946,H,27.850000000000023,37.450000000000045,90.0,1508.0,40.9,57.0,0,0,0,0,0,0,-9.600000000000023,61677.2
L56642,L,25.350000000000023,36.150000000000034,90.0,1668.0,30.0,131.0,0,0,0,0,0,0,-10.800000000000011,50040.0
L52324,L,31.05000000000001,40.35000000000002,90.0,1499.0,41.3,5.0,0,0,0,0,0,0,-9.300000000000011,61908.7
M15568,M,24.850000000000023,36.75,90.0,1452.0,44.2,43.0,0,0,0,0,0,0,-11.899999999999977,64178.4
H37401,H,27.850000000000023,39.05000000000001,90.0,1489.0,40.3,85.0,0,0,0,0,0,0,-11.199999999999989,60006.7
L54256,L,27.55000000000001,37.35000000000002,90.0,1555.0,36.7,199.0,0,0,0,0,0,0,-9.800000000000011,57068.50000000001
L50071,L,27.450000000000045,36.450000000000045,90.0,1751.0,30.7,78.0,0,0,0,0,0,0,-9.0,53755.7
H34262,H,30.25,38.85000000000002,90.0,1536.0,52.9,80.0,0,0,0,0,0,0,-8.600000000000023,81254.4
M23917,M,24.150000000000034,35.25,90.0,1452.0,39.6,97.0,0,0,0,0,0,0,-11.099999999999966,57499.200000000004
L49983,L,27.05000000000001,36.35000000000002,90.0,1343.0,40.4,133.0,0,0,0,0,0,0,-9.300000000000011,54257.2
L47231,L,25.75,35.950000000000045,90.0,1383.0,54.9,26.0,0,0,0,0,0,0,-10.200000000000045,75926.7
L56000,L,24.150000000000034,35.35000000000002,90.0,1551.0,52.7,125.0,0,0,0,0,0,0,-11.199999999999989,81737.70000000001
L51590,L,29.350000000000023,37.35000000000002,90.0,1553.0,32.1,64.0,0,0,0,0,0,0,-8.0,49851.3
L49813,L,26.850000000000023,36.25,90.0,1641.0,30.6,115.0,0,0,0,0,0,0,-9.399999999999977,50214.600000000006
L54764,L,27.350000000000023,38.05000000000001,90.0,1364.0,48.5,188.0,0,0,0,0,0,0,-10.699999999999989,66154.0
H32897,H,28.450000000000045,37.450000000000045,90.0,1373.0,48.5,85.0,0,0,0,0,0,0,-9.0,66590.5
L47186,L,24.950000000000045,35.450000000000045,90.0,1558.0,42.4,168.0,0,0,0,0,0,0,-10.5,66059.2
M23912,M,24.25,35.35000000000002,90.0,1566.0,35.8,81.0,0,0,0,0,0,0,-11.100000000000023,56062.799999999996
L54199,L,27.450000000000045,37.650000000000034,90.0,1741.0,27.1,16.0,0,0,0,0,0,0,-10.199999999999989,47181.100000000006
H30792,H,25.650000000000034,37.05000000000001,90.0,1455.0,44.9,54.0,0,0,0,0,0,0,-11.399999999999977,65329.5
L52809,L,29.55000000000001,39.05000000000001,90.0,1386.0,51.4,157.0,0,0,0,0,0,0,-9.5,71240.4
L56773,L,26.05000000000001,37.25,90.0,1511.0,48.8,41.0,0,0,0,0,0,0,-11.199999999999989,73736.8
M21577,M,28.25,37.450000000000045,90.0,1464.0,46.3,96.0,0,0,0,0,0,0,-9.200000000000045,67783.2
L50574,L,28.350000000000023,37.450000000000045,90.0,1405.0,38.2,83.0,0,0,0,0,0,0,-9.100000000000023,53671.00000000001
L54773,L,27.25,38.150000000000034,90.0,1397.0,46.0,0.0,0,0,0,0,0,0,-10.900000000000034,64262.0
L48404,L,23.950000000000045,35.150000000000034,90.0,1488.0,41.5,139.0,0,0,0,0,0,0,-11.199999999999989,61752.0
M24021,M,24.350000000000023,35.35000000000002,90.0,1651.0,27.1,163.0,0,0,0,0,0,0,-11.0,44742.100000000006
M23763,M,24.25,35.25,90.0,1579.0,35.6,151.0,0,0,0,0,0,0,-11.0,56212.4
L51644,L,29.55000000000001,37.25,90.0,1384.0,60.1,201.0,0,0,0,0,0,0,-7.699999999999989,83178.40000000001
L53137,L,27.55000000000001,37.75,90.0,1462.0,46.5,115.0,0,0,0,0,0,0,-10.199999999999989,67983.0
L54386,L,26.650000000000034,36.55000000000001,90.0,1457.0,51.9,205.0,0,0,0,0,0,0,-9.899999999999977,75618.3
M24669,M,25.05000000000001,35.85000000000002,90.0,1583.0,33.1,150.0,0,0,0,0,0,0,-10.800000000000011,52397.3
L56884,L,25.850000000000023,36.950000000000045,90.0,1569.0,36.0,74.0,0,0,0,0,0,0,-11.100000000000023,56484.0
M20878,M,27.25,37.150000000000034,90.0,1421.0,45.9,203.0,0,0,0,0,0,0,-9.900000000000034,65223.9
M17690,M,27.150000000000034,36.150000000000034,90.0,1569.0,34.3,150.0,0,0,0,0,0,0,-9.0,53816.7
L50482,L,28.150000000000034,37.35000000000002,90.0,1533.0,48.6,72.0,0,0,0,0,0,0,-9.199999999999989,74503.8
L52774,L,29.450000000000045,38.75,90.0,1521.0,35.3,70.0,0,0,0,0,0,0,-9.299999999999955,53691.299999999996
M19056,M,29.350000000000023,37.85000000000002,90.0,1563.0,40.9,190.0,0,0,0,0,0,0,-8.5,63926.7
L54594,L,26.950000000000045,37.950000000000045,90.0,1619.0,47.7,186.0,0,0,0,0,0,0,-11.0,77226.3
H39075,H,25.850000000000023,36.85000000000002,90.0,1462.0,41.0,153.0,0,0,0,0,0,0,-11.0,59942.0
L49985,L,26.850000000000023,36.25,90.0,1754.0,27.1,102.0,0,0,0,0,0,0,-9.399999999999977,47533.4
L49145,L,24.650000000000034,34.35000000000002,90.0,1425.0,42.8,125.0,0,0,0,0,0,0,-9.699999999999989,60989.99999999999
L53839,L,28.150000000000034,37.150000000000034,90.0,1626.0,31.3,9.0,0,0,0,0,0,0,-9.0,50893.8
M20616,M,28.850000000000023,38.35000000000002,90.0,1366.0,52.3,16.0,0,0,0,0,0,0,-9.5,71441.8
L51769,L,29.650000000000034,37.950000000000045,90.0,1560.0,38.0,87.0,0,0,0,0,0,0,-8.300000000000011,59280.0
L56275,L,24.150000000000034,34.950000000000045,90.0,1562.0,34.8,202.0,0,0,0,0,0,0,-10.800000000000011,54357.6
M15016,M,25.25,34.950000000000045,90.0,1495.0,46.0,171.0,0,0,0,0,0,0,-9.700000000000045,68770.0
L48625,L,25.850000000000023,36.950000000000045,90.0,1377.0,48.2,62.0,0,0,0,0,0,0,-11.100000000000023,66371.40000000001
L49544,L,26.05000000000001,35.150000000000034,90.0,1802.0,26.0,74.0,0,0,0,0,0,0,-9.100000000000023,46852.0
H31966,H,26.150000000000034,35.950000000000045,90.0,1552.0,40.7,119.0,0,0,0,0,0,0,-9.800000000000011,63166.4
L54993,L,26.850000000000023,38.55000000000001,90.0,1467.0,39.1,125.0,0,0,0,0,0,0,-11.699999999999989,57359.700000000004
L49689,L,25.850000000000023,35.75,90.0,1715.0,26.9,14.0,0,0,0,0,0,0,-9.899999999999977,46133.5
M19202,M,28.950000000000045,36.950000000000045,90.0,1561.0,34.7,176.0,0,0,0,0,0,0,-8.0,54166.700000000004
L56962,L,25.450000000000045,36.35000000000002,90.0,1363.0,48.7,127.0,0,0,0,0,0,0,-10.899999999999977,66378.1
L50763,L,28.650000000000034,37.55000000000001,90.0,1589.0,29.3,87.0,0,0,0,0,0,0,-8.899999999999977,46557.700000000004
L52722,L,29.150000000000034,38.55000000000001,90.0,1727.0,31.4,136.0,0,0,0,0,0,0,-9.399999999999977,54227.799999999996
L57142,L,25.05000000000001,34.75,90.0,1548.0,33.7,128.0,0,0,0,0,0,0,-9.699999999999989,52167.600000000006
L54665,L,27.150000000000034,38.450000000000045,90.0,1429.0,47.8,181.0,0,0,0,0,0,0,-11.300000000000011,68306.2
L49628,L,26.150000000000034,35.450000000000045,90.0,1488.0,41.0,127.0,0,0,0,0,0,0,-9.300000000000011,61008.0
L55161,L,27.850000000000023,39.150000000000034,90.0,1534.0,40.2,105.0,0,0,0,0,0,0,-11.300000000000011,61666.8
L49990,L,26.55000000000001,36.05000000000001,90.0,1618.0,32.1,113.0,0,0,0,0,0,0,-9.5,51937.8
L48599,L,25.450000000000045,36.950000000000045,90.0,1424.0,44.2,37.0,0,0,0,0,0,0,-11.5,62940.8
L53445,L,27.850000000000023,37.450000000000045,90.0,1384.0,46.8,19.0,0,0,0,0,0,0,-9.600000000000023,64771.2
M24429,M,25.850000000000023,37.85000000000002,90.0,1446.0,35.5,185.0,0,0,0,0,0,0,-12.0,51333.0
L56304,L,24.25,35.35000000000002,90.0,1498.0,38.1,148.0,0,0,0,0,0,0,-11.100000000000023,57073.8
L50560,L,28.25,37.55000000000001,90.0,1754.0,26.6,43.0,0,0,0,0,0,0,-9.300000000000011,46656.4
H37810,H,25.450000000000045,36.450000000000045,90.0,1426.0,43.6,135.0,0,0,0,0,0,0,-11.0,62173.6
L48733,L,25.350000000000023,35.650000000000034,90.0,1379.0,56.3,115.0,0,0,0,0,0,0,-10.300000000000011,77637.7
L55456,L,25.650000000000034,37.35000000000002,90.0,1384.0,52.6,7.0,0,0,0,0,0,0,-11.699999999999989,72798.40000000001
L55527,L,25.55000000000001,36.55000000000001,90.0,1665.0,31.1,178.0,0,0,0,0,0,0,-11.0,51781.5
L47698,L,24.25,36.25,90.0,1584.0,32.4,193.0,0,0,0,0,0,0,-12.0,51321.6
M19960,M,30.950000000000045,40.35000000000002,90.0,1567.0,35.8,107.0,0,0,0,0,0,0,-9.399999999999977,56098.6
L53183,L,27.25,37.05000000000001,90.0,1595.0,36.2,10.0,0,0,0,0,0,0,-9.800000000000011,57739.00000000001
L52009,L,30.150000000000034,38.650000000000034,90.0,1418.0,44.7,47.0,0,0,0,0,0,0,-8.5,63384.600000000006
H39258,H,25.450000000000045,36.35000000000002,90.0,1483.0,43.3,92.0,0,0,0,0,0,0,-10.899999999999977,64213.899999999994
L52457,L,30.450000000000045,39.85000000000002,90.0,1425.0,44.0,128.0,0,0,0,0,0,0,-9.399999999999977,62700.0
L55363,L,26.650000000000034,37.950000000000045,90.0,1589.0,32.2,188.0,0,0,0,0,0,0,-11.300000000000011,51165.8
L48482,L,25.650000000000034,36.650000000000034,90.0,1437.0,61.9,144.0,1,0,0,0,1,0,-11.0,88950.3
L53076,L,27.950000000000045,37.650000000000034,90.0,1642.0,32.4,169.0,0,0,0,0,0,0,-9.699999999999989,53200.799999999996
L55817,L,24.150000000000034,35.25,90.0,1577.0,30.8,137.0,0,0,0,0,0,0,-11.099999999999966,48571.6
L48210,L,23.150000000000034,34.25,90.0,1372.0,28.4,56.0,0,0,0,0,0,0,-11.099999999999966,38964.799999999996
L56012,L,24.25,35.650000000000034,90.0,1473.0,48.7,163.0,0,0,0,0,0,0,-11.400000000000034,71735.1
L47875,L,24.450000000000045,36.450000000000045,90.0,1508.0,33.3,207.0,0,0,0,0,0,0,-12.0,50216.399999999994
L50542,L,28.350000000000023,37.450000000000045,90.0,1370.0,52.0,111.0,0,0,0,0,0,0,-9.100000000000023,71240.0
H36143,H,28.350000000000023,37.450000000000045,90.0,1448.0,44.1,59.0,0,0,0,0,0,0,-9.100000000000023,63856.8
L49180,L,25.25,34.950000000000045,90.0,1450.0,43.4,0.0,0,0,0,0,0,0,-9.700000000000045,62930.0
M19103,M,29.25,37.75,90.0,1553.0,33.7,152.0,0,0,0,0,0,0,-8.5,52336.100000000006
L47673,L,24.350000000000023,35.950000000000045,90.0,1470.0,40.6,197.0,0,0,0,0,0,0,-11.600000000000023,59682.0
L54478,L,26.950000000000045,37.35000000000002,90.0,1628.0,32.2,37.0,0,0,0,0,0,0,-10.399999999999977,52421.600000000006
L53937,L,28.25,37.75,90.0,1597.0,37.7,197.0,0,0,0,0,0,0,-9.5,60206.9
M23193,M,25.650000000000034,36.55000000000001,90.0,1551.0,48.5,138.0,0,0,0,0,0,0,-10.899999999999977,75223.5
L49712,L,25.75,35.650000000000034,90.0,1450.0,40.9,71.0,0,0,0,0,0,0,-9.900000000000034,59305.0
M20021,M,30.950000000000045,40.05000000000001,90.0,1432.0,40.2,45.0,0,0,0,0,0,0,-9.099999999999966,57566.4
L53128,L,27.55000000000001,37.650000000000034,90.0,1521.0,35.8,70.0,0,0,0,0,0,0,-10.100000000000023,54451.799999999996
L55125,L,27.650000000000034,38.55000000000001,90.0,1432.0,50.7,12.0,0,0,0,0,0,0,-10.899999999999977,72602.40000000001
L47919,L,23.75,35.25,90.0,1390.0,41.8,59.0,0,0,0,0,0,0,-11.5,58101.99999999999
L56165,L,23.950000000000045,34.650000000000034,90.0,1568.0,36.6,135.0,0,0,0,0,0,0,-10.699999999999989,57388.8
M23585,M,24.05000000000001,35.450000000000045,90.0,1382.0,41.5,20.0,0,0,0,0,0,0,-11.400000000000034,57353.0
L50608,L,28.450000000000045,37.450000000000045,90.0,1391.0,41.9,164.0,0,0,0,0,0,0,-9.0,58282.9
H38530,H,24.25,35.25,90.0,1375.0,50.0,62.0,0,0,0,0,0,0,-11.0,68750.0
L56504,L,25.450000000000045,36.05000000000001,90.0,1537.0,37.6,172.0,0,0,0,0,0,0,-10.599999999999966,57791.200000000004
L48530,L,25.850000000000023,37.150000000000034,90.0,1390.0,52.4,27.0,0,0,0,0,0,0,-11.300000000000011,72836.0
L54271,L,27.450000000000045,37.05000000000001,90.0,1390.0,52.1,8.0,0,0,0,0,0,0,-9.599999999999966,72419.0
L53162,L,27.55000000000001,37.55000000000001,90.0,1574.0,35.7,171.0,0,0,0,0,0,0,-10.0,56191.8
L50265,L,26.950000000000045,36.150000000000034,90.0,1474.0,47.7,163.0,0,0,0,0,0,0,-9.199999999999989,70309.8
L54953,L,27.150000000000034,38.25,90.0,1759.0,24.8,33.0,0,0,0,0,0,0,-11.099999999999966,43623.200000000004
L56357,L,24.75,35.55000000000001,90.0,1575.0,32.6,131.0,0,0,0,0,0,0,-10.800000000000011,51345.0
L53537,L,26.950000000000045,36.450000000000045,90.0,1403.0,48.7,39.0,0,0,0,0,0,0,-9.5,68326.1
L48407,L,23.950000000000045,35.25,90.0,1558.0,37.3,7.0,0,0,0,0,0,0,-11.299999999999955,58113.399999999994
H34183,H,30.55000000000001,38.55000000000001,90.0,1554.0,35.4,160.0,0,0,0,0,0,0,-8.0,55011.6
L55961,L,24.350000000000023,35.450000000000045,90.0,1451.0,43.8,171.0,0,0,0,0,0,0,-11.100000000000023,63553.799999999996
L56266,L,23.950000000000045,34.650000000000034,90.0,1351.0,43.7,179.0,0,0,0,0,0,0,-10.699999999999989,59038.700000000004
L49834,L,26.75,36.35000000000002,90.0,1736.0,26.6,132.0,0,0,0,0,0,0,-9.600000000000023,46177.600000000006
L54139,L,27.450000000000045,37.85000000000002,90.0,1543.0,39.5,89.0,0,0,0,0,0,0,-10.399999999999977,60948.5
M18294,M,28.450000000000045,37.450000000000045,90.0,1400.0,50.4,211.0,0,0,0,0,0,0,-9.0,70560.0
L50101,L,27.650000000000034,36.55000000000001,90.0,1657.0,31.1,160.0,0,0,0,0,0,0,-8.899999999999977,51532.700000000004
M15131,M,24.950000000000045,34.950000000000045,90.0,1496.0,37.9,47.0,0,0,0,0,0,0,-10.0,56698.4
M21259,M,26.950000000000045,36.450000000000045,90.0,1598.0,29.7,157.0,0,0,0,0,0,0,-9.5,47460.6
L48951,L,25.350000000000023,34.85000000000002,90.0,1404.0,41.1,144.0,0,0,0,0,0,0,-9.5,57704.4
L50302,L,26.850000000000023,36.25,90.0,1473.0,35.2,35.0,0,0,0,0,0,0,-9.399999999999977,51849.600000000006
L53362,L,27.850000000000023,37.75,90.0,1464.0,46.3,19.0,0,0,0,0,0,0,-9.899999999999977,67783.2
L52316,L,30.950000000000045,40.05000000000001,90.0,1624.0,32.3,192.0,0,0,0,0,0,0,-9.099999999999966,52455.2
L55969,L,24.25,35.35000000000002,90.0,1471.0,49.7,45.0,0,0,0,0,0,0,-11.100000000000023,73108.7
L51034,L,29.25,37.950000000000045,90.0,1620.0,32.4,192.0,0,0,0,0,0,0,-8.700000000000045,52488.0
L48484,L,25.55000000000001,36.85000000000002,90.0,1486.0,47.4,56.0,0,0,0,0,0,0,-11.300000000000011,70436.4
H34770,H,30.150000000000034,39.450000000000045,90.0,1355.0,44.0,125.0,0,0,0,0,0,0,-9.300000000000011,59620.0
L49650,L,25.650000000000034,35.450000000000045,90.0,1467.0,44.7,136.0,0,0,0,0,0,0,-9.800000000000011,65574.90000000001
L48961,L,25.350000000000023,34.85000000000002,90.0,1710.0,28.8,46.0,0,0,0,0,0,0,-9.5,49248.0
L52783,L,29.75,39.05000000000001,90.0,1405.0,48.8,90.0,0,0,0,0,0,0,-9.300000000000011,68564.0
M22094,M,26.650000000000034,36.85000000000002,90.0,1520.0,48.1,150.0,0,0,0,0,0,0,-10.199999999999989,73112.0
M17863,M,27.450000000000045,36.75,90.0,1423.0,42.7,164.0,0,0,0,0,0,0,-9.299999999999955,60762.100000000006
L54230,L,27.55000000000001,37.25,90.0,1541.0,47.7,72.0,0,0,0,0,0,0,-9.699999999999989,73505.70000000001
H29767,H,24.350000000000023,35.25,90.0,1423.0,43.4,177.0,0,0,0,0,0,0,-10.899999999999977,61758.2
L48824,L,24.850000000000023,34.35000000000002,90.0,1465.0,39.2,57.0,0,0,0,0,0,0,-9.5,57428.00000000001
L55014,L,26.850000000000023,38.25,90.0,1483.0,45.6,146.0,0,0,0,0,0,0,-11.399999999999977,67624.8
L48492,L,25.75,37.05000000000001,90.0,1666.0,32.8,166.0,0,0,0,0,0,0,-11.300000000000011,54644.799999999996
L55542,L,25.450000000000045,36.450000000000045,90.0,1438.0,44.0,181.0,0,0,0,0,0,0,-11.0,63272.0
L49854,L,26.55000000000001,36.150000000000034,90.0,1480.0,37.2,4.0,0,0,0,0,0,0,-9.600000000000023,55056.00000000001
L51227,L,28.75,37.85000000000002,90.0,1498.0,46.0,29.0,0,0,0,0,0,0,-9.100000000000023,68908.0
M17084,M,26.55000000000001,35.85000000000002,90.0,1359.0,49.0,155.0,0,0,0,0,0,0,-9.300000000000011,66591.0
L52708,L,29.25,38.650000000000034,90.0,1384.0,50.9,135.0,0,0,0,0,0,0,-9.400000000000034,70445.59999999999
L55451,L,25.950000000000045,37.450000000000045,90.0,1802.0,25.3,188.0,0,0,0,0,0,0,-11.5,45590.6
L49184,L,25.350000000000023,35.05000000000001,90.0,1408.0,47.5,18.0,0,0,0,0,0,0,-9.699999999999989,66880.0
L53138,L,27.55000000000001,37.55000000000001,90.0,1471.0,44.5,67.0,0,0,0,0,0,0,-10.0,65459.5
L50025,L,27.150000000000034,36.05000000000001,90.0,1616.0,35.0,198.0,0,0,0,0,0,0,-8.899999999999977,56560.0
L56697,L,25.75,36.950000000000045,90.0,1349.0,54.5,53.0,0,0,0,0,0,0,-11.200000000000045,73520.5
L50205,L,27.350000000000023,36.450000000000045,90.0,1393.0,48.6,70.0,0,0,0,0,0,0,-9.100000000000023,67699.8
L50688,L,28.55000000000001,37.75,90.0,1555.0,44.9,160.0,0,0,0,0,0,0,-9.199999999999989,69819.5
L51324,L,28.650000000000034,36.950000000000045,90.0,1424.0,50.8,58.0,0,0,0,0,0,0,-8.300000000000011,72339.2
L56602,L,24.950000000000045,35.35000000000002,90.0,1426.0,46.2,20.0,0,0,0,0,0,0,-10.399999999999977,65881.2
L53647,L,27.25,36.650000000000034,90.0,1417.0,60.4,115.0,0,0,0,0,0,0,-9.400000000000034,85586.8
M15873,M,23.05000000000001,34.05000000000001,90.0,1439.0,43.1,14.0,0,0,0,0,0,0,-11.0,62020.9
L47327,L,25.25,35.25,90.0,1514.0,40.1,179.0,0,0,0,0,0,0,-10.0,60711.4
L47788,L,24.850000000000023,36.75,90.0,1709.0,29.3,43.0,0,0,0,0,0,0,-11.899999999999977,50073.700000000004
L53777,L,28.350000000000023,37.450000000000045,90.0,1427.0,46.8,98.0,0,0,0,0,0,0,-9.100000000000023,66783.59999999999
L47996,L,23.650000000000034,34.450000000000045,90.0,1644.0,30.6,79.0,0,0,0,0,0,0,-10.800000000000011,50306.4
M20649,M,28.55000000000001,38.35000000000002,90.0,1705.0,26.5,69.0,0,0,0,0,0,0,-9.800000000000011,45182.5
L48343,L,23.75,34.75,90.0,1706.0,29.1,204.0,0,0,0,0,0,0,-11.0,49644.600000000006
M22624,M,27.350000000000023,38.450000000000045,90.0,1555.0,34.6,5.0,0,0,0,0,0,0,-11.100000000000023,53803.0
L50344,L,27.25,36.650000000000034,90.0,1543.0,34.6,181.0,0,0,0,0,0,0,-9.400000000000034,53387.8
H30489,H,23.75,34.650000000000034,90.0,1383.0,54.5,2.0,0,0,0,0,0,0,-10.900000000000034,75373.5
L55583,L,25.350000000000023,36.35000000000002,90.0,1451.0,47.3,16.0,0,0,0,0,0,0,-11.0,68632.3
L55891,L,23.950000000000045,35.35000000000002,90.0,1534.0,37.3,50.0,0,0,0,0,0,0,-11.399999999999977,57218.2
L49976,L,27.05000000000001,36.35000000000002,90.0,1510.0,47.2,119.0,0,0,0,0,0,0,-9.300000000000011,71272.0
L49268,L,26.350000000000023,36.25,90.0,1408.0,43.9,55.0,0,0,0,0,0,0,-9.899999999999977,61811.2
L53112,L,27.350000000000023,37.35000000000002,90.0,1612.0,36.6,54.0,0,0,0,0,0,0,-10.0,58999.200000000004
L51769,L,29.650000000000034,38.05000000000001,90.0,1496.0,37.7,87.0,0,0,0,0,0,0,-8.399999999999977,56399.200000000004
L55126,L,27.450000000000045,38.450000000000045,90.0,1383.0,49.6,185.0,0,0,0,0,0,0,-11.0,68596.8
L56246,L,24.05000000000001,35.150000000000034,90.0,1490.0,39.7,124.0,0,0,0,0,0,0,-11.100000000000023,59153.00000000001
L56321,L,24.350000000000023,35.35000000000002,90.0,1711.0,33.8,0.0,0,0,0,0,0,0,-11.0,57831.799999999996
M18535,M,29.05000000000001,38.35000000000002,90.0,1476.0,38.0,54.0,0,0,0,0,0,0,-9.300000000000011,56088.0
L50608,L,28.450000000000045,37.55000000000001,90.0,1336.0,57.5,110.0,0,0,0,0,0,0,-9.099999999999966,76820.0
H38574,H,24.450000000000045,35.35000000000002,90.0,1364.0,46.0,158.0,0,0,0,0,0,0,-10.899999999999977,62744.0
L54087,L,27.75,38.150000000000034,90.0,1613.0,34.7,85.0,0,0,0,0,0,0,-10.400000000000034,55971.100000000006
M18694,M,29.150000000000034,38.25,90.0,1432.0,45.5,103.0,0,0,0,0,0,0,-9.099999999999966,65156.0
L50793,L,28.55000000000001,37.75,90.0,1557.0,39.9,4.0,0,0,0,0,0,0,-9.199999999999989,62124.299999999996
L53662,L,27.450000000000045,36.650000000000034,90.0,1463.0,43.7,153.0,0,0,0,0,0,0,-9.199999999999989,63933.100000000006
L49198,L,25.55000000000001,35.35000000000002,90.0,1365.0,48.6,48.0,0,0,0,0,0,0,-9.800000000000011,66339.0
M18058,M,26.850000000000023,35.950000000000045,90.0,1496.0,35.4,54.0,0,0,0,0,0,0,-9.100000000000023,52958.4
M24155,M,24.950000000000045,35.75,90.0,1427.0,50.2,107.0,0,0,0,0,0,0,-10.799999999999955,71635.40000000001
L55951,L,24.350000000000023,35.450000000000045,90.0,1706.0,28.4,202.0,0,0,0,0,0,0,-11.100000000000023,48450.399999999994
L55681,L,25.450000000000045,36.650000000000034,90.0,1625.0,32.2,14.0,0,0,0,0,0,0,-11.199999999999989,52325.00000000001
L50459,L,28.05000000000001,37.05000000000001,90.0,1378.0,52.4,13.0,0,0,0,0,0,0,-9.0,72207.2
L49082,L,24.850000000000023,34.450000000000045,90.0,1427.0,46.9,169.0,0,0,0,0,0,0,-9.600000000000023,66926.3
L56343,L,24.450000000000045,35.450000000000045,90.0,1446.0,40.4,20.0,0,0,0,0,0,0,-11.0,58418.4
L55411,L,25.75,37.35000000000002,90.0,1418.0,44.0,119.0,0,0,0,0,0,0,-11.600000000000023,62392.0
M21991,M,27.25,36.450000000000045,90.0,1410.0,50.6,124.0,0,0,0,0,0,0,-9.200000000000045,71346.0
L55970,L,24.25,35.35000000000002,90.0,1615.0,33.7,47.0,0,0,0,0,0,0,-11.100000000000023,54425.50000000001
L56787,L,25.75,36.950000000000045,90.0,1490.0,41.0,171.0,0,0,0,0,0,0,-11.200000000000045,61090.0
L52820,L,29.350000000000023,38.75,90.0,1394.0,46.5,182.0,0,0,0,0,0,0,-9.399999999999977,64821.0
L56511,L,25.25,35.75,90.0,1509.0,37.9,194.0,0,0,0,0,0,0,-10.5,57191.1
L54274,L,27.450000000000045,37.05000000000001,90.0,1434.0,48.7,119.0,0,0,0,0,0,0,-9.599999999999966,69835.8
L54607,L,26.850000000000023,38.25,90.0,1668.0,30.7,199.0,0,0,0,0,0,0,-11.399999999999977,51207.6
L55337,L,26.350000000000023,37.75,90.0,1358.0,46.2,156.0,0,0,0,0,0,0,-11.399999999999977,62739.600000000006
M23254,M,25.650000000000034,36.650000000000034,90.0,1535.0,38.5,96.0,0,0,0,0,0,0,-11.0,59097.5
L49651,L,25.75,35.450000000000045,90.0,1498.0,41.1,138.0,0,0,0,0,0,0,-9.700000000000045,61567.8
L53361,L,27.850000000000023,37.650000000000034,90.0,1445.0,45.9,15.0,0,0,0,0,0,0,-9.800000000000011,66325.5
L55086,L,27.75,39.25,90.0,1526.0,46.8,142.0,0,0,0,0,0,0,-11.5,71416.8
M21997,M,27.350000000000023,36.85000000000002,90.0,1486.0,51.0,127.0,0,0,0,0,0,0,-9.5,75786.0
M17096,M,26.150000000000034,35.450000000000045,90.0,1556.0,37.2,157.0,0,0,0,0,0,0,-9.300000000000011,57883.200000000004
L56283,L,23.850000000000023,35.05000000000001,90.0,1769.0,26.3,16.0,0,0,0,0,0,0,-11.199999999999989,46524.700000000004
M20228,M,29.950000000000045,39.35000000000002,90.0,1667.0,30.0,9.0,0,0,0,0,0,0,-9.399999999999977,50010.0
L51283,L,28.850000000000023,37.25,90.0,1493.0,38.3,175.0,0,0,0,0,0,0,-8.399999999999977,57181.899999999994
L53349,L,27.650000000000034,37.75,90.0,1570.0,35.8,50.0,0,0,0,0,0,0,-10.099999999999966,56205.99999999999
L51335,L,28.850000000000023,37.35000000000002,90.0,1622.0,32.5,79.0,0,0,0,0,0,0,-8.5,52715.0
L48670,L,25.05000000000001,36.650000000000034,90.0,1341.0,43.8,119.0,0,0,0,0,0,0,-11.600000000000023,58735.799999999996
L54533,L,26.650000000000034,37.150000000000034,90.0,1593.0,40.4,33.0,0,0,0,0,0,0,-10.5,64357.2
L48984,L,24.950000000000045,34.55000000000001,90.0,1495.0,47.7,111.0,0,0,0,0,0,0,-9.599999999999966,71311.5
L49414,L,26.25,35.450000000000045,90.0,1470.0,43.9,181.0,0,0,0,0,0,0,-9.200000000000045,64533.0
L55763,L,24.25,34.85000000000002,90.0,1751.0,28.0,154.0,0,0,0,0,0,0,-10.600000000000023,49028.0
H37984,H,24.75,35.55000000000001,90.0,1512.0,40.6,175.0,0,0,0,0,0,0,-10.800000000000011,61387.200000000004
M16340,M,25.350000000000023,36.55000000000001,90.0,1519.0,39.7,130.0,0,0,0,0,0,0,-11.199999999999989,60304.3
M21349,M,27.75,37.150000000000034,90.0,1488.0,41.9,173.0,0,0,0,0,0,0,-9.400000000000034,62347.2
L55194,L,27.75,38.85000000000002,90.0,1500.0,42.0,188.0,0,0,0,0,0,0,-11.100000000000023,63000.0
M21193,M,27.25,36.75,90.0,1535.0,38.6,192.0,0,0,0,0,0,0,-9.5,59251.0
L50677,L,28.75,37.85000000000002,90.0,1618.0,31.9,126.0,0,0,0,0,0,0,-9.100000000000023,51614.2
M17382,M,25.850000000000023,35.55000000000001,90.0,1343.0,53.6,148.0,0,0,0,0,0,0,-9.699999999999989,71984.8
L53547,L,26.850000000000023,36.450000000000045,90.0,1446.0,45.6,33.0,0,0,0,0,0,0,-9.600000000000023,65937.6
M20989,M,27.55000000000001,37.75,90.0,1544.0,39.9,106.0,0,0,0,0,0,0,-10.199999999999989,61605.6
M15568,M,24.450000000000045,35.75,90.0,1607.0,36.7,101.0,0,0,0,0,0,0,-11.299999999999955,58976.9
L54107,L,27.950000000000045,38.55000000000001,90.0,1470.0,40.5,5.0,0,0,0,0,0,0,-10.599999999999966,59535.0
L56209,L,24.25,35.150000000000034,90.0,1483.0,38.1,41.0,0,0,0,0,0,0,-10.900000000000034,56502.3
L48152,L,22.75,33.450000000000045,90.0,1390.0,56.2,115.0,0,0,0,0,0,0,-10.700000000000045,78118.0
L56091,L,23.950000000000045,35.25,90.0,1443.0,49.6,5.0,0,0,0,0,0,0,-11.299999999999955,71572.8
L48422,L,23.950000000000045,35.25,90.0,1546.0,38.4,197.0,0,0,0,0,0,0,-11.299999999999955,59366.399999999994
L51096,L,29.450000000000045,38.450000000000045,90.0,1520.0,37.0,135.0,0,0,0,0,0,0,-9.0,56240.0
L48848,L,25.05000000000001,34.75,90.0,1561.0,34.1,125.0,0,0,0,0,0,0,-9.699999999999989,53230.100000000006
L49366,L,26.55000000000001,36.25,90.0,1488.0,42.9,158.0,0,0,0,0,0,0,-9.699999999999989,63835.2
L54469,L,27.150000000000034,37.450000000000045,90.0,1433.0,48.1,85.0,0,0,0,0,0,0,-10.300000000000011,68927.3
L48956,L,25.350000000000023,34.650000000000034,90.0,1468.0,46.7,32.0,0,0,0,0,0,0,-9.300000000000011,68555.6
M18105,M,27.850000000000023,36.55000000000001,90.0,1588.0,40.6,138.0,0,0,0,0,0,0,-8.699999999999989,64472.8
L53629,L,27.450000000000045,37.05000000000001,90.0,1519.0,45.2,74.0,0,0,0,0,0,0,-9.599999999999966,68658.8
L55691,L,25.25,36.450000000000045,90.0,1466.0,44.2,155.0,0,0,0,0,0,0,-11.200000000000045,64797.200000000004
L54152,L,27.55000000000001,37.85000000000002,90.0,1452.0,41.9,126.0,0,0,0,0,0,0,-10.300000000000011,60838.799999999996
L52912,L,29.150000000000034,38.55000000000001,90.0,1635.0,44.5,127.0,0,0,0,0,0,0,-9.399999999999977,72757.5
M15907,M,23.450000000000045,34.55000000000001,90.0,1474.0,51.1,0.0,0,0,0,0,0,0,-11.099999999999966,75321.40000000001
M22956,M,27.05000000000001,38.450000000000045,90.0,1466.0,45.4,167.0,0,0,0,0,0,0,-11.400000000000034,66556.4
M20085,M,30.850000000000023,40.05000000000001,90.0,1432.0,42.3,7.0,0,0,0,0,0,0,-9.199999999999989,60573.6
H35545,H,27.850000000000023,37.85000000000002,90.0,1700.0,37.6,181.0,0,0,0,0,0,0,-10.0,63920.0
M21804,M,27.55000000000001,38.25,90.0,1330.0,51.2,2.0,0,0,0,0,0,0,-10.699999999999989,68096.0
L52850,L,29.05000000000001,38.25,90.0,1336.0,54.6,124.0,0,0,0,0,0,0,-9.199999999999989,72945.6
L48732,L,25.350000000000023,35.75,90.0,1781.0,27.8,124.0,0,0,0,0,0,0,-10.399999999999977,49511.8
L55983,L,24.25,35.35000000000002,90.0,1596.0,35.1,75.0,0,0,0,0,0,0,-11.100000000000023,56019.600000000006
L54309,L,27.450000000000045,36.85000000000002,90.0,1635.0,40.8,87.0,0,0,0,0,0,0,-9.399999999999977,66708.0
L55897,L,24.05000000000001,35.450000000000045,90.0,1474.0,50.0,164.0,0,0,0,0,0,0,-11.400000000000034,73700.0
L56413,L,25.150000000000034,35.950000000000045,90.0,1454.0,45.1,138.0,0,0,0,0,0,0,-10.800000000000011,65575.40000000001
L49494,L,26.05000000000001,35.75,90.0,1368.0,53.2,175.0,0,0,0,0,0,0,-9.699999999999989,72777.6
L49768,L,25.850000000000023,35.55000000000001,90.0,1605.0,32.0,206.0,0,0,0,0,0,0,-9.699999999999989,51360.0
L49523,L,26.05000000000001,35.650000000000034,90.0,1708.0,28.4,156.0,0,0,0,0,0,0,-9.600000000000023,48507.2
M15547,M,24.55000000000001,36.05000000000001,90.0,1471.0,45.7,0.0,0,0,0,0,0,0,-11.5,67224.7
H33869,H,29.150000000000034,37.35000000000002,90.0,1658.0,33.9,166.0,0,0,0,0,0,0,-8.199999999999989,56206.2
M23208,M,25.55000000000001,36.35000000000002,90.0,1818.0,24.9,182.0,0,0,0,0,0,0,-10.800000000000011,45268.2
L53153,L,27.55000000000001,37.650000000000034,90.0,1354.0,51.8,157.0,0,0,0,0,0,0,-10.100000000000023,70137.2
L49950,L,26.850000000000023,36.35000000000002,90.0,1362.0,47.9,16.0,0,0,0,0,0,0,-9.5,65239.799999999996
M22390,M,26.950000000000045,38.35000000000002,90.0,1530.0,36.1,47.0,0,0,0,0,0,0,-11.399999999999977,55233.0
L52712,L,29.25,38.75,90.0,1381.0,44.4,112.0,0,0,0,0,0,0,-9.5,61316.4
L53104,L,27.55000000000001,36.950000000000045,90.0,1508.0,42.3,31.0,0,0,0,0,0,0,-9.400000000000034,63788.399999999994
L56936,L,25.450000000000045,36.75,90.0,1619.0,34.6,98.0,0,0,0,0,0,0,-11.299999999999955,56017.4
L52100,L,30.25,39.05000000000001,90.0,1419.0,49.2,69.0,0,0,0,0,0,0,-8.800000000000011,69814.8
L53123,L,27.55000000000001,37.55000000000001,90.0,1486.0,41.2,82.0,0,0,0,0,0,0,-10.0,61223.200000000004
L47825,L,24.55000000000001,36.25,90.0,1477.0,47.3,124.0,0,0,0,0,0,0,-11.699999999999989,69862.09999999999
L47278,L,25.75,36.950000000000045,90.0,1447.0,40.6,53.0,0,0,0,0,0,0,-11.200000000000045,58748.200000000004
L51931,L,30.150000000000034,38.25,90.0,1446.0,42.9,42.0,0,0,0,0,0,0,-8.099999999999966,62033.4
L55382,L,26.25,37.55000000000001,90.0,1565.0,36.1,5.0,0,0,0,0,0,0,-11.300000000000011,56496.5
L56412,L,25.05000000000001,35.85000000000002,90.0,1360.0,52.0,98.0,0,0,0,0,0,0,-10.800000000000011,70720.0
L47944,L,23.650000000000034,34.650000000000034,90.0,1557.0,56.5,179.0,0,0,0,0,0,0,-11.0,87970.5
L53233,L,27.650000000000034,37.650000000000034,90.0,1434.0,42.0,140.0,0,0,0,0,0,0,-10.0,60228.0
L49720,L,25.950000000000045,35.650000000000034,90.0,1413.0,41.2,94.0,0,0,0,0,0,0,-9.699999999999989,58215.600000000006
L50474,L,28.05000000000001,37.05000000000001,90.0,1702.0,26.6,54.0,0,0,0,0,0,0,-9.0,45273.200000000004
L51124,L,29.350000000000023,38.35000000000002,90.0,1429.0,49.3,207.0,0,0,0,0,0,0,-9.0,70449.7
L53140,L,27.55000000000001,37.85000000000002,90.0,1548.0,41.3,2.0,0,0,0,0,0,0,-10.300000000000011,63932.399999999994
L48757,L,25.150000000000034,35.25,90.0,1563.0,33.5,172.0,0,0,0,0,0,0,-10.099999999999966,52360.5
L53455,L,28.150000000000034,37.650000000000034,90.0,1628.0,31.0,0.0,0,0,0,0,0,0,-9.5,50468.0
L53258,L,27.650000000000034,37.55000000000001,90.0,1418.0,51.2,201.0,0,0,0,0,0,0,-9.899999999999977,72601.6
L47662,L,24.350000000000023,35.85000000000002,90.0,1560.0,36.8,171.0,0,0,0,0,0,0,-11.5,57407.99999999999
H38389,H,23.55000000000001,34.25,90.0,1661.0,34.2,5.0,0,0,0,0,0,0,-10.699999999999989,56806.200000000004
L54765,L,27.25,37.950000000000045,90.0,1541.0,36.2,189.0,0,0,0,0,0,0,-10.700000000000045,55784.200000000004
M20918,M,27.650000000000034,37.75,90.0,1743.0,27.2,153.0,0,0,0,0,0,0,-10.099999999999966,47409.6
L48301,L,23.450000000000045,34.35000000000002,90.0,1496.0,38.3,160.0,0,0,0,0,0,0,-10.899999999999977,57296.799999999996
L53601,L,27.25,36.650000000000034,90.0,1412.0,43.3,0.0,0,0,0,0,0,0,-9.400000000000034,61139.6
L53474,L,27.950000000000045,37.35000000000002,90.0,1399.0,47.0,86.0,0,0,0,0,0,0,-9.399999999999977,65753.0
L49855,L,26.650000000000034,36.150000000000034,90.0,1533.0,44.7,6.0,0,0,0,0,0,0,-9.5,68525.1
L49594,L,25.950000000000045,35.35000000000002,90.0,1415.0,43.4,114.0,0,0,0,0,0,0,-9.399999999999977,61411.0
L53940,L,28.350000000000023,37.75,90.0,1491.0,36.7,0.0,0,0,0,0,0,0,-9.399999999999977,54719.700000000004
M24827,M,25.150000000000034,35.55000000000001,90.0,1369.0,47.6,179.0,0,0,0,0,0,0,-10.399999999999977,65164.4
L55258,L,27.25,38.650000000000034,90.0,1444.0,43.5,117.0,0,0,0,0,0,0,-11.400000000000034,62814.0
L56355,L,24.650000000000034,35.85000000000002,90.0,1513.0,42.7,30.0,0,0,0,0,0,0,-11.199999999999989,64605.100000000006
L49528,L,26.05000000000001,35.25,90.0,1685.0,31.6,28.0,0,0,0,0,0,0,-9.199999999999989,53246.0
L49594,L,25.950000000000045,35.35000000000002,90.0,1419.0,46.8,4.0,0,0,0,0,0,0,-9.399999999999977,66409.2
L56257,L,24.150000000000034,34.950000000000045,90.0,1384.0,50.5,154.0,0,0,0,0,0,0,-10.800000000000011,69892.0
L48800,L,24.950000000000045,34.650000000000034,90.0,1567.0,36.6,158.0,0,0,0,0,0,0,-9.699999999999989,57352.200000000004
L54967,L,27.150000000000034,38.35000000000002,90.0,1466.0,44.0,50.0,0,0,0,0,0,0,-11.199999999999989,64504.0
H32515,H,26.850000000000023,35.85000000000002,90.0,1467.0,37.3,193.0,0,0,0,0,0,0,-9.0,54719.1
M16486,M,24.75,34.650000000000034,90.0,1360.0,48.7,199.0,0,0,0,0,0,0,-9.900000000000034,66232.0
M20320,M,29.850000000000023,39.35000000000002,90.0,1526.0,36.1,142.0,0,0,0,0,0,0,-9.5,55088.6
L54777,L,27.350000000000023,37.85000000000002,90.0,1401.0,47.7,9.0,0,0,0,0,0,0,-10.5,66827.7
L53273,L,27.75,37.650000000000034,90.0,1375.0,57.2,20.0,0,0,0,0,0,0,-9.900000000000034,78650.0
L55679,L,25.25,36.450000000000045,90.0,1655.0,30.2,168.0,0,0,0,0,0,0,-11.200000000000045,49981.0
M20887,M,27.55000000000001,37.85000000000002,90.0,1474.0,44.3,5.0,0,0,0,0,0,0,-10.300000000000011,65298.2
M21711,M,27.850000000000023,38.35000000000002,90.0,1536.0,37.8,16.0,0,0,0,0,0,0,-10.5,58060.799999999996
L53453,L,28.05000000000001,37.650000000000034,90.0,1460.0,41.9,40.0,0,0,0,0,0,0,-9.600000000000023,61174.0
L54298,L,27.75,37.35000000000002,90.0,1565.0,40.9,81.0,0,0,0,0,0,0,-9.600000000000023,64008.5
L56407,L,24.850000000000023,35.85000000000002,90.0,1487.0,42.6,124.0,0,0,0,0,0,0,-11.0,63346.200000000004
L56772,L,25.75,36.950000000000045,90.0,1732.0,25.4,39.0,0,0,0,0,0,0,-11.200000000000045,43992.799999999996
L55169,L,27.950000000000045,39.25,90.0,1680.0,33.9,124.0,0,0,0,0,0,0,-11.299999999999955,56952.0
L56536,L,25.150000000000034,35.75,90.0,1628.0,52.7,44.0,0,0,0,0,0,0,-10.599999999999966,85795.6
L48900,L,25.05000000000001,34.75,90.0,1553.0,38.9,89.0,0,0,0,0,0,0,-9.699999999999989,60411.7
L53199,L,27.450000000000045,37.650000000000034,90.0,1763.0,27.5,55.0,0,0,0,0,0,0,-10.199999999999989,48482.5
L55467,L,25.75,37.450000000000045,90.0,1797.0,24.5,24.0,0,0,0,0,0,0,-11.700000000000045,44026.5
L49341,L,26.450000000000045,35.950000000000045,90.0,1420.0,45.3,85.0,0,0,0,0,0,0,-9.5,64325.99999999999
L56932,L,25.450000000000045,36.650000000000034,90.0,1461.0,47.6,201.0,0,0,0,0,0,0,-11.199999999999989,69543.6
L47936,L,23.650000000000034,34.85000000000002,90.0,1643.0,34.1,0.0,0,0,0,0,0,0,-11.199999999999989,56026.3
L56096,L,23.950000000000045,35.150000000000034,90.0,1442.0,47.0,171.0,0,0,0,0,0,0,-11.199999999999989,67774.0
L52822,L,29.350000000000023,38.85000000000002,90.0,1597.0,29.3,186.0,0,0,0,0,0,0,-9.5,46792.1
L52166,L,30.55000000000001,39.25,90.0,1627.0,32.2,188.0,0,0,0,0,0,0,-8.699999999999989,52389.4
L48900,L,25.150000000000034,34.55000000000001,90.0,1574.0,34.7,86.0,0,0,0,0,0,0,-9.399999999999977,54617.8
L56711,L,26.25,37.650000000000034,90.0,1614.0,32.3,156.0,0,0,0,0,0,0,-11.400000000000034,52132.2
M21994,M,27.350000000000023,36.85000000000002,90.0,1567.0,36.7,0.0,0,0,0,0,0,0,-9.5,57508.9
M23193,M,25.450000000000045,36.450000000000045,90.0,1398.0,50.5,138.0,0,0,0,0,0,0,-11.0,70599.0
L53848,L,28.350000000000023,37.25,90.0,1418.0,44.2,206.0,0,0,0,0,0,0,-8.899999999999977,62675.600000000006
L52345,L,31.05000000000001,40.25,90.0,1390.0,51.7,56.0,0,0,0,0,0,0,-9.199999999999989,71863.0
L49602,L,25.75,35.05000000000001,90.0,1643.0,33.7,197.0,0,0,0,0,0,0,-9.300000000000011,55369.100000000006
L54128,L,27.55000000000001,38.05000000000001,90.0,1425.0,45.9,71.0,0,0,0,0,0,0,-10.5,65407.5
L55800,L,24.25,35.150000000000034,90.0,1694.0,28.3,5.0,0,0,0,0,0,0,-10.900000000000034,47940.200000000004
M15079,M,25.150000000000034,35.25,90.0,1625.0,37.1,148.0,0,0,0,0,0,0,-10.099999999999966,60287.5
M23173,M,25.650000000000034,36.85000000000002,90.0,1484.0,44.9,24.0,0,0,0,0,0,0,-11.199999999999989,66631.59999999999
M22546,M,27.350000000000023,38.55000000000001,90.0,1564.0,36.6,0.0,0,0,0,0,0,0,-11.199999999999989,57242.4
M15347,M,24.25,35.950000000000045,90.0,1463.0,32.0,183.0,0,0,0,0,0,0,-11.700000000000045,46816.0
L54339,L,26.950000000000045,36.85000000000002,90.0,1511.0,54.2,186.0,0,0,0,0,0,0,-9.899999999999977,81896.2
L56653,L,25.650000000000034,36.35000000000002,90.0,1446.0,40.0,160.0,0,0,0,0,0,0,-10.699999999999989,57840.0
L54960,L,27.25,38.55000000000001,90.0,1517.0,39.0,49.0,0,0,0,0,0,0,-11.300000000000011,59163.0
L51278,L,28.75,37.25,90.0,1391.0,49.8,148.0,0,0,0,0,0,0,-8.5,69271.8
L52892,L,29.05000000000001,38.55000000000001,90.0,1446.0,54.6,177.0,0,0,0,0,0,0,-9.5,78951.6
M16654,M,24.950000000000045,34.650000000000034,90.0,1542.0,43.5,63.0,0,0,0,0,0,0,-9.699999999999989,67077.0
L51377,L,29.25,37.85000000000002,90.0,1631.0,30.4,193.0,0,0,0,0,0,0,-8.600000000000023,49582.399999999994
M24302,M,24.950000000000045,35.75,90.0,1394.0,47.9,70.0,0,0,0,0,0,0,-10.799999999999955,66772.59999999999
L47643,L,24.25,35.55000000000001,90.0,1511.0,37.1,118.0,0,0,0,0,0,0,-11.300000000000011,56058.1
M18692,M,29.150000000000034,37.950000000000045,90.0,1421.0,43.4,149.0,0,0,0,0,0,0,-8.800000000000011,61671.4
M24071,M,25.05000000000001,35.85000000000002,90.0,1325.0,62.7,123.0,0,0,0,0,0,0,-10.800000000000011,83077.5
L56875,L,25.950000000000045,36.85000000000002,90.0,1429.0,43.0,60.0,0,0,0,0,0,0,-10.899999999999977,61447.0
L53354,L,27.75,37.650000000000034,90.0,1477.0,47.2,2.0,0,0,0,0,0,0,-9.900000000000034,69714.40000000001
L57027,L,25.25,36.35000000000002,90.0,1362.0,46.1,37.0,0,0,0,0,0,0,-11.100000000000023,62788.200000000004
H34311,H,30.450000000000045,39.35000000000002,90.0,1629.0,33.8,14.0,0,0,0,0,0,0,-8.899999999999977,55060.2
M16202,M,25.450000000000045,36.950000000000045,90.0,1500.0,39.3,197.0,0,0,0,0,0,0,-11.5,58949.99999999999
L56160,L,23.850000000000023,34.85000000000002,90.0,1589.0,30.4,0.0,0,0,0,0,0,0,-11.0,48305.6
L50819,L,29.25,38.450000000000045,90.0,1548.0,42.3,68.0,0,0,0,0,0,0,-9.200000000000045,65480.399999999994
L54217,L,27.55000000000001,37.450000000000045,90.0,1465.0,39.5,64.0,0,0,0,0,0,0,-9.900000000000034,57867.5
M15333,M,24.25,36.25,90.0,1504.0,42.0,147.0,0,0,0,0,0,0,-12.0,63168.0
L56161,L,23.850000000000023,34.55000000000001,90.0,1309.0,51.0,33.0,0,0,0,0,0,0,-10.699999999999989,66759.0
L48085,L,23.850000000000023,32.950000000000045,90.0,1555.0,34.1,119.0,0,0,0,0,0,0,-9.100000000000023,53025.5
M18047,M,27.05000000000001,36.25,90.0,1438.0,47.4,0.0,0,0,0,0,0,0,-9.199999999999989,68161.2
M19115,M,29.350000000000023,37.85000000000002,90.0,1387.0,52.1,122.0,0,0,0,0,0,0,-8.5,72262.7
L48805,L,24.75,34.650000000000034,90.0,1457.0,46.9,73.0,0,0,0,0,0,0,-9.900000000000034,68333.3
L54729,L,27.25,38.150000000000034,90.0,1399.0,41.2,170.0,0,0,0,0,0,0,-10.900000000000034,57638.8
L48994,L,24.950000000000045,34.55000000000001,90.0,1650.0,52.6,138.0,0,0,0,0,0,0,-9.599999999999966,86790.0
L48676,L,24.850000000000023,35.55000000000001,90.0,1521.0,46.1,189.0,0,0,0,0,0,0,-10.699999999999989,70118.1
L48204,L,23.05000000000001,34.150000000000034,90.0,1711.0,29.9,5.0,0,0,0,0,0,0,-11.100000000000023,51158.899999999994
L50540,L,28.350000000000023,37.450000000000045,90.0,1353.0,53.1,202.0,0,0,0,0,0,0,-9.100000000000023,71844.3
L49543,L,26.25,35.450000000000045,90.0,1510.0,45.4,74.0,0,0,0,0,0,0,-9.200000000000045,68554.0
L53857,L,28.350000000000023,37.55000000000001,90.0,1435.0,33.8,51.0,0,0,0,0,0,0,-9.199999999999989,48502.99999999999
L54274,L,27.450000000000045,37.05000000000001,90.0,1522.0,35.7,17.0,0,0,0,0,0,0,-9.599999999999966,54335.4
M19952,M,30.75,40.150000000000034,90.0,1521.0,36.4,85.0,0,0,0,0,0,0,-9.400000000000034,55364.4
L55798,L,24.350000000000023,35.450000000000045,90.0,1533.0,36.8,34.0,0,0,0,0,0,0,-11.100000000000023,56414.399999999994
M22260,M,26.850000000000023,36.450000000000045,90.0,1633.0,34.2,151.0,0,0,0,0,0,0,-9.600000000000023,55848.600000000006
M17524,M,26.75,36.150000000000034,90.0,1804.0,26.0,190.0,0,0,0,0,0,0,-9.400000000000034,46904.0
L56258,L,24.150000000000034,34.950000000000045,90.0,1430.0,47.3,154.0,0,0,0,0,0,0,-10.800000000000011,67639.0
M24142,M,25.05000000000001,35.75,90.0,1422.0,45.6,45.0,0,0,0,0,0,0,-10.699999999999989,64843.200000000004
L51287,L,28.850000000000023,37.35000000000002,90.0,1809.0,39.1,182.0,0,0,0,0,0,0,-8.5,70731.90000000001
L54071,L,27.850000000000023,38.450000000000045,90.0,1531.0,41.4,129.0,0,0,0,0,0,0,-10.600000000000023,63383.4
L56506,L,25.350000000000023,35.950000000000045,90.0,1721.0,26.1,180.0,0,0,0,0,0,0,-10.600000000000023,44918.100000000006
L48440,L,23.850000000000023,34.75,90.0,1432.0,53.8,218.0,0,0,0,0,0,0,-10.899999999999977,77041.59999999999
M23929,M,24.05000000000001,34.950000000000045,90.0,1757.0,28.1,133.0,0,0,0,0,0,0,-10.900000000000034,49371.700000000004
L51377,L,29.350000000000023,37.85000000000002,90.0,1573.0,36.6,59.0,0,0,0,0,0,0,-8.5,57571.8
L53271,L,27.75,37.650000000000034,90.0,1412.0,40.0,0.0,0,0,0,0,0,0,-9.900000000000034,56480.0
M16370,M,24.950000000000045,35.150000000000034,90.0,1782.0,24.5,0.0,0,0,0,0,0,0,-10.199999999999989,43659.0
M18030,M,27.25,36.35000000000002,90.0,1385.0,49.1,167.0,0,0,0,0,0,0,-9.100000000000023,68003.5
L47692,L,24.350000000000023,36.05000000000001,90.0,1725.0,44.8,24.0,0,0,0,0,0,0,-11.699999999999989,77280.0
L53139,L,27.450000000000045,37.650000000000034,90.0,1378.0,51.2,0.0,0,0,0,0,0,0,-10.199999999999989,70553.6
H32940,H,28.650000000000034,37.650000000000034,90.0,1629.0,31.6,193.0,0,0,0,0,0,0,-9.0,51476.4
L55275,L,27.05000000000001,38.450000000000045,90.0,1493.0,43.0,167.0,0,0,0,0,0,0,-11.400000000000034,64199.0
L55169,L,27.650000000000034,39.25,90.0,1430.0,37.9,124.0,0,0,0,0,0,0,-11.599999999999966,54197.0
L53773,L,28.450000000000045,37.55000000000001,90.0,1679.0,29.5,92.0,0,0,0,0,0,0,-9.099999999999966,49530.5
L56856,L,25.850000000000023,37.05000000000001,90.0,1629.0,32.3,59.0,0,0,0,0,0,0,-11.199999999999989,52616.7
L53595,L,27.05000000000001,36.75,90.0,1629.0,31.0,203.0,0,0,0,0,0,0,-9.699999999999989,50499.0
L49633,L,25.950000000000045,35.05000000000001,90.0,1426.0,47.8,17.0,0,0,0,0,0,0,-9.099999999999966,68162.8
L49712,L,25.75,35.55000000000001,90.0,1389.0,44.9,2.0,0,0,0,0,0,0,-9.800000000000011,62366.1
L47184,L,25.05000000000001,35.450000000000045,90.0,1408.0,40.0,5.0,0,0,0,0,0,0,-10.400000000000034,56320.0
L48236,L,23.650000000000034,34.650000000000034,90.0,1433.0,39.5,15.0,0,0,0,0,0,0,-11.0,56603.5
L53038,L,28.150000000000034,37.85000000000002,90.0,1578.0,29.5,71.0,0,0,0,0,0,0,-9.699999999999989,46551.0
L53947,L,28.150000000000034,37.55000000000001,90.0,1509.0,41.7,16.0,0,0,0,0,0,0,-9.399999999999977,62925.3
L49410,L,26.350000000000023,35.55000000000001,90.0,1476.0,42.7,197.0,0,0,0,0,0,0,-9.199999999999989,63025.200000000004
H34082,H,30.05000000000001,38.25,90.0,1452.0,41.6,150.0,0,0,0,0,0,0,-8.199999999999989,60403.200000000004
L55298,L,27.25,38.55000000000001,90.0,1548.0,43.6,16.0,0,0,0,0,0,0,-11.300000000000011,67492.8
L56251,L,24.150000000000034,34.950000000000045,90.0,1452.0,40.2,2.0,0,0,0,0,0,0,-10.800000000000011,58370.4
L48515,L,25.850000000000023,37.25,90.0,1505.0,42.7,228.0,0,0,0,0,0,0,-11.399999999999977,64263.50000000001
L56257,L,24.150000000000034,34.950000000000045,90.0,1474.0,43.2,154.0,0,0,0,0,0,0,-10.800000000000011,63676.8
L54751,L,27.25,37.950000000000045,90.0,1445.0,40.7,9.0,0,0,0,0,0,0,-10.700000000000045,58811.50000000001
H39192,H,25.55000000000001,36.450000000000045,90.0,1662.0,54.5,52.0,0,0,0,0,0,0,-10.900000000000034,90579.0
M24111,M,25.05000000000001,35.85000000000002,90.0,1366.0,49.0,186.0,0,0,0,0,0,0,-10.800000000000011,66934.0
L53821,L,28.350000000000023,37.35000000000002,90.0,1633.0,28.7,135.0,0,0,0,0,0,0,-9.0,46867.1
L53107,L,27.05000000000001,36.950000000000045,90.0,1488.0,40.5,43.0,0,0,0,0,0,0,-9.900000000000034,60264.0
L56497,L,25.350000000000023,36.35000000000002,90.0,1460.0,48.6,160.0,0,0,0,0,0,0,-11.0,70956.0
L54325,L,27.350000000000023,36.950000000000045,90.0,1430.0,44.3,152.0,0,0,0,0,0,0,-9.600000000000023,63348.99999999999
L47262,L,25.75,35.75,90.0,1310.0,56.4,11.0,0,0,0,0,0,0,-10.0,73884.0
L56440,L,25.05000000000001,35.85000000000002,90.0,1565.0,35.7,8.0,0,0,0,0,0,0,-10.800000000000011,55870.50000000001
M22952,M,27.05000000000001,38.450000000000045,90.0,1543.0,37.0,168.0,0,0,0,0,0,0,-11.400000000000034,57091.0
L55556,L,25.650000000000034,36.650000000000034,90.0,1334.0,45.0,42.0,0,0,0,0,0,0,-11.0,60030.0
M21294,M,27.150000000000034,36.75,90.0,1501.0,39.0,28.0,0,0,0,0,0,0,-9.599999999999966,58539.0
L55872,L,23.950000000000045,35.25,90.0,1530.0,38.5,2.0,0,0,0,0,0,0,-11.299999999999955,58905.0
M16055,M,23.850000000000023,34.85000000000002,90.0,1488.0,47.9,166.0,0,0,0,0,0,0,-11.0,71275.2
M23252,M,25.350000000000023,36.450000000000045,90.0,1541.0,39.4,84.0,0,0,0,0,0,0,-11.100000000000023,60715.399999999994
M23612,M,24.350000000000023,35.450000000000045,90.0,1540.0,37.2,147.0,0,0,0,0,0,0,-11.100000000000023,57288.00000000001
L53175,L,27.350000000000023,37.150000000000034,90.0,1735.0,25.2,223.0,0,0,0,0,0,0,-9.800000000000011,43722.0
L47329,L,24.850000000000023,35.650000000000034,90.0,1440.0,43.3,104.0,0,0,0,0,0,0,-10.800000000000011,62351.99999999999
L50218,L,27.25,36.450000000000045,90.0,1526.0,36.6,119.0,0,0,0,0,0,0,-9.200000000000045,55851.6
L55348,L,26.55000000000001,37.950000000000045,90.0,1446.0,37.4,148.0,0,0,0,0,0,0,-11.400000000000034,54080.4
L55679,L,25.25,36.55000000000001,90.0,1479.0,40.2,146.0,0,0,0,0,0,0,-11.300000000000011,59455.8
L53995,L,27.75,37.55000000000001,90.0,1629.0,33.1,0.0,0,0,0,0,0,0,-9.800000000000011,53919.9
L48282,L,23.650000000000034,34.25,90.0,1347.0,54.8,43.0,0,0,0,0,0,0,-10.599999999999966,73815.59999999999
L56018,L,24.350000000000023,35.85000000000002,90.0,1320.0,54.7,64.0,0,0,0,0,0,0,-11.5,72204.0
M23117,M,25.950000000000045,37.150000000000034,90.0,1387.0,50.1,156.0,0,0,0,0,0,0,-11.199999999999989,69488.7
L54237,L,27.650000000000034,37.450000000000045,90.0,1499.0,38.0,144.0,0,0,0,0,0,0,-9.800000000000011,56962.0
L50007,L,27.25,36.25,90.0,1359.0,54.6,64.0,0,0,0,0,0,0,-9.0,74201.40000000001
L52697,L,29.450000000000045,38.75,90.0,1448.0,40.8,72.0,0,0,0,0,0,0,-9.299999999999955,59078.399999999994
L55640,L,25.55000000000001,36.75,90.0,1446.0,43.4,44.0,0,0,0,0,0,0,-11.199999999999989,62756.4
L48836,L,25.05000000000001,34.950000000000045,90.0,1483.0,42.5,154.0,0,0,0,0,0,0,-9.900000000000034,63027.5
L52240,L,30.75,39.650000000000034,90.0,1679.0,30.4,7.0,0,0,0,0,0,0,-8.900000000000034,51041.6
M15952,M,23.75,34.450000000000045,90.0,1541.0,39.2,10.0,0,0,0,0,0,0,-10.700000000000045,60407.200000000004
L55512,L,25.650000000000034,36.55000000000001,90.0,1529.0,36.7,136.0,0,0,0,0,0,0,-10.899999999999977,56114.3
L50338,L,27.25,36.450000000000045,90.0,1459.0,44.1,74.0,0,0,0,0,0,0,-9.200000000000045,64341.9
L52800,L,29.150000000000034,39.150000000000034,90.0,1646.0,31.9,74.0,0,0,0,0,0,0,-10.0,52507.399999999994
M18131,M,28.05000000000001,36.85000000000002,90.0,1588.0,37.8,70.0,0,0,0,0,0,0,-8.800000000000011,60026.399999999994
L53286,L,27.75,37.85000000000002,90.0,1432.0,38.3,59.0,0,0,0,0,0,0,-10.100000000000023,54845.6
L55256,L,27.150000000000034,38.650000000000034,90.0,1566.0,34.4,119.0,0,0,0,0,0,0,-11.5,53870.399999999994
L53986,L,27.850000000000023,37.650000000000034,90.0,1568.0,32.9,199.0,0,0,0,0,0,0,-9.800000000000011,51587.2
L53102,L,27.350000000000023,37.150000000000034,90.0,1348.0,51.5,31.0,0,0,0,0,0,0,-9.800000000000011,69422.0
L53447,L,27.650000000000034,37.650000000000034,90.0,1570.0,32.2,23.0,0,0,0,0,0,0,-10.0,50554.00000000001
L47830,L,24.450000000000045,36.05000000000001,90.0,1611.0,34.6,155.0,0,0,0,0,0,0,-11.599999999999966,55740.600000000006
L53283,L,27.650000000000034,37.650000000000034,90.0,1486.0,40.2,59.0,0,0,0,0,0,0,-10.0,59737.200000000004
L53435,L,27.850000000000023,37.35000000000002,90.0,1579.0,33.7,204.0,0,0,0,0,0,0,-9.5,53212.3
L53777,L,28.350000000000023,37.450000000000045,90.0,1593.0,32.8,114.0,0,0,0,0,0,0,-9.100000000000023,52250.399999999994
M16119,M,25.55000000000001,36.950000000000045,90.0,1518.0,36.5,52.0,0,0,0,0,0,0,-11.400000000000034,55407.0
L55258,L,27.150000000000034,38.650000000000034,90.0,1615.0,31.6,123.0,0,0,0,0,0,0,-11.5,51034.0
L56839,L,25.75,36.650000000000034,90.0,1270.0,63.1,216.0,1,0,0,0,1,0,-10.900000000000034,80137.0
L56878,L,25.650000000000034,36.75,90.0,1663.0,28.2,15.0,0,0,0,0,0,0,-11.099999999999966,46896.6
L54773,L,27.350000000000023,38.150000000000034,90.0,1372.0,47.9,208.0,0,0,0,0,0,0,-10.800000000000011,65718.8
L56869,L,25.950000000000045,37.150000000000034,90.0,1362.0,44.4,46.0,0,0,0,0,0,0,-11.199999999999989,60472.799999999996
H38144,H,24.150000000000034,35.650000000000034,90.0,1474.0,40.2,125.0,0,0,0,0,0,0,-11.5,59254.8
L54994,L,26.850000000000023,38.35000000000002,90.0,1670.0,32.0,123.0,0,0,0,0,0,0,-11.5,53440.0
L50127,L,27.55000000000001,36.35000000000002,90.0,1592.0,29.0,24.0,0,0,0,0,0,0,-8.800000000000011,46168.0
L48961,L,25.350000000000023,34.950000000000045,90.0,1567.0,36.3,188.0,0,0,0,0,0,0,-9.600000000000023,56882.1
L54334,L,27.05000000000001,36.85000000000002,90.0,1539.0,36.6,174.0,0,0,0,0,0,0,-9.800000000000011,56327.4
M20753,M,28.150000000000034,37.85000000000002,90.0,1601.0,52.7,161.0,0,0,0,0,0,0,-9.699999999999989,84372.70000000001
L56781,L,25.75,36.950000000000045,90.0,1432.0,52.0,61.0,0,0,0,0,0,0,-11.200000000000045,74464.0
L48438,L,24.350000000000023,35.75,90.0,1280.0,48.5,156.0,0,0,0,0,0,0,-11.399999999999977,62080.0
L47562,L,24.25,35.25,90.0,1351.0,52.1,0.0,0,0,0,0,0,0,-11.0,70387.1
L54222,L,27.450000000000045,37.35000000000002,90.0,1431.0,39.9,100.0,0,0,0,0,0,0,-9.899999999999977,57096.9
L56076,L,24.25,35.55000000000001,90.0,1627.0,31.7,25.0,0,0,0,0,0,0,-11.300000000000011,51575.9
L55594,L,25.450000000000045,36.55000000000001,90.0,1540.0,37.7,142.0,0,0,0,0,0,0,-11.099999999999966,58058.00000000001
L51751,L,29.650000000000034,37.75,90.0,1546.0,36.8,37.0,0,0,0,0,0,0,-8.099999999999966,56892.799999999996
L54167,L,27.55000000000001,37.950000000000045,90.0,1426.0,40.8,163.0,0,0,0,0,0,0,-10.400000000000034,58180.799999999996
M20686,M,28.150000000000034,37.950000000000045,90.0,1389.0,42.2,223.0,0,0,0,0,0,0,-9.800000000000011,58615.8
L48361,L,24.150000000000034,35.150000000000034,90.0,1332.0,47.6,21.0,0,0,0,0,0,0,-11.0,63403.200000000004
L49860,L,26.650000000000034,36.450000000000045,90.0,1397.0,53.2,52.0,0,0,0,0,0,0,-9.800000000000011,74320.40000000001
L51948,L,30.450000000000045,38.85000000000002,90.0,1447.0,41.2,86.0,0,0,0,0,0,0,-8.399999999999977,59616.4
L52745,L,29.25,38.650000000000034,90.0,1578.0,35.7,204.0,0,0,0,0,0,0,-9.400000000000034,56334.600000000006
M18132,M,28.150000000000034,37.25,90.0,1472.0,39.0,187.0,0,0,0,0,0,0,-9.099999999999966,57408.0
L55045,L,27.350000000000023,38.75,90.0,1392.0,53.3,35.0,0,0,0,0,0,0,-11.399999999999977,74193.59999999999
M22337,M,26.950000000000045,38.35000000000002,90.0,1784.0,28.9,128.0,0,0,0,0,0,0,-11.399999999999977,51557.6
L50041,L,27.55000000000001,36.35000000000002,90.0,1451.0,43.6,240.0,0,0,0,0,0,0,-8.800000000000011,63263.6
L50962,L,29.05000000000001,37.650000000000034,90.0,1559.0,42.8,9.0,0,0,0,0,0,0,-8.600000000000023,66725.2
L48803,L,24.75,34.55000000000001,90.0,1505.0,45.8,94.0,0,0,0,0,0,0,-9.800000000000011,68929.0
M17124,M,26.150000000000034,35.25,90.0,1515.0,43.5,53.0,0,0,0,0,0,0,-9.099999999999966,65902.5
M19847,M,30.55000000000001,39.450000000000045,90.0,1422.0,45.8,210.0,0,0,0,0,0,0,-8.900000000000034,65127.6
M20804,M,27.55000000000001,37.650000000000034,90.0,1368.0,51.1,38.0,0,0,0,0,0,0,-10.100000000000023,69904.8
L51542,L,28.950000000000045,36.950000000000045,90.0,1563.0,35.0,169.0,0,0,0,0,0,0,-8.0,54705.0
L53493,L,27.650000000000034,37.05000000000001,90.0,1555.0,43.7,140.0,0,0,0,0,0,0,-9.399999999999977,67953.5
L50831,L,29.05000000000001,38.450000000000045,90.0,1453.0,48.3,166.0,0,0,0,0,0,0,-9.400000000000034,70179.9
L47279,L,25.75,35.650000000000034,90.0,1445.0,42.6,55.0,0,0,0,0,0,0,-9.900000000000034,61557.0
L56447,L,25.05000000000001,35.650000000000034,90.0,1698.0,28.1,171.0,0,0,0,0,0,0,-10.600000000000023,47713.8
L53131,L,27.55000000000001,37.75,90.0,1650.0,34.3,102.0,0,0,0,0,0,0,-10.199999999999989,56594.99999999999
M15851,M,23.05000000000001,33.85000000000002,90.0,1309.0,48.0,196.0,0,0,0,0,0,0,-10.800000000000011,62832.0
L53261,L,27.75,37.650000000000034,90.0,1517.0,41.7,210.0,0,0,0,0,0,0,-9.900000000000034,63258.9
L53256,L,27.850000000000023,37.55000000000001,90.0,1446.0,43.0,181.0,0,0,0,0,0,0,-9.699999999999989,62178.0
L57160,L,25.450000000000045,35.25,90.0,1559.0,35.2,188.0,0,0,0,0,0,0,-9.799999999999955,54876.8
H33276,H,29.25,38.25,90.0,1609.0,32.6,209.0,0,0,0,0,0,0,-9.0,52453.4
L48677,L,24.850000000000023,35.55000000000001,90.0,1348.0,58.3,191.0,0,0,0,0,0,0,-10.699999999999989,78588.4
L47481,L,24.55000000000001,35.450000000000045,90.0,1365.0,46.1,136.0,0,0,0,0,0,0,-10.900000000000034,62926.5
L55253,L,27.150000000000034,38.85000000000002,90.0,1452.0,40.6,108.0,0,0,0,0,0,0,-11.699999999999989,58951.200000000004
L54073,L,27.850000000000023,38.450000000000045,90.0,1470.0,47.6,133.0,0,0,0,0,0,0,-10.600000000000023,69972.0
L56060,L,24.850000000000023,36.05000000000001,90.0,1558.0,37.3,89.0,0,0,0,0,0,0,-11.199999999999989,58113.399999999994
L50236,L,26.75,36.05000000000001,90.0,1465.0,43.9,75.0,0,0,0,0,0,0,-9.300000000000011,64313.5
L47484,L,24.650000000000034,35.25,90.0,1473.0,45.2,146.0,0,0,0,0,0,0,-10.599999999999966,66579.6
L54361,L,27.05000000000001,37.150000000000034,90.0,1527.0,36.1,30.0,0,0,0,0,0,0,-10.100000000000023,55124.700000000004
M23908,M,24.25,35.25,90.0,1359.0,50.5,71.0,0,0,0,0,0,0,-11.0,68629.5
M16840,M,24.850000000000023,34.450000000000045,90.0,1413.0,58.5,5.0,0,0,0,0,0,0,-9.600000000000023,82660.5
L54221,L,27.450000000000045,37.35000000000002,90.0,1536.0,42.9,98.0,0,0,0,0,0,0,-9.899999999999977,65894.4
L51695,L,29.350000000000023,37.05000000000001,90.0,1587.0,39.0,203.0,0,0,0,0,0,0,-7.699999999999989,61893.0
M16565,M,24.850000000000023,34.650000000000034,90.0,1583.0,32.6,57.0,0,0,0,0,0,0,-9.800000000000011,51605.8
L55277,L,27.05000000000001,38.55000000000001,90.0,1454.0,44.3,169.0,0,0,0,0,0,0,-11.5,64412.2
M23238,M,25.650000000000034,36.75,90.0,1331.0,34.1,46.0,0,0,0,0,0,0,-11.099999999999966,45387.1
L50876,L,29.05000000000001,38.05000000000001,90.0,1454.0,46.8,0.0,0,0,0,0,0,0,-9.0,68047.2
M16692,M,24.75,34.75,90.0,1391.0,43.5,89.0,0,0,0,0,0,0,-10.0,60508.5
L56787,L,25.75,36.75,90.0,1571.0,36.8,113.0,0,0,0,0,0,0,-11.0,57812.799999999996
M21068,M,27.55000000000001,37.650000000000034,90.0,1432.0,45.3,78.0,0,0,0,0,0,0,-10.100000000000023,64869.6
L53361,L,27.850000000000023,37.75,90.0,1475.0,46.8,17.0,0,0,0,0,0,0,-9.899999999999977,69030.0
L48850,L,25.05000000000001,34.650000000000034,90.0,1628.0,30.0,202.0,0,0,0,0,0,0,-9.600000000000023,48840.0
M22052,M,27.05000000000001,37.05000000000001,90.0,1429.0,36.6,54.0,0,0,0,0,0,0,-10.0,52301.4
L54022,L,27.950000000000045,38.05000000000001,90.0,1492.0,45.6,0.0,0,0,0,0,0,0,-10.099999999999966,68035.2
L49921,L,26.450000000000045,35.85000000000002,90.0,1578.0,35.6,162.0,0,0,0,0,0,0,-9.399999999999977,56176.8
L55106,L,27.55000000000001,38.650000000000034,90.0,1519.0,36.5,196.0,0,0,0,0,0,0,-11.100000000000023,55443.5
L51657,L,29.450000000000045,37.150000000000034,90.0,1472.0,41.3,14.0,0,0,0,0,0,0,-7.699999999999989,60793.6
L53583,L,26.950000000000045,36.450000000000045,90.0,1649.0,33.6,7.0,0,0,0,0,0,0,-9.5,55406.4
L56275,L,24.05000000000001,34.950000000000045,90.0,1458.0,36.5,197.0,0,0,0,0,0,0,-10.900000000000034,53217.0
L55656,L,25.25,36.35000000000002,90.0,1374.0,46.6,0.0,0,0,0,0,0,0,-11.100000000000023,64028.4
M19989,M,30.950000000000045,40.25,90.0,1472.0,41.3,173.0,0,0,0,0,0,0,-9.299999999999955,60793.6
M21429,M,28.25,37.450000000000045,90.0,1375.0,34.1,96.0,0,0,0,0,0,0,-9.200000000000045,46887.5
L55467,L,25.75,37.450000000000045,90.0,1419.0,44.6,5.0,0,0,0,0,0,0,-11.700000000000045,63287.4
L55282,L,27.150000000000034,38.650000000000034,90.0,1566.0,31.0,182.0,0,0,0,0,0,0,-11.5,48546.0
L48485,L,25.650000000000034,36.85000000000002,90.0,1487.0,44.1,150.0,0,0,0,0,0,0,-11.199999999999989,65576.7
L54407,L,26.55000000000001,36.450000000000045,90.0,1720.0,27.1,106.0,0,0,0,0,0,0,-9.900000000000034,46612.0
M18483,M,28.850000000000023,38.150000000000034,90.0,1530.0,36.4,127.0,0,0,0,0,0,0,-9.300000000000011,55692.0
L53916,L,28.55000000000001,37.85000000000002,90.0,1435.0,44.8,144.0,0,0,0,0,0,0,-9.300000000000011,64287.99999999999
L52038,L,30.450000000000045,39.150000000000034,90.0,1721.0,29.4,110.0,0,0,0,0,0,0,-8.699999999999989,50597.399999999994
L51519,L,28.55000000000001,36.75,90.0,1429.0,47.6,104.0,0,0,0,0,0,0,-8.199999999999989,68020.40000000001
L56763,L,26.350000000000023,37.05000000000001,90.0,1580.0,36.8,171.0,0,0,0,0,0,0,-10.699999999999989,58143.99999999999
L50550,L,28.25,37.55000000000001,90.0,1341.0,52.9,19.0,0,0,0,0,0,0,-9.300000000000011,70938.9
L54996,L,26.650000000000034,38.05000000000001,90.0,1374.0,48.6,137.0,0,0,0,0,0,0,-11.399999999999977,66776.40000000001
L55366,L,26.55000000000001,37.85000000000002,90.0,1499.0,40.0,104.0,0,0,0,0,0,0,-11.300000000000011,59960.0
L51590,L,29.150000000000034,37.05000000000001,90.0,1586.0,49.6,64.0,0,0,0,0,0,0,-7.899999999999977,78665.6
L53863,L,28.350000000000023,37.75,90.0,1318.0,48.5,11.0,0,0,0,0,0,0,-9.399999999999977,63923.0
L56473,L,24.950000000000045,35.85000000000002,90.0,1547.0,34.9,59.0,0,0,0,0,0,0,-10.899999999999977,53990.299999999996
L51412,L,29.05000000000001,37.85000000000002,90.0,1676.0,32.3,56.0,0,0,0,0,0,0,-8.800000000000011,54134.799999999996
L57139,L,25.150000000000034,34.650000000000034,90.0,1404.0,50.1,135.0,0,0,0,0,0,0,-9.5,70340.40000000001
H34454,H,30.650000000000034,39.85000000000002,90.0,1573.0,37.7,0.0,0,0,0,0,0,0,-9.199999999999989,59302.100000000006
L55454,L,25.55000000000001,37.35000000000002,90.0,1487.0,42.1,186.0,0,0,0,0,0,0,-11.800000000000011,62602.700000000004
L55606,L,25.950000000000045,37.25,90.0,1628.0,35.9,7.0,0,0,0,0,0,0,-11.299999999999955,58445.2
H38789,H,24.350000000000023,35.650000000000034,90.0,1629.0,32.5,91.0,0,0,0,0,0,0,-11.300000000000011,52942.5
L55512,L,25.55000000000001,36.55000000000001,90.0,1529.0,44.0,136.0,0,0,0,0,0,0,-11.0,67276.0
M24401,M,26.350000000000023,37.650000000000034,90.0,1382.0,44.3,5.0,0,0,0,0,0,0,-11.300000000000011,61222.6
L54138,L,27.450000000000045,37.85000000000002,90.0,1486.0,39.5,87.0,0,0,0,0,0,0,-10.399999999999977,58697.0
L47544,L,24.450000000000045,35.25,90.0,1402.0,47.7,86.0,0,0,0,0,0,0,-10.799999999999955,66875.40000000001
M22358,M,27.05000000000001,38.55000000000001,90.0,1438.0,47.4,174.0,0,0,0,0,0,0,-11.5,68161.2
L50785,L,28.55000000000001,37.35000000000002,90.0,1641.0,31.9,171.0,0,0,0,0,0,0,-8.800000000000011,52347.899999999994
L47497,L,24.650000000000034,35.25,90.0,1585.0,35.1,146.0,0,0,0,0,0,0,-10.599999999999966,55633.5
L48256,L,23.75,34.55000000000001,90.0,1653.0,35.8,177.0,0,0,0,0,0,0,-10.800000000000011,59177.399999999994
L55820,L,24.350000000000023,35.450000000000045,90.0,1383.0,43.1,92.0,0,0,0,0,0,0,-11.100000000000023,59607.3
L50870,L,28.950000000000045,37.950000000000045,90.0,1477.0,35.7,196.0,0,0,0,0,0,0,-9.0,52728.9
L48021,L,23.450000000000045,34.35000000000002,90.0,1559.0,45.5,199.0,0,0,0,0,0,0,-10.899999999999977,70934.5
L54071,L,27.75,38.35000000000002,90.0,1611.0,41.1,129.0,0,0,0,0,0,0,-10.600000000000023,66212.1
M16232,M,25.450000000000045,36.950000000000045,90.0,1438.0,50.3,91.0,0,0,0,0,0,0,-11.5,72331.4
L55447,L,26.05000000000001,37.450000000000045,90.0,1540.0,29.3,204.0,0,0,0,0,0,0,-11.400000000000034,45122.0
L55981,L,24.25,35.450000000000045,90.0,1488.0,49.4,5.0,0,0,0,0,0,0,-11.200000000000045,73507.2
L54216,L,27.55000000000001,37.55000000000001,90.0,1540.0,35.8,190.0,0,0,0,0,0,0,-10.0,55131.99999999999
M16226,M,25.150000000000034,36.950000000000045,90.0,1618.0,33.7,72.0,0,0,0,0,0,0,-11.800000000000011,54526.600000000006
L50879,L,29.150000000000034,38.05000000000001,90.0,1447.0,48.0,9.0,0,0,0,0,0,0,-8.899999999999977,69456.0
H35398,H,27.25,37.35000000000002,90.0,1486.0,42.7,2.0,0,0,0,0,0,0,-10.100000000000023,63452.200000000004
M15876,M,23.05000000000001,34.05000000000001,90.0,1393.0,19.2,14.0,0,0,0,0,0,0,-11.0,26745.6
L55690,L,25.150000000000034,36.55000000000001,90.0,1521.0,37.2,173.0,0,0,0,0,0,0,-11.399999999999977,56581.200000000004
L54632,L,27.150000000000034,38.55000000000001,90.0,1472.0,37.7,0.0,0,0,0,0,0,0,-11.399999999999977,55494.4
M20651,M,28.25,37.85000000000002,90.0,1334.0,53.3,157.0,0,0,0,0,0,0,-9.600000000000023,71102.2
M16840,M,24.850000000000023,34.450000000000045,90.0,1569.0,37.2,155.0,0,0,0,0,0,0,-9.600000000000023,58366.8
L54788,L,27.350000000000023,38.25,90.0,1439.0,44.9,24.0,0,0,0,0,0,0,-10.899999999999977,64611.1
M20000,M,30.650000000000034,40.05000000000001,90.0,1479.0,38.9,203.0,0,0,0,0,0,0,-9.399999999999977,57533.1
L54044,L,27.950000000000045,38.150000000000034,90.0,1492.0,39.4,53.0,0,0,0,0,0,0,-10.199999999999989,58784.799999999996
L52941,L,28.650000000000034,38.05000000000001,90.0,1427.0,43.3,43.0,0,0,0,0,0,0,-9.399999999999977,61789.1
L56392,L,24.75,35.75,90.0,1387.0,56.4,90.0,0,0,0,0,0,0,-11.0,78226.8
L54275,L,27.450000000000045,36.950000000000045,90.0,1493.0,45.9,19.0,0,0,0,0,0,0,-9.5,68528.7
H39214,H,25.55000000000001,35.650000000000034,90.0,1418.0,41.6,171.0,0,0,0,0,0,0,-10.100000000000023,58988.8
L56828,L,25.950000000000045,36.950000000000045,90.0,1475.0,44.2,183.0,0,0,0,0,0,0,-11.0,65195.00000000001
L55606,L,25.950000000000045,37.35000000000002,90.0,1425.0,35.9,174.0,0,0,0,0,0,0,-11.399999999999977,51157.5
L50604,L,28.350000000000023,37.35000000000002,90.0,1593.0,32.9,131.0,0,0,0,0,0,0,-9.0,52409.7
M23705,M,24.25,35.55000000000001,90.0,1466.0,47.8,143.0,0,0,0,0,0,0,-11.300000000000011,70074.8
L53152,L,27.350000000000023,37.650000000000034,90.0,1593.0,31.6,155.0,0,0,0,0,0,0,-10.300000000000011,50338.8
L51926,L,30.150000000000034,38.05000000000001,90.0,1427.0,45.6,25.0,0,0,0,0,0,0,-7.899999999999977,65071.200000000004
M20054,M,30.75,39.950000000000045,90.0,1763.0,30.4,0.0,0,0,0,0,0,0,-9.200000000000045,53595.2
L53429,L,27.55000000000001,37.650000000000034,90.0,1686.0,35.5,191.0,0,0,0,0,0,0,-10.100000000000023,59853.0
H39201,H,25.650000000000034,36.35000000000002,90.0,1420.0,50.4,82.0,0,0,0,0,0,0,-10.699999999999989,71568.0
L49201,L,25.55000000000001,35.35000000000002,90.0,1447.0,41.0,58.0,0,0,0,0,0,0,-9.800000000000011,59327.0
M17787,M,27.55000000000001,36.450000000000045,90.0,1421.0,49.9,165.0,0,0,0,0,0,0,-8.900000000000034,70907.9
M16124,M,24.650000000000034,36.25,90.0,1526.0,36.5,2.0,0,0,0,0,0,0,-11.599999999999966,55699.0
M22550,M,27.350000000000023,38.55000000000001,90.0,1447.0,36.5,4.0,0,0,0,0,0,0,-11.199999999999989,52815.5
M18476,M,28.55000000000001,37.35000000000002,90.0,1644.0,33.2,119.0,0,0,0,0,0,0,-8.800000000000011,54580.8
M17003,M,26.150000000000034,35.650000000000034,90.0,1469.0,42.3,5.0,0,0,0,0,0,0,-9.5,62138.7
L51247,L,28.75,37.55000000000001,90.0,1429.0,51.0,7.0,0,0,0,0,0,0,-8.800000000000011,72879.0
L52407,L,30.55000000000001,39.85000000000002,90.0,1665.0,34.3,88.0,0,0,0,0,0,0,-9.300000000000011,57109.49999999999
L51276,L,28.75,37.35000000000002,90.0,1426.0,42.4,153.0,0,0,0,0,0,0,-8.600000000000023,60462.4
L56289,L,24.350000000000023,35.450000000000045,90.0,1510.0,36.9,32.0,0,0,0,0,0,0,-11.100000000000023,55719.0
L48757,L,25.150000000000034,35.25,90.0,1594.0,34.3,174.0,0,0,0,0,0,0,-10.099999999999966,54674.2
L52692,L,29.650000000000034,39.05000000000001,90.0,1578.0,37.9,58.0,0,0,0,0,0,0,-9.399999999999977,59806.2
M18406,M,28.75,37.75,90.0,1317.0,51.9,199.0,0,0,0,0,0,0,-9.0,68352.3
L55647,L,25.450000000000045,36.650000000000034,90.0,1463.0,44.2,64.0,0,0,0,0,0,0,-11.199999999999989,64664.600000000006
M16578,M,25.05000000000001,34.650000000000034,90.0,1457.0,40.4,64.0,0,0,0,0,0,0,-9.600000000000023,58862.799999999996
M18334,M,28.350000000000023,37.25,90.0,1589.0,34.3,7.0,0,0,0,0,0,0,-8.899999999999977,54502.7
L53886,L,28.350000000000023,37.450000000000045,90.0,1381.0,60.5,192.0,0,0,0,0,0,0,-9.100000000000023,83550.5
M21855,M,27.55000000000001,37.55000000000001,90.0,1705.0,31.2,181.0,0,0,0,0,0,0,-10.0,53196.0
L50983,L,29.150000000000034,37.75,90.0,1650.0,30.3,146.0,0,0,0,0,0,0,-8.599999999999966,49995.0
L53830,L,28.450000000000045,37.25,90.0,1561.0,35.3,166.0,0,0,0,0,0,0,-8.799999999999955,55103.299999999996
L53531,L,26.850000000000023,36.55000000000001,90.0,1463.0,45.7,26.0,0,0,0,0,0,0,-9.699999999999989,66859.1
L56258,L,24.150000000000034,34.950000000000045,90.0,1666.0,34.3,154.0,0,0,0,0,0,0,-10.800000000000011,57143.799999999996
L52054,L,30.55000000000001,39.150000000000034,90.0,1542.0,40.0,124.0,0,0,0,0,0,0,-8.600000000000023,61680.0
L49010,L,24.650000000000034,34.150000000000034,90.0,1579.0,35.0,178.0,0,0,0,0,0,0,-9.5,55265.0
M20519,M,29.150000000000034,38.35000000000002,90.0,1674.0,30.0,134.0,0,0,0,0,0,0,-9.199999999999989,50220.0
L54381,L,26.850000000000023,36.650000000000034,90.0,1669.0,35.2,78.0,0,0,0,0,0,0,-9.800000000000011,58748.8
L49714,L,25.75,35.55000000000001,90.0,1442.0,46.0,129.0,0,0,0,0,0,0,-9.800000000000011,66332.0
L48608,L,25.650000000000034,36.75,90.0,1541.0,33.7,13.0,0,0,0,0,0,0,-11.099999999999966,51931.700000000004
L47209,L,26.650000000000034,35.950000000000045,90.0,1662.0,31.3,125.0,0,0,0,0,0,0,-9.300000000000011,52020.6
L50089,L,27.55000000000001,36.450000000000045,90.0,1576.0,44.1,122.0,0,0,0,0,0,0,-8.900000000000034,69501.6
L51125,L,29.150000000000034,38.05000000000001,90.0,1391.0,57.4,0.0,0,0,0,0,0,0,-8.899999999999977,79843.4
L53132,L,27.55000000000001,37.650000000000034,90.0,1453.0,40.8,104.0,0,0,0,0,0,0,-10.100000000000023,59282.399999999994
H33377,H,29.150000000000034,38.35000000000002,90.0,1711.0,28.9,122.0,0,0,0,0,0,0,-9.199999999999989,49447.899999999994
L49545,L,26.05000000000001,35.25,90.0,1515.0,40.3,72.0,0,0,0,0,0,0,-9.199999999999989,61054.49999999999
L55426,L,25.850000000000023,37.150000000000034,90.0,1593.0,35.3,40.0,0,0,0,0,0,0,-11.300000000000011,56232.899999999994
L56189,L,24.05000000000001,34.75,90.0,1663.0,34.0,0.0,0,0,0,0,0,0,-10.699999999999989,56542.0
L57060,L,25.650000000000034,36.650000000000034,90.0,1575.0,32.4,130.0,0,0,0,0,0,0,-11.0,51030.0
L49454,L,26.150000000000034,35.55000000000001,90.0,1612.0,33.7,76.0,0,0,0,0,0,0,-9.399999999999977,54324.4
L53196,L,27.350000000000023,37.55000000000001,90.0,1493.0,38.2,48.0,0,0,0,0,0,0,-10.199999999999989,57032.600000000006
M16091,M,24.05000000000001,35.35000000000002,90.0,1604.0,35.6,158.0,0,0,0,0,0,0,-11.300000000000011,57102.4
L51010,L,29.25,37.75,90.0,1468.0,43.5,135.0,0,0,0,0,0,0,-8.5,63858.0
L56400,L,24.650000000000034,35.75,90.0,1642.0,58.1,108.0,0,0,0,0,0,0,-11.099999999999966,95400.2
H30186,H,23.650000000000034,34.85000000000002,90.0,1395.0,46.5,28.0,0,0,0,0,0,0,-11.199999999999989,64867.5
M24071,M,24.75,35.85000000000002,90.0,1430.0,51.9,85.0,0,0,0,0,0,0,-11.100000000000023,74217.0
L57126,L,25.150000000000034,35.150000000000034,90.0,1502.0,42.0,14.0,0,0,0,0,0,0,-10.0,63084.0
H33404,H,28.450000000000045,37.35000000000002,90.0,1526.0,40.0,104.0,0,0,0,0,0,0,-8.899999999999977,61040.0
L55612,L,25.450000000000045,36.650000000000034,90.0,1537.0,42.5,166.0,0,0,0,0,0,0,-11.199999999999989,65322.5
M15307,M,24.25,35.55000000000001,90.0,1555.0,36.2,142.0,0,0,0,0,0,0,-11.300000000000011,56291.00000000001
L48406,L,23.950000000000045,35.25,90.0,1350.0,42.5,146.0,0,0,0,0,0,0,-11.299999999999955,57375.0
L52345,L,31.05000000000001,40.25,90.0,1421.0,48.9,56.0,0,0,0,0,0,0,-9.199999999999989,69486.9
L53322,L,27.75,37.75,90.0,1424.0,53.9,148.0,0,0,0,0,0,0,-10.0,76753.59999999999
L55956,L,24.350000000000023,35.450000000000045,90.0,1536.0,36.0,12.0,0,0,0,0,0,0,-11.100000000000023,55296.0
M17382,M,25.650000000000034,35.450000000000045,90.0,1435.0,49.1,138.0,0,0,0,0,0,0,-9.800000000000011,70458.5
M23801,M,24.25,35.25,90.0,1436.0,45.0,33.0,0,0,0,0,0,0,-11.0,64620.0
H38801,H,24.55000000000001,35.05000000000001,90.0,1702.0,30.8,129.0,0,0,0,0,0,0,-10.5,52421.6
L54363,L,27.05000000000001,37.05000000000001,90.0,1429.0,47.3,192.0,0,0,0,0,0,0,-10.0,67591.7
M22531,M,27.450000000000045,38.75,90.0,1513.0,40.6,96.0,0,0,0,0,0,0,-11.299999999999955,61427.8
L50141,L,27.450000000000045,36.25,90.0,1607.0,32.8,57.0,0,0,0,0,0,0,-8.799999999999955,52709.6
L52034,L,30.55000000000001,39.25,90.0,1518.0,39.0,96.0,0,0,0,0,0,0,-8.699999999999989,59202.0
L47795,L,24.950000000000045,36.75,90.0,1453.0,48.1,15.0,0,0,0,0,0,0,-11.799999999999955,69889.3
L54004,L,27.75,37.450000000000045,90.0,1447.0,38.2,164.0,0,0,0,0,0,0,-9.700000000000045,55275.4
M18912,M,28.75,37.75,90.0,1549.0,40.6,146.0,0,0,0,0,0,0,-9.0,62889.4
L50638,L,28.350000000000023,37.25,90.0,1423.0,49.7,64.0,0,0,0,0,0,0,-8.899999999999977,70723.1
L49397,L,26.55000000000001,35.950000000000045,90.0,1505.0,46.3,155.0,0,0,0,0,0,0,-9.400000000000034,69681.5
M21455,M,28.25,37.450000000000045,90.0,1455.0,45.8,112.0,0,0,0,0,0,0,-9.200000000000045,66639.0
L53787,L,28.150000000000034,37.55000000000001,90.0,1763.0,27.7,48.0,0,0,0,0,0,0,-9.399999999999977,48835.1
L50968,L,29.150000000000034,37.75,90.0,1511.0,39.4,24.0,0,0,0,0,0,0,-8.599999999999966,59533.4
L51298,L,28.850000000000023,37.450000000000045,90.0,1447.0,36.6,206.0,0,0,0,0,0,0,-8.600000000000023,52960.200000000004
L48154,L,22.850000000000023,33.450000000000045,90.0,1511.0,35.2,94.0,0,0,0,0,0,0,-10.600000000000023,53187.200000000004
L52724,L,29.25,38.650000000000034,90.0,1491.0,42.6,156.0,0,0,0,0,0,0,-9.400000000000034,63516.6
L53172,L,27.55000000000001,37.450000000000045,90.0,1496.0,39.2,213.0,0,0,0,0,0,0,-9.900000000000034,58643.200000000004
L48487,L,25.55000000000001,36.650000000000034,90.0,1448.0,38.4,154.0,0,0,0,0,0,0,-11.100000000000023,55603.2
L47438,L,25.05000000000001,35.25,90.0,1469.0,42.6,87.0,0,0,0,0,0,0,-10.199999999999989,62579.4
L53417,L,28.150000000000034,37.75,90.0,1417.0,38.9,164.0,0,0,0,0,0,0,-9.599999999999966,55121.299999999996
L55256,L,27.350000000000023,38.85000000000002,90.0,1375.0,53.0,119.0,0,0,0,0,0,0,-11.5,72875.0
M20509,M,29.150000000000034,38.650000000000034,90.0,1390.0,57.8,0.0,0,0,0,0,0,0,-9.5,80342.0
L48397,L,23.850000000000023,34.950000000000045,90.0,1716.0,28.5,122.0,0,0,0,0,0,0,-11.100000000000023,48906.0
L54258,L,27.55000000000001,37.450000000000045,90.0,1409.0,52.6,199.0,0,0,0,0,0,0,-9.900000000000034,74113.40000000001
M20850,M,27.55000000000001,37.55000000000001,90.0,1343.0,39.0,211.0,0,0,0,0,0,0,-10.0,52377.0
L50655,L,28.650000000000034,37.85000000000002,90.0,1618.0,36.0,62.0,0,0,0,0,0,0,-9.199999999999989,58248.0
L49054,L,25.25,34.950000000000045,90.0,1598.0,32.7,92.0,0,0,0,0,0,0,-9.700000000000045,52254.600000000006
L55937,L,24.05000000000001,35.450000000000045,90.0,1598.0,32.4,166.0,0,0,0,0,0,0,-11.400000000000034,51775.2
L53041,L,28.150000000000034,37.85000000000002,90.0,1413.0,47.7,199.0,0,0,0,0,0,0,-9.699999999999989,67400.1
L49364,L,26.650000000000034,36.35000000000002,90.0,1601.0,35.6,51.0,0,0,0,0,0,0,-9.699999999999989,56995.600000000006
L49375,L,26.450000000000045,35.950000000000045,90.0,1485.0,42.7,130.0,0,0,0,0,0,0,-9.5,63409.50000000001
L53530,L,26.850000000000023,36.450000000000045,90.0,1533.0,42.5,23.0,0,0,0,0,0,0,-9.600000000000023,65152.5
L53661,L,27.55000000000001,36.650000000000034,90.0,1406.0,49.7,151.0,0,0,0,0,0,0,-9.100000000000023,69878.2
L51695,L,29.350000000000023,37.25,90.0,1579.0,36.2,182.0,0,0,0,0,0,0,-7.899999999999977,57159.8
M22072,M,26.650000000000034,36.55000000000001,90.0,1601.0,35.0,179.0,0,0,0,0,0,0,-9.899999999999977,56035.0
L47186,L,24.950000000000045,35.450000000000045,90.0,1517.0,41.5,83.0,0,0,0,0,0,0,-10.5,62955.5
L49760,L,26.150000000000034,35.950000000000045,90.0,1463.0,53.7,189.0,0,0,0,0,0,0,-9.800000000000011,78563.1
L53376,L,27.75,37.650000000000034,90.0,1529.0,40.4,43.0,0,0,0,0,0,0,-9.900000000000034,61771.6
L57121,L,25.05000000000001,34.75,90.0,1685.0,28.4,171.0,0,0,0,0,0,0,-9.699999999999989,47854.0
L48257,L,23.650000000000034,34.450000000000045,90.0,1547.0,35.5,179.0,0,0,0,0,0,0,-10.800000000000011,54918.5
L50202,L,27.350000000000023,36.55000000000001,90.0,1404.0,45.9,143.0,0,0,0,0,0,0,-9.199999999999989,64443.6
L57140,L,25.05000000000001,34.650000000000034,90.0,1429.0,53.4,137.0,0,0,0,0,0,0,-9.600000000000023,76308.59999999999
L47593,L,24.25,35.25,90.0,1573.0,34.5,127.0,0,0,0,0,0,0,-11.0,54268.5
L51625,L,29.350000000000023,36.85000000000002,90.0,1423.0,45.1,148.0,0,0,0,0,0,0,-7.5,64177.3
L47545,L,24.450000000000045,35.25,90.0,1443.0,48.4,86.0,0,0,0,0,0,0,-10.799999999999955,69841.2
M19457,M,29.950000000000045,38.05000000000001,90.0,1490.0,31.9,108.0,0,0,0,0,0,0,-8.099999999999966,47531.0
M21937,M,27.55000000000001,37.35000000000002,90.0,1512.0,31.0,49.0,0,0,0,0,0,0,-9.800000000000011,46872.0
L51010,L,28.55000000000001,37.35000000000002,90.0,1511.0,35.5,96.0,0,0,0,0,0,0,-8.800000000000011,53640.5
L53257,L,27.75,37.55000000000001,90.0,1479.0,43.4,59.0,0,0,0,0,0,0,-9.800000000000011,64188.6
M23954,M,24.150000000000034,34.950000000000045,90.0,1477.0,39.8,199.0,0,0,0,0,0,0,-10.800000000000011,58784.6
L56970,L,25.350000000000023,36.450000000000045,90.0,1417.0,42.6,82.0,0,0,0,0,0,0,-11.100000000000023,60364.200000000004
L53423,L,27.75,37.25,90.0,1460.0,38.6,175.0,0,0,0,0,0,0,-9.5,56356.0
L54973,L,26.950000000000045,38.35000000000002,90.0,1782.0,25.9,129.0,0,0,0,0,0,0,-11.399999999999977,46153.799999999996
L47301,L,25.75,35.55000000000001,90.0,1479.0,41.2,110.0,0,0,0,0,0,0,-9.800000000000011,60934.8
L47253,L,25.75,35.950000000000045,90.0,1645.0,30.8,200.0,0,0,0,0,0,0,-10.200000000000045,50666.0
L50720,L,28.650000000000034,37.75,90.0,1356.0,52.0,79.0,0,0,0,0,0,0,-9.099999999999966,70512.0
L51095,L,29.350000000000023,38.35000000000002,90.0,1518.0,40.0,156.0,0,0,0,0,0,0,-9.0,60720.0
H30668,H,25.25,36.05000000000001,90.0,1518.0,42.1,206.0,0,0,0,0,0,0,-10.800000000000011,63907.8
L51464,L,28.650000000000034,36.85000000000002,90.0,1651.0,40.3,185.0,0,0,0,0,0,0,-8.199999999999989,66535.29999999999
M21829,M,27.55000000000001,37.950000000000045,90.0,1583.0,32.1,20.0,0,0,0,0,0,0,-10.400000000000034,50814.3
H32080,H,26.55000000000001,36.05000000000001,90.0,1353.0,27.7,203.0,0,0,0,0,0,0,-9.5,37478.1
L47429,L,24.850000000000023,35.650000000000034,90.0,1401.0,50.0,218.0,0,0,0,0,0,0,-10.800000000000011,70050.0
L52110,L,30.25,38.950000000000045,90.0,1363.0,51.2,88.0,0,0,0,0,0,0,-8.700000000000045,69785.6
L53273,L,27.450000000000045,37.85000000000002,90.0,1535.0,41.1,112.0,0,0,0,0,0,0,-10.399999999999977,63088.5
H39210,H,25.450000000000045,36.150000000000034,90.0,1393.0,48.2,7.0,0,0,0,0,0,0,-10.699999999999989,67142.6
L47503,L,24.650000000000034,35.25,90.0,1564.0,39.1,98.0,0,0,0,0,0,0,-10.599999999999966,61152.4
L48650,L,25.350000000000023,36.55000000000001,90.0,1437.0,42.6,0.0,0,0,0,0,0,0,-11.199999999999989,61216.200000000004
L49997,L,26.75,36.25,90.0,1470.0,43.2,123.0,0,0,0,0,0,0,-9.5,63504.00000000001
L54258,L,27.55000000000001,37.35000000000002,90.0,1357.0,36.0,199.0,0,0,0,0,0,0,-9.800000000000011,48852.0
M16590,M,25.25,34.75,90.0,1437.0,43.3,116.0,0,0,0,0,0,0,-9.5,62222.1
M16361,M,24.850000000000023,35.55000000000001,90.0,1674.0,33.1,201.0,0,0,0,0,0,0,-10.699999999999989,55409.4
L56404,L,24.850000000000023,35.85000000000002,90.0,1353.0,45.4,90.0,0,0,0,0,0,0,-11.0,61426.2
M20407,M,29.350000000000023,38.55000000000001,90.0,1540.0,36.1,187.0,0,0,0,0,0,0,-9.199999999999989,55594.0
L56457,L,25.05000000000001,35.55000000000001,90.0,1542.0,48.4,37.0,0,0,0,0,0,0,-10.5,74632.8
M22607,M,27.25,38.55000000000001,90.0,1435.0,55.3,167.0,0,0,0,0,0,0,-11.300000000000011,79355.5
M17209,M,26.05000000000001,35.25,90.0,1492.0,42.2,30.0,0,0,0,0,0,0,-9.199999999999989,62962.4
L53887,L,28.350000000000023,37.450000000000045,90.0,1538.0,44.6,78.0,0,0,0,0,0,0,-9.100000000000023,68594.8
M24400,M,26.350000000000023,37.650000000000034,90.0,1449.0,48.4,139.0,0,0,0,0,0,0,-11.300000000000011,70131.59999999999
M23913,M,24.25,35.35000000000002,90.0,1638.0,32.2,7.0,0,0,0,0,0,0,-11.100000000000023,52743.600000000006
L54265,L,27.450000000000045,37.25,90.0,1526.0,41.6,213.0,0,0,0,0,0,0,-9.799999999999955,63481.6
L55512,L,25.650000000000034,37.35000000000002,90.0,1470.0,39.4,136.0,0,0,0,0,0,0,-11.699999999999989,57918.0
L54839,L,27.350000000000023,38.35000000000002,90.0,1528.0,34.8,76.0,0,0,0,0,0,0,-11.0,53174.399999999994
L49465,L,26.05000000000001,35.55000000000001,90.0,1507.0,41.3,102.0,0,0,0,0,0,0,-9.5,62239.1
L48175,L,23.150000000000034,34.150000000000034,90.0,1449.0,45.4,92.0,0,0,0,0,0,0,-11.0,65784.59999999999
M17785,M,27.450000000000045,36.450000000000045,90.0,1388.0,51.1,160.0,0,0,0,0,0,0,-9.0,70926.8
L54428,L,26.850000000000023,36.950000000000045,90.0,1465.0,40.9,202.0,0,0,0,0,0,0,-10.100000000000023,59918.5
L55583,L,25.350000000000023,36.35000000000002,90.0,1671.0,31.7,115.0,0,0,0,0,0,0,-11.0,52970.7
L47488,L,24.950000000000045,35.35000000000002,90.0,1568.0,34.2,54.0,0,0,0,0,0,0,-10.399999999999977,53625.600000000006
H35327,H,27.650000000000034,37.35000000000002,90.0,1479.0,52.3,188.0,0,0,0,0,0,0,-9.699999999999989,77351.7
L48445,L,24.75,35.450000000000045,90.0,1515.0,45.1,39.0,0,0,0,0,0,0,-10.700000000000045,68326.5
L49830,L,26.650000000000034,36.450000000000045,90.0,1451.0,43.3,163.0,0,0,0,0,0,0,-9.800000000000011,62828.299999999996
L48453,L,24.950000000000045,36.25,90.0,1397.0,48.2,166.0,0,0,0,0,0,0,-11.299999999999955,67335.40000000001
M17229,M,26.150000000000034,35.450000000000045,90.0,1535.0,37.7,87.0,0,0,0,0,0,0,-9.300000000000011,57869.50000000001
L54071,L,27.75,38.35000000000002,90.0,1505.0,43.1,129.0,0,0,0,0,0,0,-10.600000000000023,64865.5
L53957,L,28.05000000000001,37.75,90.0,1604.0,33.0,142.0,0,0,0,0,0,0,-9.699999999999989,52932.0
L53526,L,27.05000000000001,36.55000000000001,90.0,1446.0,45.7,15.0,0,0,0,0,0,0,-9.5,66082.2
L53040,L,28.150000000000034,37.75,90.0,1526.0,39.4,84.0,0,0,0,0,0,0,-9.599999999999966,60124.4
L55509,L,25.650000000000034,36.55000000000001,90.0,1451.0,40.4,53.0,0,0,0,0,0,0,-10.899999999999977,58620.4
M18063,M,26.950000000000045,35.950000000000045,90.0,1477.0,40.0,26.0,0,0,0,0,0,0,-9.0,59080.0
L51638,L,29.450000000000045,37.25,90.0,1478.0,41.7,129.0,0,0,0,0,0,0,-7.7999999999999545,61632.600000000006
L52882,L,29.150000000000034,38.55000000000001,90.0,1544.0,53.9,131.0,0,0,0,0,0,0,-9.399999999999977,83221.59999999999
L50351,L,27.25,36.450000000000045,90.0,1617.0,32.3,170.0,0,0,0,0,0,0,-9.200000000000045,52229.1
H32038,H,26.55000000000001,36.35000000000002,90.0,1438.0,44.5,87.0,0,0,0,0,0,0,-9.800000000000011,63991.0
L56282,L,24.150000000000034,35.150000000000034,90.0,1493.0,38.0,5.0,0,0,0,0,0,0,-11.0,56734.0
M18677,M,28.950000000000045,37.450000000000045,90.0,1621.0,28.5,166.0,0,0,0,0,0,0,-8.5,46198.5
M18824,M,29.05000000000001,38.35000000000002,90.0,1668.0,31.6,47.0,0,0,0,0,0,0,-9.300000000000011,52708.8
M17686,M,27.150000000000034,36.25,90.0,1772.0,24.8,143.0,0,0,0,0,0,0,-9.099999999999966,43945.6
L49993,L,26.850000000000023,36.150000000000034,90.0,1371.0,50.6,120.0,0,0,0,0,0,0,-9.300000000000011,69372.6
L56112,L,24.25,35.25,90.0,1456.0,41.2,4.0,0,0,0,0,0,0,-11.0,59987.200000000004
H29979,H,24.450000000000045,36.55000000000001,90.0,1397.0,54.4,160.0,0,0,0,0,0,0,-12.099999999999966,75996.8
L53758,L,28.25,37.25,90.0,1530.0,37.5,190.0,0,0,0,0,0,0,-9.0,57375.0
M20198,M,30.25,39.450000000000045,90.0,1592.0,33.7,115.0,0,0,0,0,0,0,-9.200000000000045,53650.4
H33435,H,29.05000000000001,37.25,90.0,1376.0,43.5,210.0,0,0,0,0,0,0,-8.199999999999989,59856.0
M17086,M,26.450000000000045,35.85000000000002,90.0,1465.0,51.9,161.0,0,0,0,0,0,0,-9.399999999999977,76033.5
L50624,L,28.55000000000001,37.35000000000002,90.0,1402.0,38.9,0.0,0,0,0,0,0,0,-8.800000000000011,54537.799999999996
L48839,L,24.950000000000045,34.85000000000002,90.0,1642.0,35.4,125.0,0,0,0,0,0,0,-9.899999999999977,58126.799999999996
L52422,L,30.55000000000001,39.950000000000045,90.0,1519.0,34.9,171.0,0,0,0,0,0,0,-9.400000000000034,53013.1
M24620,M,25.350000000000023,36.450000000000045,90.0,1523.0,38.1,148.0,0,0,0,0,0,0,-11.100000000000023,58026.3
L54753,L,27.25,38.05000000000001,90.0,1311.0,54.5,160.0,0,0,0,0,0,0,-10.800000000000011,71449.5
L52141,L,30.450000000000045,39.55000000000001,90.0,1367.0,56.0,172.0,1,0,1,0,0,0,-9.099999999999966,76552.0
L56907,L,25.650000000000034,36.650000000000034,90.0,1418.0,39.4,101.0,0,0,0,0,0,0,-11.0,55869.2
M19232,M,28.75,36.450000000000045,90.0,1431.0,41.8,201.0,0,0,0,0,0,0,-7.7000000000000455,59815.799999999996
M21831,M,27.55000000000001,37.85000000000002,90.0,1359.0,46.9,61.0,0,0,0,0,0,0,-10.300000000000011,63737.1
H38112,H,24.25,35.05000000000001,90.0,1435.0,42.4,12.0,0,0,0,0,0,0,-10.800000000000011,60844.0
M15659,M,23.850000000000023,34.650000000000034,90.0,1374.0,48.4,168.0,0,0,0,0,0,0,-10.800000000000011,66501.59999999999
L47544,L,24.450000000000045,35.450000000000045,90.0,1407.0,44.0,86.0,0,0,0,0,0,0,-11.0,61908.0
L50317,L,27.450000000000045,36.75,90.0,1442.0,48.1,72.0,0,0,0,0,0,0,-9.299999999999955,69360.2
L51016,L,29.25,38.05000000000001,90.0,1366.0,47.9,152.0,1,0,1,0,0,0,-8.800000000000011,65431.4
L56255,L,24.150000000000034,34.950000000000045,90.0,1566.0,36.0,152.0,0,0,0,0,0,0,-10.800000000000011,56376.0
L53758,L,28.350000000000023,37.650000000000034,90.0,1537.0,39.0,190.0,0,0,0,0,0,0,-9.300000000000011,59943.0
M23803,M,24.150000000000034,35.25,90.0,1449.0,38.0,72.0,0,0,0,0,0,0,-11.099999999999966,55062.0
M23921,M,24.05000000000001,35.150000000000034,90.0,1548.0,36.7,57.0,0,0,0,0,0,0,-11.100000000000023,56811.600000000006
L48635,L,25.850000000000023,37.25,90.0,1382.0,48.9,18.0,0,0,0,0,0,0,-11.399999999999977,67579.8
M20700,M,28.150000000000034,37.950000000000045,90.0,1581.0,31.7,31.0,0,0,0,0,0,0,-9.800000000000011,50117.7
L51274,L,28.850000000000023,37.35000000000002,90.0,1543.0,39.1,133.0,0,0,0,0,0,0,-8.5,60331.3
L48891,L,25.05000000000001,34.650000000000034,90.0,1455.0,46.3,70.0,0,0,0,0,0,0,-9.600000000000023,67366.5
H30694,H,24.450000000000045,35.85000000000002,90.0,1298.0,56.8,17.0,0,0,0,0,0,0,-11.399999999999977,73726.4
L56528,L,25.05000000000001,35.55000000000001,90.0,1611.0,29.1,26.0,0,0,0,0,0,0,-10.5,46880.100000000006
L51168,L,29.05000000000001,38.150000000000034,90.0,1546.0,40.2,120.0,0,0,0,0,0,0,-9.100000000000023,62149.200000000004
H38176,H,24.25,35.35000000000002,90.0,1424.0,48.3,179.0,0,0,0,0,0,0,-11.100000000000023,68779.2
L55983,L,24.25,35.35000000000002,90.0,1486.0,48.0,73.0,0,0,0,0,0,0,-11.100000000000023,71328.0
M18167,M,28.25,37.35000000000002,90.0,1441.0,39.9,92.0,0,0,0,0,0,0,-9.100000000000023,57495.9
L49840,L,26.55000000000001,36.150000000000034,90.0,1291.0,56.4,188.0,0,0,0,0,0,0,-9.600000000000023,72812.4
M24401,M,26.350000000000023,37.650000000000034,90.0,1490.0,38.7,2.0,0,0,0,0,0,0,-11.300000000000011,57663.00000000001
L52141,L,30.75,39.55000000000001,90.0,1800.0,24.3,176.0,0,0,0,0,0,0,-8.800000000000011,43740.0
M21225,M,27.05000000000001,36.55000000000001,90.0,1377.0,45.1,118.0,0,0,0,0,0,0,-9.5,62102.700000000004
L56337,L,24.350000000000023,35.450000000000045,90.0,1462.0,52.3,100.0,0,0,0,0,0,0,-11.100000000000023,76462.59999999999
L55717,L,25.450000000000045,35.650000000000034,90.0,1725.0,30.2,204.0,0,0,0,0,0,0,-10.199999999999989,52095.0
L56333,L,24.350000000000023,35.450000000000045,90.0,1569.0,34.5,139.0,0,0,0,0,0,0,-11.100000000000023,54130.5
L48238,L,23.55000000000001,34.650000000000034,90.0,1426.0,31.3,112.0,0,0,0,0,0,0,-11.100000000000023,44633.8
L49828,L,26.650000000000034,36.35000000000002,90.0,1483.0,43.1,156.0,0,0,0,0,0,0,-9.699999999999989,63917.3
L48260,L,23.850000000000023,34.75,90.0,1424.0,47.5,188.0,0,0,0,0,0,0,-10.899999999999977,67640.0
H34959,H,29.150000000000034,38.55000000000001,90.0,1500.0,37.1,152.0,0,0,0,0,0,0,-9.399999999999977,55650.0
L55861,L,24.05000000000001,35.35000000000002,90.0,1533.0,40.6,183.0,0,0,0,0,0,0,-11.300000000000011,62239.8
L51976,L,30.350000000000023,39.25,90.0,1564.0,37.3,173.0,0,0,0,0,0,0,-8.899999999999977,58337.2
L50992,L,28.850000000000023,37.450000000000045,90.0,1453.0,46.2,86.0,0,0,0,0,0,0,-8.600000000000023,67128.6
L53413,L,28.05000000000001,37.75,90.0,1442.0,37.1,153.0,0,0,0,0,0,0,-9.699999999999989,53498.200000000004
L47809,L,25.150000000000034,36.950000000000045,90.0,1334.0,46.7,99.0,0,0,0,0,0,0,-11.800000000000011,62297.8
L48868,L,24.75,34.450000000000045,90.0,1538.0,38.1,16.0,0,0,0,0,0,0,-9.700000000000045,58597.8
L52897,L,29.05000000000001,38.85000000000002,90.0,1330.0,57.4,167.0,0,0,0,0,0,0,-9.800000000000011,76342.0
M16587,M,25.05000000000001,34.55000000000001,90.0,1392.0,48.6,78.0,0,0,0,0,0,0,-9.5,67651.2
L55016,L,26.950000000000045,38.35000000000002,90.0,1467.0,46.8,24.0,0,0,0,0,0,0,-11.399999999999977,68655.59999999999
L56970,L,25.350000000000023,36.35000000000002,90.0,1523.0,39.1,79.0,0,0,0,0,0,0,-11.0,59549.3
L56133,L,24.150000000000034,34.85000000000002,90.0,1518.0,36.6,74.0,0,0,0,0,0,0,-10.699999999999989,55558.8
L50984,L,28.850000000000023,37.75,90.0,1431.0,43.7,62.0,0,0,0,0,0,0,-8.899999999999977,62534.700000000004
L53754,L,28.25,37.650000000000034,90.0,1478.0,45.2,181.0,0,0,0,0,0,0,-9.400000000000034,66805.6
M18485,M,29.05000000000001,38.35000000000002,90.0,1435.0,48.7,78.0,0,0,0,0,0,0,-9.300000000000011,69884.5
L48282,L,23.650000000000034,34.35000000000002,90.0,1466.0,54.8,43.0,0,0,0,0,0,0,-10.699999999999989,80336.8
L50309,L,26.950000000000045,36.35000000000002,90.0,1442.0,54.1,53.0,0,0,0,0,0,0,-9.399999999999977,78012.2
L56041,L,24.75,35.950000000000045,90.0,1619.0,40.2,33.0,0,0,0,0,0,0,-11.200000000000045,65083.8
L54341,L,27.05000000000001,37.05000000000001,90.0,1440.0,37.9,191.0,0,0,0,0,0,0,-10.0,54576.0
L50316,L,27.150000000000034,36.75,90.0,1435.0,38.7,70.0,0,0,0,0,0,0,-9.599999999999966,55534.50000000001
L53787,L,28.25,37.55000000000001,90.0,1624.0,34.8,21.0,0,0,0,0,0,0,-9.300000000000011,56515.2
L47988,L,23.75,34.55000000000001,90.0,1424.0,43.3,137.0,0,0,0,0,0,0,-10.800000000000011,61659.2
L51222,L,28.75,37.75,90.0,1564.0,35.2,15.0,0,0,0,0,0,0,-9.0,55052.8
M23604,M,24.150000000000034,35.55000000000001,90.0,1798.0,27.2,135.0,0,0,0,0,0,0,-11.399999999999977,48905.6
M18783,M,29.450000000000045,38.25,90.0,1604.0,32.7,154.0,0,0,0,0,0,0,-8.799999999999955,52450.8
L47783,L,24.55000000000001,35.75,90.0,1510.0,37.7,31.0,0,0,0,0,0,0,-11.199999999999989,56927.00000000001
H30745,H,25.75,37.05000000000001,90.0,1424.0,51.5,216.0,0,0,0,0,0,0,-11.300000000000011,73336.0
H39398,H,25.55000000000001,35.950000000000045,90.0,1736.0,28.6,64.0,0,0,0,0,0,0,-10.400000000000034,49649.600000000006
M20383,M,29.25,38.650000000000034,90.0,1524.0,34.8,86.0,0,0,0,0,0,0,-9.400000000000034,53035.2
L53633,L,27.55000000000001,36.950000000000045,90.0,1395.0,55.5,77.0,0,0,0,0,0,0,-9.400000000000034,77422.5
L54680,L,27.350000000000023,38.650000000000034,90.0,1450.0,40.8,98.0,0,0,0,0,0,0,-11.300000000000011,59159.99999999999
M20446,M,29.350000000000023,38.650000000000034,90.0,1521.0,43.0,136.0,0,0,0,0,0,0,-9.300000000000011,65403.0
M20641,M,28.55000000000001,37.950000000000045,90.0,1618.0,42.7,115.0,0,0,0,0,0,0,-9.400000000000034,69088.6
L50534,L,28.350000000000023,37.450000000000045,90.0,1559.0,40.2,0.0,0,0,0,0,0,0,-9.100000000000023,62671.8
L48526,L,25.55000000000001,37.05000000000001,90.0,1706.0,30.9,26.0,0,0,0,0,0,0,-11.5,52715.399999999994
L49523,L,26.05000000000001,35.05000000000001,90.0,1668.0,32.7,112.0,0,0,0,0,0,0,-9.0,54543.600000000006
M19309,M,29.450000000000045,37.05000000000001,90.0,1471.0,37.5,57.0,0,0,0,0,0,0,-7.599999999999966,55162.5
L56379,L,24.650000000000034,35.75,90.0,1488.0,39.5,62.0,0,0,0,0,0,0,-11.099999999999966,58776.0
L53714,L,28.150000000000034,37.35000000000002,90.0,1436.0,44.2,76.0,0,0,0,0,0,0,-9.199999999999989,63471.200000000004
L56251,L,23.850000000000023,34.950000000000045,90.0,1629.0,33.0,138.0,0,0,0,0,0,0,-11.100000000000023,53757.0
L53770,L,28.55000000000001,37.55000000000001,90.0,1563.0,38.1,4.0,0,0,0,0,0,0,-9.0,59550.3
L53287,L,27.75,37.85000000000002,90.0,1638.0,33.5,61.0,0,0,0,0,0,0,-10.100000000000023,54873.0
L54261,L,27.55000000000001,37.450000000000045,90.0,1666.0,30.4,199.0,0,0,0,0,0,0,-9.900000000000034,50646.399999999994
L53689,L,27.950000000000045,36.85000000000002,90.0,1564.0,36.8,7.0,0,0,0,0,0,0,-8.899999999999977,57555.2
L51669,L,29.350000000000023,37.25,90.0,1452.0,43.3,48.0,0,0,0,0,0,0,-7.899999999999977,62871.6
L47476,L,24.850000000000023,35.35000000000002,90.0,1727.0,27.7,122.0,0,0,0,0,0,0,-10.5,47837.9
M23774,M,24.150000000000034,35.35000000000002,90.0,1384.0,49.3,171.0,0,0,0,0,0,0,-11.199999999999989,68231.2
L56454,L,25.05000000000001,35.55000000000001,90.0,1430.0,38.7,45.0,0,0,0,0,0,0,-10.5,55341.00000000001
L56778,L,25.850000000000023,37.05000000000001,90.0,1618.0,39.2,54.0,0,0,0,0,0,0,-11.199999999999989,63425.600000000006
L54812,L,27.350000000000023,38.25,90.0,1447.0,26.8,82.0,0,0,0,0,0,0,-10.899999999999977,38779.6
L48443,L,24.650000000000034,36.05000000000001,90.0,1400.0,54.3,34.0,0,0,0,0,0,0,-11.399999999999977,76020.0
M17564,M,26.75,36.150000000000034,90.0,1662.0,28.8,96.0,0,0,0,0,0,0,-9.400000000000034,47865.6
L49689,L,25.850000000000023,35.55000000000001,90.0,1511.0,36.1,18.0,0,0,0,0,0,0,-9.699999999999989,54547.1
M23913,M,24.25,35.25,90.0,1638.0,32.2,84.0,0,0,0,0,0,0,-11.0,52743.600000000006
M16368,M,24.850000000000023,35.450000000000045,90.0,1507.0,44.7,119.0,0,0,0,0,0,0,-10.600000000000023,67362.90000000001
L49582,L,26.05000000000001,35.55000000000001,90.0,1367.0,51.0,171.0,0,0,0,0,0,0,-9.5,69717.0
L49085,L,24.75,34.25,90.0,1556.0,36.1,96.0,0,0,0,0,0,0,-9.5,56171.600000000006
M17848,M,27.450000000000045,36.650000000000034,90.0,1641.0,33.1,130.0,0,0,0,0,0,0,-9.199999999999989,54317.100000000006
L55364,L,26.55000000000001,37.650000000000034,90.0,1354.0,46.9,119.0,0,0,0,0,0,0,-11.100000000000023,63502.6
M22096,M,26.650000000000034,36.650000000000034,90.0,1349.0,50.1,164.0,0,0,0,0,0,0,-10.0,67584.90000000001
L53071,L,28.25,37.85000000000002,90.0,1448.0,44.0,146.0,0,0,0,0,0,0,-9.600000000000023,63712.0
M20455,M,29.450000000000045,38.85000000000002,90.0,1597.0,31.0,158.0,0,0,0,0,0,0,-9.399999999999977,49507.0
L54774,L,27.450000000000045,38.150000000000034,90.0,1739.0,26.3,0.0,0,0,0,0,0,0,-10.699999999999989,45735.700000000004
L52933,L,29.05000000000001,38.450000000000045,90.0,1459.0,46.8,48.0,0,0,0,0,0,0,-9.400000000000034,68281.2
L55488,L,25.650000000000034,36.950000000000045,90.0,1485.0,40.4,42.0,0,0,0,0,0,0,-11.300000000000011,59994.0
H34989,H,29.75,39.150000000000034,90.0,1530.0,34.9,185.0,0,0,0,0,0,0,-9.400000000000034,53397.0
M15155,M,24.950000000000045,35.450000000000045,90.0,1392.0,53.7,119.0,0,0,0,0,0,0,-10.5,74750.40000000001
L48218,L,23.450000000000045,34.35000000000002,90.0,1535.0,36.6,88.0,0,0,0,0,0,0,-10.899999999999977,56181.0
L55211,L,27.55000000000001,38.650000000000034,90.0,1550.0,32.4,5.0,0,0,0,0,0,0,-11.100000000000023,50220.0
M19124,M,28.950000000000045,36.950000000000045,90.0,1434.0,49.9,188.0,0,0,0,0,0,0,-8.0,71556.59999999999
L54452,L,27.05000000000001,37.150000000000034,90.0,1702.0,28.7,0.0,0,0,0,0,0,0,-10.100000000000023,48847.4
L53876,L,28.55000000000001,37.75,90.0,1354.0,44.1,42.0,0,0,0,0,0,0,-9.199999999999989,59711.4
L51195,L,28.850000000000023,37.55000000000001,90.0,1447.0,40.5,104.0,0,0,0,0,0,0,-8.699999999999989,58603.5
M24465,M,25.75,36.950000000000045,90.0,1430.0,41.9,25.0,0,0,0,0,0,0,-11.200000000000045,59917.0
L54065,L,27.650000000000034,38.05000000000001,90.0,1470.0,36.0,111.0,0,0,0,0,0,0,-10.399999999999977,52920.0
L57093,L,25.350000000000023,35.75,90.0,1416.0,45.8,11.0,0,0,0,0,0,0,-10.399999999999977,64852.799999999996
L52406,L,30.650000000000034,39.85000000000002,90.0,1403.0,48.3,117.0,0,0,0,0,0,0,-9.199999999999989,67764.9
M24550,M,25.75,36.75,90.0,1527.0,35.6,48.0,0,0,0,0,0,0,-11.0,54361.200000000004
L52754,L,29.25,38.85000000000002,90.0,1712.0,28.8,23.0,0,0,0,0,0,0,-9.600000000000023,49305.6
L51022,L,29.25,37.950000000000045,90.0,1427.0,45.5,166.0,0,0,0,0,0,0,-8.700000000000045,64928.5
L53022,L,28.05000000000001,37.75,90.0,1445.0,49.1,37.0,0,0,0,0,0,0,-9.699999999999989,70949.5
L54217,L,27.450000000000045,37.650000000000034,90.0,1457.0,39.5,87.0,0,0,0,0,0,0,-10.199999999999989,57551.5
L56116,L,24.25,35.150000000000034,90.0,1474.0,42.0,13.0,0,0,0,0,0,0,-10.900000000000034,61908.0
L49245,L,26.55000000000001,36.450000000000045,90.0,1368.0,53.1,164.0,0,0,0,0,0,0,-9.900000000000034,72640.8
M21903,M,27.55000000000001,37.450000000000045,90.0,1551.0,36.2,90.0,0,0,0,0,0,0,-9.900000000000034,56146.200000000004
L49319,L,26.150000000000034,35.85000000000002,90.0,1611.0,32.1,155.0,0,0,0,0,0,0,-9.699999999999989,51713.100000000006
L50169,L,27.450000000000045,36.650000000000034,90.0,1505.0,41.2,133.0,0,0,0,0,0,0,-9.199999999999989,62006.00000000001
L56778,L,25.850000000000023,37.05000000000001,90.0,1501.0,39.0,54.0,0,0,0,0,0,0,-11.199999999999989,58539.0
H36556,H,27.150000000000034,36.55000000000001,90.0,1452.0,38.8,139.0,0,0,0,0,0,0,-9.399999999999977,56337.6
L54766,L,27.25,37.950000000000045,90.0,1636.0,30.6,203.0,0,0,0,0,0,0,-10.700000000000045,50061.600000000006
L53733,L,28.25,37.450000000000045,90.0,1391.0,50.3,125.0,0,0,0,0,0,0,-9.200000000000045,69967.3
L54275,L,27.55000000000001,36.950000000000045,90.0,1478.0,39.0,0.0,0,0,0,0,0,0,-9.400000000000034,57642.0
L50685,L,28.450000000000045,37.450000000000045,90.0,1358.0,26.7,150.0,0,0,0,0,0,0,-9.0,36258.6
L47692,L,25.25,36.05000000000001,90.0,1531.0,38.0,12.0,0,0,0,0,0,0,-10.800000000000011,58178.0
L47981,L,23.650000000000034,34.55000000000001,90.0,1418.0,50.1,106.0,0,0,0,0,0,0,-10.899999999999977,71041.8
M18141,M,28.05000000000001,36.950000000000045,90.0,1373.0,49.6,18.0,0,0,0,0,0,0,-8.900000000000034,68100.8
M16335,M,25.25,36.35000000000002,90.0,1525.0,32.7,133.0,0,0,0,0,0,0,-11.100000000000023,49867.50000000001
L56698,L,25.850000000000023,36.950000000000045,90.0,1526.0,39.5,166.0,0,0,0,0,0,0,-11.100000000000023,60277.0
L56411,L,25.150000000000034,35.950000000000045,90.0,1349.0,48.2,91.0,0,0,0,0,0,0,-10.800000000000011,65021.8
L53906,L,28.350000000000023,37.650000000000034,90.0,1470.0,45.3,59.0,0,0,0,0,0,0,-9.300000000000011,66591.0
L55779,L,24.150000000000034,35.25,90.0,1597.0,30.4,18.0,0,0,0,0,0,0,-11.099999999999966,48548.799999999996
M18429,M,28.650000000000034,37.450000000000045,90.0,1552.0,35.9,27.0,0,0,0,0,0,0,-8.800000000000011,55716.799999999996
M15755,M,23.75,34.650000000000034,90.0,1445.0,42.1,13.0,0,0,0,0,0,0,-10.900000000000034,60834.5
L51601,L,29.350000000000023,37.05000000000001,90.0,1425.0,54.8,92.0,0,0,0,0,0,0,-7.699999999999989,78090.0
L50429,L,27.25,36.650000000000034,90.0,1402.0,55.8,112.0,0,0,0,0,0,0,-9.400000000000034,78231.59999999999
M19706,M,30.350000000000023,38.650000000000034,90.0,1548.0,33.5,74.0,0,0,0,0,0,0,-8.300000000000011,51858.0
H32049,H,26.650000000000034,36.450000000000045,90.0,1452.0,49.9,124.0,0,0,0,0,0,0,-9.800000000000011,72454.8
L50102,L,27.650000000000034,36.55000000000001,90.0,1532.0,43.9,154.0,0,0,0,0,0,0,-8.899999999999977,67254.8
M19080,M,28.75,37.75,90.0,1625.0,32.9,146.0,0,0,0,0,0,0,-9.0,53462.5
L52867,L,29.350000000000023,38.75,90.0,1374.0,44.3,91.0,0,0,0,0,0,0,-9.399999999999977,60868.2
L55915,L,23.950000000000045,35.450000000000045,90.0,1409.0,54.4,112.0,0,0,0,0,0,0,-11.5,76649.59999999999
L56978,L,25.650000000000034,36.85000000000002,90.0,1493.0,47.6,119.0,0,0,0,0,0,0,-11.199999999999989,71066.8
L49480,L,26.150000000000034,35.450000000000045,90.0,1453.0,44.7,96.0,0,0,0,0,0,0,-9.300000000000011,64949.100000000006
L56369,L,24.75,35.950000000000045,90.0,1429.0,43.0,32.0,0,0,0,0,0,0,-11.200000000000045,61447.0
L55117,L,27.650000000000034,38.55000000000001,90.0,1535.0,39.6,217.0,0,0,0,0,0,0,-10.899999999999977,60786.0
M17935,M,26.950000000000045,36.05000000000001,90.0,1385.0,47.7,24.0,0,0,0,0,0,0,-9.099999999999966,66064.5
M15790,M,22.450000000000045,32.75,90.0,1650.0,30.9,29.0,0,0,0,0,0,0,-10.299999999999955,50985.0
M24423,M,26.650000000000034,37.450000000000045,90.0,1665.0,31.5,165.0,0,0,0,0,0,0,-10.800000000000011,52447.5
H34183,H,29.75,37.950000000000045,90.0,1444.0,46.0,146.0,0,0,0,0,0,0,-8.200000000000045,66424.0
L53308,L,27.75,37.85000000000002,90.0,1464.0,39.0,111.0,0,0,0,0,0,0,-10.100000000000023,57096.0
L54885,L,27.350000000000023,38.35000000000002,90.0,1316.0,36.0,55.0,0,0,0,0,0,0,-11.0,47376.0
M23821,M,24.150000000000034,34.85000000000002,90.0,1403.0,49.1,77.0,0,0,0,0,0,0,-10.699999999999989,68887.3
M23154,M,25.75,37.35000000000002,90.0,1484.0,40.6,183.0,0,0,0,0,0,0,-11.600000000000023,60250.4
L52763,L,29.350000000000023,38.85000000000002,90.0,1425.0,38.9,42.0,0,0,0,0,0,0,-9.5,55432.5
L54697,L,27.150000000000034,38.650000000000034,90.0,1629.0,32.3,15.0,0,0,0,0,0,0,-11.5,52616.7
L57027,L,25.650000000000034,36.450000000000045,90.0,1399.0,47.9,37.0,0,0,0,0,0,0,-10.800000000000011,67012.09999999999
M19249,M,28.950000000000045,37.35000000000002,90.0,1685.0,30.1,104.0,0,0,0,0,0,0,-8.399999999999977,50718.5
L55810,L,24.25,35.25,90.0,1438.0,43.4,4.0,0,0,0,0,0,0,-11.0,62409.2
L50928,L,29.350000000000023,37.950000000000045,90.0,1673.0,29.9,137.0,0,0,0,0,0,0,-8.600000000000023,50022.7
L51411,L,29.05000000000001,37.650000000000034,90.0,1346.0,47.8,54.0,0,0,0,0,0,0,-8.600000000000023,64338.799999999996
M18175,M,28.25,37.35000000000002,90.0,1564.0,43.0,199.0,0,0,0,0,0,0,-9.100000000000023,67252.0
L51374,L,29.05000000000001,37.85000000000002,90.0,1435.0,46.2,186.0,0,0,0,0,0,0,-8.800000000000011,66297.0
H33166,H,29.05000000000001,37.950000000000045,90.0,1392.0,40.3,145.0,0,0,0,0,0,0,-8.900000000000034,56097.6
L53655,L,27.350000000000023,36.650000000000034,90.0,1534.0,39.5,0.0,0,0,0,0,0,0,-9.300000000000011,60593.0
M17408,M,26.25,35.75,90.0,1440.0,42.5,89.0,0,0,0,0,0,0,-9.5,61200.0
M20588,M,29.25,38.75,90.0,1378.0,52.7,199.0,0,0,0,0,0,0,-9.5,72620.6
L47897,L,24.25,35.55000000000001,90.0,1551.0,36.9,125.0,0,0,0,0,0,0,-11.300000000000011,57231.899999999994
H37674,H,26.05000000000001,37.35000000000002,90.0,1490.0,38.7,188.0,0,0,0,0,0,0,-11.300000000000011,57663.00000000001
L52723,L,29.450000000000045,38.650000000000034,90.0,1474.0,42.5,158.0,0,0,0,0,0,0,-9.199999999999989,62645.0
L52034,L,30.55000000000001,39.450000000000045,90.0,1316.0,54.8,92.0,1,0,1,0,0,0,-8.900000000000034,72116.8
L56876,L,25.75,36.75,90.0,1365.0,49.0,71.0,0,0,0,0,0,0,-11.0,66885.0
L53231,L,27.650000000000034,37.85000000000002,90.0,1654.0,32.1,181.0,0,0,0,0,0,0,-10.199999999999989,53093.4
L53033,L,28.150000000000034,37.950000000000045,90.0,1648.0,30.6,156.0,0,0,0,0,0,0,-9.800000000000011,50428.8
M23954,M,24.150000000000034,34.950000000000045,90.0,1458.0,40.1,176.0,0,0,0,0,0,0,-10.800000000000011,58465.8
M17531,M,26.650000000000034,36.25,90.0,1445.0,46.5,204.0,0,0,0,0,0,0,-9.599999999999966,67192.5
M24735,M,25.650000000000034,36.650000000000034,90.0,1434.0,43.2,63.0,0,0,0,0,0,0,-11.0,61948.8
M21464,M,28.350000000000023,37.450000000000045,90.0,1729.0,26.5,37.0,0,0,0,0,0,0,-9.100000000000023,45818.5
L53570,L,26.850000000000023,36.450000000000045,90.0,1372.0,46.7,28.0,0,0,0,0,0,0,-9.600000000000023,64072.4
L47341,L,25.150000000000034,34.950000000000045,90.0,1408.0,42.2,155.0,0,0,0,0,0,0,-9.800000000000011,59417.600000000006
L52638,L,29.950000000000045,39.450000000000045,90.0,1501.0,38.0,0.0,0,0,0,0,0,0,-9.5,57038.0
L56636,L,25.25,36.05000000000001,90.0,1456.0,40.6,121.0,0,0,0,0,0,0,-10.800000000000011,59113.6
L56115,L,24.25,35.150000000000034,90.0,1580.0,37.6,74.0,0,0,0,0,0,0,-10.900000000000034,59408.0
L54969,L,27.05000000000001,38.35000000000002,90.0,1495.0,36.6,69.0,0,0,0,0,0,0,-11.300000000000011,54717.0
L55197,L,27.75,38.85000000000002,90.0,1518.0,37.4,142.0,0,0,0,0,0,0,-11.100000000000023,56773.2
L49076,L,24.650000000000034,34.35000000000002,90.0,1488.0,50.0,142.0,0,0,0,0,0,0,-9.699999999999989,74400.0
M22094,M,27.05000000000001,36.85000000000002,90.0,1397.0,48.1,92.0,0,0,0,0,0,0,-9.800000000000011,67195.7
M20455,M,29.55000000000001,38.85000000000002,90.0,1382.0,41.7,13.0,0,0,0,0,0,0,-9.300000000000011,57629.4
L51537,L,28.850000000000023,36.650000000000034,90.0,1548.0,34.6,166.0,0,0,0,0,0,0,-7.800000000000011,53560.8
H38078,H,24.350000000000023,35.450000000000045,90.0,1407.0,42.5,145.0,0,0,0,0,0,0,-11.100000000000023,59797.5
M21649,M,27.850000000000023,37.35000000000002,90.0,1445.0,40.7,76.0,0,0,0,0,0,0,-9.5,58811.50000000001
M15390,M,25.150000000000034,36.85000000000002,90.0,1602.0,35.3,59.0,0,0,0,0,0,0,-11.699999999999989,56550.6
L54162,L,27.55000000000001,37.950000000000045,90.0,1440.0,37.6,148.0,0,0,0,0,0,0,-10.400000000000034,54144.0
L49053,L,25.150000000000034,34.950000000000045,90.0,1399.0,50.7,79.0,0,0,0,0,0,0,-9.800000000000011,70929.3
L51765,L,29.650000000000034,37.950000000000045,90.0,1658.0,32.2,78.0,0,0,0,0,0,0,-8.300000000000011,53387.600000000006
L54951,L,27.350000000000023,38.450000000000045,90.0,1545.0,35.2,27.0,0,0,0,0,0,0,-11.100000000000023,54384.00000000001
M17058,M,26.55000000000001,35.75,90.0,1452.0,41.0,92.0,0,0,0,0,0,0,-9.199999999999989,59532.0
L49414,L,26.25,35.450000000000045,90.0,1475.0,40.6,181.0,0,0,0,0,0,0,-9.200000000000045,59885.0
L51564,L,28.75,36.650000000000034,90.0,1471.0,40.0,199.0,0,0,0,0,0,0,-7.900000000000034,58840.0
L56774,L,25.950000000000045,36.950000000000045,90.0,1641.0,32.8,43.0,0,0,0,0,0,0,-11.0,53824.799999999996
H38545,H,24.450000000000045,35.450000000000045,90.0,1463.0,46.7,0.0,0,0,0,0,0,0,-11.0,68322.1
L50651,L,28.650000000000034,37.55000000000001,90.0,1523.0,36.3,58.0,0,0,0,0,0,0,-8.899999999999977,55284.899999999994
L55070,L,27.650000000000034,39.05000000000001,90.0,1531.0,37.2,103.0,0,0,0,0,0,0,-11.399999999999977,56953.200000000004
L54400,L,26.650000000000034,36.55000000000001,90.0,1374.0,49.8,127.0,0,0,0,0,0,0,-9.899999999999977,68425.2
L51237,L,28.75,37.75,90.0,1425.0,44.9,54.0,0,0,0,0,0,0,-9.0,63982.5
M16652,M,24.850000000000023,35.55000000000001,90.0,1431.0,47.9,74.0,0,0,0,0,0,0,-10.699999999999989,68544.9
L48894,L,25.05000000000001,34.650000000000034,90.0,1491.0,37.1,181.0,0,0,0,0,0,0,-9.600000000000023,55316.1
L56582,L,24.55000000000001,35.05000000000001,90.0,1734.0,26.0,202.0,0,0,0,0,0,0,-10.5,45084.0
M16964,M,26.25,36.150000000000034,90.0,1600.0,37.6,93.0,0,0,0,0,0,0,-9.900000000000034,60160.0
H37051,H,27.25,38.450000000000045,90.0,1445.0,52.4,105.0,0,0,0,0,0,0,-11.200000000000045,75718.0
L51211,L,28.850000000000023,37.650000000000034,90.0,1549.0,42.7,229.0,0,0,0,0,0,0,-8.800000000000011,66142.3
L54299,L,27.450000000000045,36.85000000000002,90.0,1556.0,34.1,89.0,0,0,0,0,0,0,-9.399999999999977,53059.600000000006
M22520,M,27.25,38.25,90.0,1345.0,42.1,160.0,0,0,0,0,0,0,-11.0,56624.5
L55835,L,24.150000000000034,35.150000000000034,90.0,1268.0,60.6,104.0,0,0,0,0,0,0,-11.0,76840.8
L49961,L,27.450000000000045,36.35000000000002,90.0,1469.0,39.7,83.0,0,0,0,0,0,0,-8.899999999999977,58319.3
L53718,L,28.350000000000023,37.55000000000001,90.0,1462.0,37.5,88.0,0,0,0,0,0,0,-9.199999999999989,54825.0
L52897,L,29.150000000000034,38.85000000000002,90.0,1428.0,55.2,167.0,0,0,0,0,0,0,-9.699999999999989,78825.6
H31162,H,25.25,34.55000000000001,90.0,1762.0,27.1,166.0,0,0,0,0,0,0,-9.300000000000011,47750.200000000004
L50178,L,27.450000000000045,36.35000000000002,90.0,1651.0,30.4,155.0,0,0,0,0,0,0,-8.899999999999977,50190.399999999994
L54524,L,26.650000000000034,37.05000000000001,90.0,1501.0,43.2,155.0,0,0,0,0,0,0,-10.399999999999977,64843.200000000004
M15645,M,23.75,34.85000000000002,90.0,1497.0,50.0,57.0,0,0,0,0,0,0,-11.100000000000023,74850.0
M19103,M,29.350000000000023,37.75,90.0,1435.0,43.9,17.0,0,0,0,0,0,0,-8.399999999999977,62996.5
L50753,L,28.650000000000034,37.450000000000045,90.0,1452.0,41.5,110.0,0,0,0,0,0,0,-8.800000000000011,60258.0
L56894,L,25.75,36.950000000000045,90.0,1509.0,36.1,104.0,0,0,0,0,0,0,-11.200000000000045,54474.9
M23643,M,24.25,35.35000000000002,90.0,1484.0,40.0,51.0,0,0,0,0,0,0,-11.100000000000023,59360.0
L52468,L,30.650000000000034,40.05000000000001,90.0,1531.0,39.4,152.0,0,0,0,0,0,0,-9.399999999999977,60321.4
H32498,H,26.950000000000045,36.25,90.0,1565.0,55.2,155.0,0,0,0,0,0,0,-9.299999999999955,86388.0
M23250,M,25.650000000000034,36.650000000000034,90.0,1581.0,37.2,79.0,0,0,0,0,0,0,-11.0,58813.200000000004
L51652,L,29.55000000000001,37.25,90.0,1401.0,48.5,6.0,0,0,0,0,0,0,-7.699999999999989,67948.5
L54854,L,27.350000000000023,38.150000000000034,90.0,1498.0,41.6,202.0,0,0,0,0,0,0,-10.800000000000011,62316.8
L57141,L,25.05000000000001,34.75,90.0,1399.0,54.9,137.0,0,0,0,0,0,0,-9.699999999999989,76805.09999999999
L57018,L,25.25,36.05000000000001,90.0,1355.0,50.4,11.0,0,0,0,0,0,0,-10.800000000000011,68292.0
L56266,L,23.950000000000045,34.650000000000034,90.0,1428.0,48.7,179.0,0,0,0,0,0,0,-10.699999999999989,69543.6
M21553,M,28.650000000000034,37.85000000000002,90.0,1316.0,49.2,32.0,0,0,0,0,0,0,-9.199999999999989,64747.200000000004
M21673,M,27.850000000000023,37.75,90.0,1470.0,41.9,133.0,0,0,0,0,0,0,-9.899999999999977,61593.0
L48085,L,22.350000000000023,32.950000000000045,90.0,1466.0,45.5,86.0,0,0,0,0,0,0,-10.600000000000023,66703.0
M17478,M,26.25,35.950000000000045,90.0,1461.0,48.6,114.0,0,0,0,0,0,0,-9.700000000000045,71004.6
L54697,L,27.150000000000034,38.650000000000034,90.0,1549.0,37.3,15.0,0,0,0,0,0,0,-11.5,57777.7
M17283,M,25.75,35.05000000000001,90.0,1771.0,20.0,23.0,0,0,0,0,0,0,-9.300000000000011,35420.0
L47571,L,24.450000000000045,35.450000000000045,90.0,1491.0,38.1,13.0,0,0,0,0,0,0,-11.0,56807.1
L48895,L,25.05000000000001,34.650000000000034,90.0,1420.0,47.6,85.0,0,0,0,0,0,0,-9.600000000000023,67592.0
L54763,L,27.25,38.150000000000034,90.0,1495.0,46.6,185.0,0,0,0,0,0,0,-10.900000000000034,69667.0
M16659,M,25.05000000000001,34.950000000000045,90.0,1365.0,42.5,204.0,0,0,0,0,0,0,-9.900000000000034,58012.5
M20336,M,29.450000000000045,38.950000000000045,90.0,1492.0,42.8,181.0,0,0,0,0,0,0,-9.5,63857.6
L56674,L,26.05000000000001,36.75,90.0,1367.0,47.4,219.0,0,0,0,0,0,0,-10.699999999999989,64795.799999999996
L53352,L,27.650000000000034,37.650000000000034,90.0,1470.0,45.1,64.0,0,0,0,0,0,0,-10.0,66297.0
L54218,L,27.55000000000001,37.450000000000045,90.0,1496.0,36.0,89.0,0,0,0,0,0,0,-9.900000000000034,53856.0
L53762,L,28.350000000000023,37.35000000000002,90.0,1528.0,35.7,194.0,0,0,0,0,0,0,-9.0,54549.600000000006
H36801,H,26.650000000000034,37.450000000000045,90.0,1458.0,40.4,116.0,0,0,0,0,0,0,-10.800000000000011,58903.2
L54700,L,26.950000000000045,38.150000000000034,90.0,1476.0,45.5,20.0,0,0,0,0,0,0,-11.199999999999989,67158.0
M18667,M,29.150000000000034,37.85000000000002,90.0,1408.0,45.6,124.0,0,0,0,0,0,0,-8.699999999999989,64204.8
L48891,L,24.850000000000023,34.55000000000001,90.0,1569.0,35.3,98.0,0,0,0,0,0,0,-9.699999999999989,55385.7
L47660,L,24.25,35.950000000000045,90.0,1487.0,41.2,176.0,0,0,0,0,0,0,-11.700000000000045,61264.4
M24672,M,25.05000000000001,36.05000000000001,90.0,1411.0,45.8,155.0,0,0,0,0,0,0,-11.0,64623.799999999996
L55237,L,27.05000000000001,38.35000000000002,90.0,1495.0,37.2,67.0,0,0,0,0,0,0,-11.300000000000011,55614.00000000001
L56499,L,25.350000000000023,36.25,90.0,1695.0,30.3,155.0,0,0,0,0,0,0,-10.899999999999977,51358.5
L56350,L,24.55000000000001,35.55000000000001,90.0,1518.0,46.8,124.0,0,0,0,0,0,0,-11.0,71042.4
L51625,L,29.450000000000045,37.25,90.0,1466.0,43.5,94.0,0,0,0,0,0,0,-7.7999999999999545,63771.0
L55893,L,23.950000000000045,35.25,90.0,1580.0,36.9,49.0,0,0,0,0,0,0,-11.299999999999955,58302.0
M21740,M,27.950000000000045,38.05000000000001,90.0,1535.0,39.9,112.0,0,0,0,0,0,0,-10.099999999999966,61246.5
L55406,L,25.950000000000045,37.25,90.0,1520.0,45.7,59.0,0,0,0,0,0,0,-11.299999999999955,69464.0
M17095,M,26.25,35.450000000000045,90.0,1491.0,42.7,183.0,0,0,0,0,0,0,-9.200000000000045,63665.700000000004
L53956,L,28.150000000000034,37.450000000000045,90.0,1451.0,47.5,98.0,0,0,0,0,0,0,-9.300000000000011,68922.5
L53862,L,28.350000000000023,37.650000000000034,90.0,1744.0,26.8,134.0,0,0,0,0,0,0,-9.300000000000011,46739.200000000004
L55204,L,27.75,38.75,90.0,1493.0,38.7,217.0,0,0,0,0,0,0,-11.0,57779.100000000006
M20978,M,27.75,38.05000000000001,90.0,1392.0,61.4,88.0,0,0,0,0,0,0,-10.300000000000011,85468.8
M18802,M,29.25,38.55000000000001,90.0,1456.0,39.0,122.0,0,0,0,0,0,0,-9.300000000000011,56784.0
M20469,M,29.450000000000045,39.05000000000001,90.0,1604.0,31.1,126.0,0,0,0,0,0,0,-9.599999999999966,49884.4
L55764,L,24.25,34.75,90.0,1390.0,38.6,57.0,0,0,0,0,0,0,-10.5,53654.0
L54238,L,27.450000000000045,37.25,90.0,1520.0,45.8,146.0,0,0,0,0,0,0,-9.799999999999955,69616.0
L50644,L,28.55000000000001,37.450000000000045,90.0,1463.0,44.2,42.0,0,0,0,0,0,0,-8.900000000000034,64664.600000000006
L50644,L,28.55000000000001,37.450000000000045,90.0,1512.0,39.9,100.0,0,0,0,0,0,0,-8.900000000000034,60328.799999999996
L56256,L,24.05000000000001,34.950000000000045,90.0,1567.0,36.0,162.0,0,0,0,0,0,0,-10.900000000000034,56412.0
L47219,L,25.650000000000034,35.950000000000045,90.0,1467.0,40.0,138.0,0,0,0,0,0,0,-10.300000000000011,58680.0
L47668,L,24.25,35.950000000000045,90.0,1443.0,48.6,188.0,0,0,0,0,0,0,-11.700000000000045,70129.8
L53012,L,28.150000000000034,38.05000000000001,90.0,1675.0,37.0,12.0,0,0,0,0,0,0,-9.899999999999977,61975.0
L49161,L,24.850000000000023,34.450000000000045,90.0,1481.0,41.7,119.0,0,0,0,0,0,0,-9.600000000000023,61757.700000000004
L55093,L,27.55000000000001,38.950000000000045,90.0,1335.0,41.9,157.0,0,0,0,0,0,0,-11.400000000000034,55936.5
L52425,L,30.55000000000001,39.950000000000045,90.0,1406.0,45.5,48.0,0,0,0,0,0,0,-9.400000000000034,63973.0
L54065,L,27.650000000000034,38.05000000000001,90.0,1397.0,43.0,111.0,0,0,0,0,0,0,-10.399999999999977,60071.0
L53271,L,27.75,37.650000000000034,90.0,1417.0,55.6,114.0,0,0,0,0,0,0,-9.900000000000034,78785.2
M19046,M,29.150000000000034,37.450000000000045,90.0,1570.0,34.6,170.0,0,0,0,0,0,0,-8.300000000000011,54322.0
L55261,L,27.150000000000034,38.450000000000045,90.0,1356.0,53.5,173.0,0,0,0,0,0,0,-11.300000000000011,72546.0
L49383,L,26.650000000000034,35.85000000000002,90.0,1490.0,36.5,100.0,0,0,0,0,0,0,-9.199999999999989,54385.0
L53974,L,28.05000000000001,37.650000000000034,90.0,1813.0,25.2,74.0,0,0,0,0,0,0,-9.600000000000023,45687.6
M16351,M,24.950000000000045,35.75,90.0,1353.0,55.1,173.0,0,0,0,0,0,0,-10.799999999999955,74550.3
L52782,L,29.75,38.75,90.0,1409.0,42.8,88.0,0,0,0,0,0,0,-9.0,60305.2
L52232,L,30.650000000000034,39.85000000000002,90.0,1718.0,25.8,178.0,0,0,0,0,0,0,-9.199999999999989,44324.4
L49308,L,26.25,35.85000000000002,90.0,1800.0,29.4,128.0,0,0,0,0,0,0,-9.600000000000023,52920.0
L50983,L,29.05000000000001,37.75,90.0,1389.0,48.0,119.0,0,0,0,0,0,0,-8.699999999999989,66672.0
L52483,L,30.650000000000034,40.05000000000001,90.0,1501.0,38.8,193.0,0,0,0,0,0,0,-9.399999999999977,58238.799999999996
L48345,L,23.950000000000045,34.950000000000045,90.0,1452.0,47.7,208.0,0,0,0,0,0,0,-11.0,69260.40000000001
L47694,L,24.350000000000023,36.05000000000001,90.0,1719.0,31.4,26.0,0,0,0,0,0,0,-11.699999999999989,53976.6
L49513,L,26.05000000000001,35.35000000000002,90.0,1426.0,45.1,101.0,0,0,0,0,0,0,-9.300000000000011,64312.6
L52745,L,29.25,38.75,90.0,1580.0,29.9,7.0,0,0,0,0,0,0,-9.5,47242.0
L54274,L,27.450000000000045,37.05000000000001,90.0,1447.0,46.9,21.0,0,0,0,0,0,0,-9.599999999999966,67864.3
H38751,H,25.350000000000023,35.75,90.0,1500.0,40.3,195.0,0,0,0,0,0,0,-10.399999999999977,60449.99999999999
L53760,L,28.450000000000045,37.55000000000001,90.0,1774.0,27.9,194.0,0,0,0,0,0,0,-9.099999999999966,49494.6
M21937,M,27.55000000000001,37.35000000000002,90.0,1451.0,31.0,0.0,0,0,0,0,0,0,-9.800000000000011,44981.0
L53636,L,27.55000000000001,37.150000000000034,90.0,1587.0,34.0,168.0,0,0,0,0,0,0,-9.600000000000023,53958.0
L56110,L,24.25,35.25,90.0,1546.0,39.4,0.0,0,0,0,0,0,0,-11.0,60912.399999999994
L50064,L,27.450000000000045,36.450000000000045,90.0,1409.0,41.1,180.0,0,0,0,0,0,0,-9.0,57909.9
L57070,L,25.650000000000034,36.650000000000034,90.0,1429.0,47.6,157.0,0,0,0,0,0,0,-11.0,68020.40000000001
L53071,L,28.25,37.85000000000002,90.0,1542.0,33.2,0.0,0,0,0,0,0,0,-9.600000000000023,51194.4
L49187,L,25.450000000000045,35.25,90.0,1402.0,45.5,104.0,0,0,0,0,0,0,-9.799999999999955,63791.0
L47227,L,25.650000000000034,36.05000000000001,90.0,1445.0,43.4,7.0,0,0,0,0,0,0,-10.399999999999977,62713.0
L47598,L,24.25,35.150000000000034,90.0,1589.0,38.5,0.0,0,0,0,0,0,0,-10.900000000000034,61176.5
L56257,L,24.150000000000034,35.25,90.0,1662.0,30.4,9.0,0,0,0,0,0,0,-11.099999999999966,50524.799999999996
M24593,M,25.75,36.85000000000002,90.0,1442.0,43.2,153.0,0,0,0,0,0,0,-11.100000000000023,62294.4
H30945,H,24.950000000000045,35.85000000000002,90.0,1438.0,46.9,60.0,0,0,0,0,0,0,-10.899999999999977,67442.2
L47395,L,25.150000000000034,35.450000000000045,90.0,1548.0,35.8,140.0,0,0,0,0,0,0,-10.300000000000011,55418.399999999994
L56300,L,24.25,35.25,90.0,1525.0,37.3,0.0,0,0,0,0,0,0,-11.0,56882.49999999999
L50756,L,28.55000000000001,37.950000000000045,90.0,1567.0,40.0,169.0,0,0,0,0,0,0,-9.400000000000034,62680.0
L55304,L,27.05000000000001,38.25,90.0,1535.0,42.2,127.0,0,0,0,0,0,0,-11.199999999999989,64777.00000000001
L50178,L,27.350000000000023,36.650000000000034,90.0,1616.0,34.5,20.0,0,0,0,0,0,0,-9.300000000000011,55752.0
L47527,L,24.350000000000023,35.150000000000034,90.0,1544.0,40.8,192.0,0,0,0,0,0,0,-10.800000000000011,62995.2
L49999,L,27.150000000000034,36.35000000000002,90.0,1694.0,29.8,142.0,0,0,0,0,0,0,-9.199999999999989,50481.200000000004
L56253,L,24.150000000000034,34.950000000000045,90.0,1442.0,44.0,159.0,0,0,0,0,0,0,-10.800000000000011,63448.0
L50163,L,27.450000000000045,36.35000000000002,90.0,1290.0,40.6,84.0,0,0,0,0,0,0,-8.899999999999977,52374.0
M20901,M,27.55000000000001,37.85000000000002,90.0,1492.0,43.1,51.0,0,0,0,0,0,0,-10.300000000000011,64305.200000000004
M24207,M,25.05000000000001,35.450000000000045,90.0,1635.0,31.1,23.0,0,0,0,0,0,0,-10.400000000000034,50848.5
L49640,L,25.850000000000023,35.450000000000045,90.0,1466.0,39.4,112.0,0,0,0,0,0,0,-9.600000000000023,57760.4
L47433,L,24.850000000000023,35.05000000000001,90.0,1491.0,46.3,171.0,0,0,0,0,0,0,-10.199999999999989,69033.3
L53231,L,27.75,37.55000000000001,90.0,1556.0,37.9,136.0,0,0,0,0,0,0,-9.800000000000011,58972.399999999994
L53670,L,27.450000000000045,36.75,90.0,1365.0,54.9,171.0,1,0,0,0,1,0,-9.299999999999955,74938.5
L53750,L,28.25,37.55000000000001,90.0,1456.0,47.3,101.0,0,0,0,0,0,0,-9.300000000000011,68868.8
L49271,L,26.350000000000023,36.05000000000001,90.0,1399.0,47.4,20.0,0,0,0,0,0,0,-9.699999999999989,66312.59999999999
L53071,L,28.25,37.85000000000002,90.0,1334.0,53.3,175.0,0,0,0,0,0,0,-9.600000000000023,71102.2
M15835,M,22.850000000000023,33.450000000000045,90.0,1587.0,35.8,121.0,0,0,0,0,0,0,-10.600000000000023,56814.6
L56474,L,25.150000000000034,36.05000000000001,90.0,1764.0,25.0,27.0,0,0,0,0,0,0,-10.899999999999977,44100.0
M18575,M,29.150000000000034,38.25,90.0,1443.0,42.8,46.0,0,0,0,0,0,0,-9.099999999999966,61760.399999999994
L55194,L,27.75,38.85000000000002,90.0,1500.0,49.7,188.0,0,0,0,0,0,0,-11.100000000000023,74550.0
M17124,M,26.05000000000001,35.25,90.0,1394.0,43.4,189.0,0,0,0,0,0,0,-9.199999999999989,60499.6
M17408,M,26.150000000000034,36.05000000000001,90.0,1492.0,37.5,111.0,0,0,0,0,0,0,-9.899999999999977,55950.0
M24157,M,24.950000000000045,35.650000000000034,90.0,1554.0,39.4,195.0,0,0,0,0,0,0,-10.699999999999989,61227.6
L55138,L,27.850000000000023,38.950000000000045,90.0,1436.0,49.9,48.0,0,0,0,0,0,0,-11.100000000000023,71656.4
L49085,L,24.75,34.450000000000045,90.0,1348.0,53.0,176.0,0,0,0,0,0,0,-9.700000000000045,71444.0
L54189,L,27.350000000000023,37.35000000000002,90.0,1470.0,40.5,12.0,0,0,0,0,0,0,-10.0,59535.0
L55861,L,24.05000000000001,35.25,90.0,1706.0,28.9,183.0,0,0,0,0,0,0,-11.199999999999989,49303.399999999994
L53945,L,28.350000000000023,37.75,90.0,1629.0,34.1,11.0,0,0,0,0,0,0,-9.399999999999977,55548.9
L53270,L,27.75,37.650000000000034,90.0,1658.0,28.4,14.0,0,0,0,0,0,0,-9.900000000000034,47087.2
L56356,L,24.650000000000034,35.75,90.0,1540.0,40.4,2.0,0,0,0,0,0,0,-11.099999999999966,62216.0
L56162,L,23.850000000000023,34.55000000000001,90.0,1564.0,37.1,126.0,0,0,0,0,0,0,-10.699999999999989,58024.4
L50231,L,27.05000000000001,35.950000000000045,90.0,1396.0,50.7,59.0,0,0,0,0,0,0,-8.900000000000034,70777.2
M20734,M,28.350000000000023,37.950000000000045,90.0,1660.0,35.5,159.0,0,0,0,0,0,0,-9.600000000000023,58930.0
L50209,L,27.25,36.35000000000002,90.0,1551.0,35.3,4.0,0,0,0,0,0,0,-9.100000000000023,54750.299999999996
L50593,L,28.150000000000034,37.25,90.0,1560.0,36.3,129.0,0,0,0,0,0,0,-9.099999999999966,56627.99999999999
L49530,L,26.150000000000034,35.35000000000002,90.0,1436.0,43.7,33.0,0,0,0,0,0,0,-9.199999999999989,62753.200000000004
L56142,L,24.150000000000034,34.75,90.0,1628.0,30.2,50.0,0,0,0,0,0,0,-10.599999999999966,49165.6
M16687,M,24.650000000000034,34.25,90.0,1412.0,44.8,177.0,0,0,0,0,0,0,-9.599999999999966,63257.6
L55912,L,24.05000000000001,35.35000000000002,90.0,1604.0,29.4,141.0,0,0,0,0,0,0,-11.300000000000011,47157.6
M24124,M,25.150000000000034,35.55000000000001,90.0,1520.0,42.0,2.0,0,0,0,0,0,0,-10.399999999999977,63840.0
L54698,L,27.05000000000001,38.35000000000002,90.0,1462.0,40.8,17.0,0,0,0,0,0,0,-11.300000000000011,59649.6
M21957,M,27.450000000000045,37.05000000000001,90.0,1233.0,47.6,23.0,0,0,0,0,0,0,-9.599999999999966,58690.8
H35758,H,27.75,37.35000000000002,90.0,1408.0,47.4,8.0,0,0,0,0,0,0,-9.600000000000023,66739.2
M16227,M,25.55000000000001,37.05000000000001,90.0,1481.0,37.5,75.0,0,0,0,0,0,0,-11.5,55537.5
L52245,L,30.950000000000045,39.950000000000045,90.0,1665.0,31.1,158.0,0,0,0,0,0,0,-9.0,51781.5
L48306,L,23.75,34.75,90.0,1497.0,38.6,139.0,0,0,0,0,0,0,-11.0,57784.200000000004
M20456,M,29.55000000000001,38.85000000000002,90.0,1639.0,36.7,74.0,0,0,0,0,0,0,-9.300000000000011,60151.3
L48908,L,25.05000000000001,34.55000000000001,90.0,1608.0,33.8,109.0,0,0,0,0,0,0,-9.5,54350.399999999994
L48006,L,23.350000000000023,34.150000000000034,90.0,1366.0,50.5,199.0,0,0,0,0,0,0,-10.800000000000011,68983.0
L54452,L,27.05000000000001,37.150000000000034,90.0,1709.0,28.7,40.0,0,0,0,0,0,0,-10.100000000000023,49048.299999999996
L56400,L,24.650000000000034,35.650000000000034,90.0,1282.0,58.1,108.0,0,0,0,0,0,0,-11.0,74484.2
M21824,M,27.55000000000001,37.85000000000002,90.0,1461.0,52.3,104.0,0,0,0,0,0,0,-10.300000000000011,76410.3
M21555,M,28.55000000000001,37.85000000000002,90.0,1311.0,55.8,36.0,0,0,0,0,0,0,-9.300000000000011,73153.8
L52902,L,29.150000000000034,38.55000000000001,90.0,1488.0,44.6,178.0,0,0,0,0,0,0,-9.399999999999977,66364.8
L47940,L,23.75,34.650000000000034,90.0,1555.0,33.5,109.0,0,0,0,0,0,0,-10.900000000000034,52092.5
L56212,L,24.25,35.05000000000001,90.0,1335.0,50.6,33.0,0,0,0,0,0,0,-10.800000000000011,67551.0
L55233,L,27.05000000000001,38.35000000000002,90.0,1460.0,45.1,56.0,0,0,0,0,0,0,-11.300000000000011,65846.0
M22614,M,27.25,38.650000000000034,90.0,1478.0,21.8,185.0,0,0,0,0,0,0,-11.400000000000034,32220.4
H33912,H,29.350000000000023,37.150000000000034,90.0,1480.0,43.0,156.0,0,0,0,0,0,0,-7.800000000000011,63640.0
H33509,H,29.05000000000001,37.650000000000034,90.0,1638.0,32.9,142.0,0,0,0,0,0,0,-8.600000000000023,53890.2
L54249,L,27.650000000000034,37.450000000000045,90.0,1539.0,41.2,131.0,0,0,0,0,0,0,-9.800000000000011,63406.8
L55406,L,25.950000000000045,37.35000000000002,90.0,1549.0,39.6,59.0,0,0,0,0,0,0,-11.399999999999977,61340.4
L47786,L,24.75,36.75,90.0,1461.0,51.1,40.0,0,0,0,0,0,0,-12.0,74657.1
L48836,L,25.05000000000001,34.85000000000002,90.0,1635.0,35.8,160.0,0,0,0,0,0,0,-9.800000000000011,58532.99999999999
L50291,L,26.850000000000023,36.150000000000034,90.0,1469.0,43.9,5.0,0,0,0,0,0,0,-9.300000000000011,64489.1
M19840,M,30.55000000000001,39.650000000000034,90.0,1627.0,31.8,203.0,0,0,0,0,0,0,-9.100000000000023,51738.6
L51884,L,30.450000000000045,38.75,90.0,1561.0,39.5,153.0,0,0,0,0,0,0,-8.299999999999955,61659.5
L53037,L,28.150000000000034,37.85000000000002,90.0,1645.0,32.6,78.0,0,0,0,0,0,0,-9.699999999999989,53627.0
L47364,L,25.05000000000001,35.05000000000001,90.0,1525.0,41.1,59.0,0,0,0,0,0,0,-10.0,62677.5
M23050,M,26.55000000000001,37.75,90.0,1620.0,36.2,203.0,0,0,0,0,0,0,-11.199999999999989,58644.00000000001
L56302,L,24.25,35.450000000000045,90.0,1580.0,41.2,66.0,0,0,0,0,0,0,-11.200000000000045,65096.00000000001
M21705,M,28.150000000000034,38.35000000000002,90.0,1521.0,36.6,0.0,0,0,0,0,0,0,-10.199999999999989,55668.6
M17862,M,27.350000000000023,36.650000000000034,90.0,1445.0,38.9,148.0,0,0,0,0,0,0,-9.300000000000011,56210.5
L48709,L,24.850000000000023,35.55000000000001,90.0,1452.0,40.2,0.0,0,0,0,0,0,0,-10.699999999999989,58370.4
L56367,L,24.75,35.85000000000002,90.0,1341.0,48.9,28.0,0,0,0,0,0,0,-11.100000000000023,65574.9
M23403,M,25.350000000000023,36.35000000000002,90.0,1561.0,48.7,104.0,0,0,0,0,0,0,-11.0,76020.70000000001
L47409,L,25.150000000000034,35.35000000000002,90.0,1642.0,32.2,173.0,0,0,0,0,0,0,-10.199999999999989,52872.4
L51719,L,29.350000000000023,37.650000000000034,90.0,1374.0,44.3,142.0,1,0,1,0,0,0,-8.300000000000011,60868.2
M19312,M,29.350000000000023,37.05000000000001,90.0,1620.0,35.9,62.0,0,0,0,0,0,0,-7.699999999999989,58158.0
L48867,L,25.05000000000001,34.85000000000002,90.0,1403.0,48.7,179.0,0,0,0,0,0,0,-9.800000000000011,68326.1
M18373,M,28.25,37.25,90.0,1521.0,38.1,137.0,0,0,0,0,0,0,-9.0,57950.1
L50558,L,28.350000000000023,37.55000000000001,90.0,1568.0,41.3,20.0,0,0,0,0,0,0,-9.199999999999989,64758.399999999994
L54901,L,27.350000000000023,38.450000000000045,90.0,1402.0,51.9,102.0,0,0,0,0,0,0,-11.100000000000023,72763.8
M17183,M,25.950000000000045,35.450000000000045,90.0,1401.0,47.0,173.0,0,0,0,0,0,0,-9.5,65847.0
L49377,L,26.55000000000001,35.950000000000045,90.0,1712.0,24.6,79.0,0,0,0,0,0,0,-9.400000000000034,42115.200000000004
L51203,L,28.850000000000023,37.650000000000034,90.0,1771.0,27.6,204.0,0,0,0,0,0,0,-8.800000000000011,48879.600000000006
L56947,L,25.450000000000045,36.450000000000045,90.0,1526.0,35.0,21.0,0,0,0,0,0,0,-11.0,53410.0
M19393,M,29.25,37.150000000000034,90.0,1565.0,34.1,161.0,0,0,0,0,0,0,-7.900000000000034,53366.5
L47488,L,24.75,35.55000000000001,90.0,1305.0,47.1,155.0,0,0,0,0,0,0,-10.800000000000011,61465.5
L56204,L,24.25,35.25,90.0,1585.0,46.2,146.0,0,0,0,0,0,0,-11.0,73227.0
L55981,L,24.25,35.450000000000045,90.0,1555.0,33.6,75.0,0,0,0,0,0,0,-11.200000000000045,52248.0
L54241,L,27.450000000000045,37.25,90.0,1507.0,41.7,155.0,0,0,0,0,0,0,-9.799999999999955,62841.9
H34464,H,30.650000000000034,39.75,90.0,1568.0,35.7,182.0,0,0,0,0,0,0,-9.099999999999966,55977.600000000006
L51698,L,29.25,37.150000000000034,90.0,1376.0,45.8,123.0,1,0,1,0,0,0,-7.900000000000034,63020.799999999996
L50631,L,28.450000000000045,37.450000000000045,90.0,1455.0,43.9,135.0,0,0,0,0,0,0,-9.0,63874.5
L55982,L,24.25,35.450000000000045,90.0,1524.0,37.8,73.0,0,0,0,0,0,0,-11.200000000000045,57607.2
M21318,M,28.25,37.35000000000002,90.0,1603.0,38.1,89.0,0,0,0,0,0,0,-9.100000000000023,61074.3
M16302,M,25.650000000000034,36.85000000000002,90.0,1756.0,29.9,55.0,0,0,0,0,0,0,-11.199999999999989,52504.399999999994
L47436,L,24.950000000000045,35.05000000000001,90.0,1585.0,37.5,13.0,0,0,0,0,0,0,-10.099999999999966,59437.5
L49078,L,24.650000000000034,34.25,90.0,1488.0,40.0,157.0,0,0,0,0,0,0,-9.599999999999966,59520.0
M23917,M,24.150000000000034,35.25,90.0,1686.0,29.8,97.0,0,0,0,0,0,0,-11.099999999999966,50242.8
M18451,M,28.650000000000034,37.450000000000045,90.0,1458.0,41.4,153.0,0,0,0,0,0,0,-8.800000000000011,60361.2
L49868,L,26.75,36.35000000000002,90.0,1389.0,50.3,33.0,0,0,0,0,0,0,-9.600000000000023,69866.7
L55550,L,25.650000000000034,36.650000000000034,90.0,1611.0,32.2,19.0,0,0,0,0,0,0,-11.0,51874.200000000004
L54671,L,27.05000000000001,38.55000000000001,90.0,1320.0,52.5,191.0,0,0,0,0,0,0,-11.5,69300.0
L51322,L,28.75,36.950000000000045,90.0,1424.0,50.2,54.0,0,0,0,0,0,0,-8.200000000000045,71484.8
M22526,M,27.450000000000045,38.450000000000045,90.0,1592.0,35.0,0.0,0,0,0,0,0,0,-11.0,55720.0
L56727,L,26.150000000000034,37.35000000000002,90.0,1680.0,29.7,166.0,0,0,0,0,0,0,-11.199999999999989,49896.0
L51000,L,29.150000000000034,37.650000000000034,90.0,1621.0,33.1,102.0,0,0,0,0,0,0,-8.5,53655.100000000006
M15456,M,24.450000000000045,36.450000000000045,90.0,1420.0,37.3,10.0,0,0,0,0,0,0,-12.0,52965.99999999999
M22531,M,27.350000000000023,38.450000000000045,90.0,1456.0,51.1,166.0,0,0,0,0,0,0,-11.100000000000023,74401.6
L49366,L,26.55000000000001,36.25,90.0,1445.0,42.9,141.0,0,0,0,0,0,0,-9.699999999999989,61990.5
L47786,L,24.75,36.75,90.0,1561.0,33.5,38.0,0,0,0,0,0,0,-12.0,52293.5
L53272,L,27.850000000000023,37.75,90.0,1496.0,39.2,193.0,0,0,0,0,0,0,-9.899999999999977,58643.200000000004
L54363,L,27.150000000000034,37.25,90.0,1593.0,36.5,166.0,0,0,0,0,0,0,-10.099999999999966,58144.5
M22230,M,26.450000000000045,36.950000000000045,90.0,1355.0,50.1,76.0,0,0,0,0,0,0,-10.5,67885.5
L56498,L,25.25,35.950000000000045,90.0,1511.0,37.7,160.0,0,0,0,0,0,0,-10.700000000000045,56964.700000000004
L49968,L,27.150000000000034,36.35000000000002,90.0,1326.0,39.1,112.0,0,0,0,0,0,0,-9.199999999999989,51846.6
M22956,M,27.650000000000034,39.450000000000045,90.0,1376.0,53.6,119.0,0,0,0,0,0,0,-11.800000000000011,73753.6
L55357,L,26.55000000000001,37.950000000000045,90.0,1609.0,44.9,174.0,0,0,0,0,0,0,-11.400000000000034,72244.09999999999
L53257,L,27.850000000000023,37.650000000000034,90.0,1551.0,36.2,201.0,0,0,0,0,0,0,-9.800000000000011,56146.200000000004
L47660,L,24.25,35.85000000000002,90.0,1583.0,29.8,166.0,0,0,0,0,0,0,-11.600000000000023,47173.4
L50096,L,27.450000000000045,36.450000000000045,90.0,1516.0,38.7,142.0,0,0,0,0,0,0,-9.0,58669.200000000004
L48894,L,25.05000000000001,34.650000000000034,90.0,1688.0,30.6,110.0,0,0,0,0,0,0,-9.600000000000023,51652.8
M21814,M,27.55000000000001,37.85000000000002,90.0,1481.0,37.8,26.0,0,0,0,0,0,0,-10.300000000000011,55981.799999999996
L48610,L,25.75,36.85000000000002,90.0,1462.0,39.1,23.0,0,0,0,0,0,0,-11.100000000000023,57164.200000000004
L53942,L,28.25,37.75,90.0,1400.0,54.3,9.0,0,0,0,0,0,0,-9.5,76020.0
L55622,L,25.450000000000045,36.85000000000002,90.0,1517.0,39.0,7.0,0,0,0,0,0,0,-11.399999999999977,59163.0
M22315,M,27.05000000000001,38.25,90.0,1397.0,45.2,15.0,0,0,0,0,0,0,-11.199999999999989,63144.4
L51966,L,30.55000000000001,39.450000000000045,90.0,1606.0,34.3,134.0,0,0,0,0,0,0,-8.900000000000034,55085.799999999996
L56777,L,25.75,37.05000000000001,90.0,1463.0,38.7,43.0,0,0,0,0,0,0,-11.300000000000011,56618.100000000006
M18007,M,27.25,36.55000000000001,90.0,1403.0,48.3,104.0,0,0,0,0,0,0,-9.300000000000011,67764.9
M18584,M,29.350000000000023,38.05000000000001,90.0,1353.0,51.7,70.0,1,0,1,0,0,0,-8.699999999999989,69950.1
L47477,L,24.850000000000023,35.35000000000002,90.0,1513.0,39.3,124.0,0,0,0,0,0,0,-10.5,59460.899999999994
L47884,L,24.55000000000001,35.75,90.0,1516.0,34.6,92.0,0,0,0,0,0,0,-11.199999999999989,52453.6
M17290,M,25.75,35.05000000000001,90.0,1424.0,47.8,40.0,0,0,0,0,0,0,-9.300000000000011,68067.2
M24538,M,25.850000000000023,36.950000000000045,90.0,1352.0,48.4,17.0,0,0,0,0,0,0,-11.100000000000023,65436.799999999996
M16262,M,25.75,36.950000000000045,90.0,1613.0,31.1,171.0,0,0,0,0,0,0,-11.200000000000045,50164.3
L47396,L,25.150000000000034,35.450000000000045,90.0,1499.0,38.4,144.0,0,0,0,0,0,0,-10.300000000000011,57561.6
L47381,L,25.150000000000034,35.35000000000002,90.0,1492.0,40.3,197.0,0,0,0,0,0,0,-10.199999999999989,60127.6
L53895,L,28.150000000000034,37.450000000000045,90.0,1514.0,44.6,92.0,0,0,0,0,0,0,-9.300000000000011,67524.40000000001
M23304,M,25.75,37.05000000000001,90.0,1487.0,42.9,9.0,0,0,0,0,0,0,-11.300000000000011,63792.299999999996
M22133,M,27.05000000000001,37.150000000000034,90.0,1704.0,29.2,101.0,0,0,0,0,0,0,-10.100000000000023,49756.799999999996
L52411,L,30.650000000000034,39.950000000000045,90.0,1466.0,42.2,25.0,0,0,0,0,0,0,-9.300000000000011,61865.200000000004
L51575,L,29.150000000000034,36.950000000000045,90.0,1403.0,48.7,59.0,0,0,0,0,0,0,-7.800000000000011,68326.1
L56275,L,24.150000000000034,34.950000000000045,90.0,1483.0,45.7,17.0,0,0,0,0,0,0,-10.800000000000011,67773.1
L55417,L,25.950000000000045,37.450000000000045,90.0,1556.0,38.9,204.0,0,0,0,0,0,0,-11.5,60528.399999999994
L49979,L,27.150000000000034,36.450000000000045,90.0,1427.0,42.7,85.0,0,0,0,0,0,0,-9.300000000000011,60932.9
L49905,L,26.650000000000034,36.150000000000034,90.0,1478.0,46.1,122.0,0,0,0,0,0,0,-9.5,68135.8
L54265,L,27.450000000000045,37.150000000000034,90.0,1434.0,41.0,213.0,0,0,0,0,0,0,-9.699999999999989,58794.0
L53415,L,28.150000000000034,37.75,90.0,1592.0,32.9,157.0,0,0,0,0,0,0,-9.599999999999966,52376.799999999996
L53349,L,27.650000000000034,37.55000000000001,90.0,1448.0,47.7,124.0,0,0,0,0,0,0,-9.899999999999977,69069.6
L53670,L,27.55000000000001,36.75,90.0,1521.0,40.7,53.0,0,0,0,0,0,0,-9.199999999999989,61904.700000000004
M18017,M,27.350000000000023,36.55000000000001,90.0,1488.0,39.2,133.0,0,0,0,0,0,0,-9.199999999999989,58329.600000000006
L53014,L,28.25,37.85000000000002,90.0,1416.0,45.9,16.0,0,0,0,0,0,0,-9.600000000000023,64994.4
H39199,H,25.55000000000001,36.55000000000001,90.0,1517.0,40.7,74.0,0,0,0,0,0,0,-11.0,61741.9
L47591,L,24.350000000000023,35.05000000000001,90.0,1517.0,42.9,137.0,0,0,0,0,0,0,-10.699999999999989,65079.299999999996
M24608,M,25.75,36.950000000000045,90.0,1441.0,36.0,215.0,0,0,0,0,0,0,-11.200000000000045,51876.0
L53395,L,27.950000000000045,37.450000000000045,90.0,1471.0,41.0,0.0,0,0,0,0,0,0,-9.5,60311.0
L53773,L,28.350000000000023,37.55000000000001,90.0,1679.0,29.5,10.0,0,0,0,0,0,0,-9.199999999999989,49530.5
L53470,L,27.850000000000023,37.450000000000045,90.0,1429.0,37.0,87.0,0,0,0,0,0,0,-9.600000000000023,52873.0
L54264,L,27.450000000000045,37.25,90.0,1694.0,27.5,215.0,0,0,0,0,0,0,-9.799999999999955,46585.0
M22925,M,27.350000000000023,38.75,90.0,1670.0,26.3,74.0,0,0,0,0,0,0,-11.399999999999977,43921.0
L53047,L,28.350000000000023,37.950000000000045,90.0,1496.0,45.6,99.0,0,0,0,0,0,0,-9.600000000000023,68217.6
L55255,L,27.350000000000023,38.85000000000002,90.0,1489.0,38.0,117.0,0,0,0,0,0,0,-11.5,56582.0
M18661,M,28.850000000000023,37.75,90.0,1771.0,27.6,164.0,0,0,0,0,0,0,-8.899999999999977,48879.600000000006
M20358,M,29.650000000000034,38.950000000000045,90.0,1791.0,23.8,209.0,0,0,0,0,0,0,-9.300000000000011,42625.8
L56741,L,26.55000000000001,37.650000000000034,90.0,1511.0,40.9,174.0,0,0,0,0,0,0,-11.100000000000023,61799.9
M16274,M,25.75,36.650000000000034,90.0,1570.0,42.1,200.0,1,1,0,0,0,0,-10.900000000000034,66097.0
M19279,M,29.450000000000045,37.05000000000001,90.0,1485.0,42.1,83.0,0,0,0,0,0,0,-7.599999999999966,62518.5
L50477,L,28.05000000000001,37.150000000000034,90.0,1595.0,39.3,72.0,0,0,0,0,0,0,-9.100000000000023,62683.49999999999
L55304,L,27.05000000000001,38.25,90.0,1463.0,45.5,17.0,0,0,0,0,0,0,-11.199999999999989,66566.5
M16738,M,24.950000000000045,34.55000000000001,90.0,1785.0,25.6,24.0,0,0,0,0,0,0,-9.599999999999966,45696.0
L57131,L,25.05000000000001,34.650000000000034,90.0,1603.0,35.2,64.0,0,0,0,0,0,0,-9.600000000000023,56425.600000000006
L51055,L,29.350000000000023,38.650000000000034,90.0,1515.0,50.1,21.0,0,0,0,0,0,0,-9.300000000000011,75901.5
L53299,L,27.75,37.650000000000034,90.0,1471.0,44.1,156.0,0,0,0,0,0,0,-9.900000000000034,64871.1
L53668,L,27.55000000000001,36.650000000000034,90.0,1320.0,60.1,171.0,0,0,0,0,0,0,-9.100000000000023,79332.0
L51410,L,29.05000000000001,37.650000000000034,90.0,1476.0,44.4,176.0,0,0,0,0,0,0,-8.600000000000023,65534.4
L54260,L,27.55000000000001,37.25,90.0,1431.0,47.3,203.0,0,0,0,0,0,0,-9.699999999999989,67686.3
L55352,L,26.75,38.25,90.0,1479.0,36.9,160.0,0,0,0,0,0,0,-11.5,54575.1
L54255,L,27.55000000000001,37.150000000000034,90.0,1487.0,46.7,192.0,0,0,0,0,0,0,-9.600000000000023,69442.90000000001
L56894,L,25.75,36.75,90.0,1444.0,41.0,104.0,0,0,0,0,0,0,-11.0,59204.0
L50343,L,27.25,36.650000000000034,90.0,1549.0,40.4,0.0,0,0,0,0,0,0,-9.400000000000034,62579.6
L56066,L,24.650000000000034,35.75,90.0,1583.0,44.1,139.0,0,0,0,0,0,0,-11.099999999999966,69810.3
L47583,L,24.25,35.450000000000045,90.0,1273.0,59.8,182.0,0,0,0,0,0,0,-11.200000000000045,76125.4
H39385,H,25.55000000000001,35.25,90.0,1559.0,37.7,174.0,0,0,0,0,0,0,-9.699999999999989,58774.3
L52752,L,29.25,38.85000000000002,90.0,1512.0,38.7,12.0,0,0,0,0,0,0,-9.600000000000023,58514.4
M17957,M,26.850000000000023,35.950000000000045,90.0,1350.0,51.9,182.0,0,0,0,0,0,0,-9.100000000000023,70065.0
L49210,L,25.650000000000034,35.450000000000045,90.0,1472.0,46.7,146.0,0,0,0,0,0,0,-9.800000000000011,68742.40000000001
M22253,M,27.05000000000001,38.450000000000045,90.0,1582.0,37.7,160.0,0,0,0,0,0,0,-11.400000000000034,59641.4
L50391,L,27.150000000000034,36.05000000000001,90.0,1365.0,46.2,50.0,0,0,0,0,0,0,-8.899999999999977,63063.00000000001
L53308,L,27.75,37.85000000000002,90.0,1413.0,49.0,111.0,0,0,0,0,0,0,-10.100000000000023,69237.0
M18141,M,28.05000000000001,36.85000000000002,90.0,1285.0,60.7,23.0,0,0,0,0,0,0,-8.800000000000011,77999.5
L50721,L,28.650000000000034,37.75,90.0,1341.0,50.5,29.0,0,0,0,0,0,0,-9.099999999999966,67720.5
L57139,L,25.05000000000001,34.75,90.0,1518.0,41.0,197.0,0,0,0,0,0,0,-9.699999999999989,62238.0
M18391,M,28.75,37.75,90.0,1568.0,33.2,21.0,0,0,0,0,0,0,-9.0,52057.600000000006
L54625,L,27.150000000000034,38.55000000000001,90.0,1459.0,41.3,0.0,0,0,0,0,0,0,-11.399999999999977,60256.7
L48892,L,25.05000000000001,34.650000000000034,90.0,1551.0,35.9,80.0,0,0,0,0,0,0,-9.600000000000023,55680.899999999994
M22956,M,27.05000000000001,38.55000000000001,90.0,1372.0,37.4,146.0,0,0,0,0,0,0,-11.5,51312.799999999996
L48545,L,25.55000000000001,37.05000000000001,90.0,1487.0,47.7,70.0,0,0,0,0,0,0,-11.5,70929.90000000001
H35379,H,27.350000000000023,37.85000000000002,90.0,1528.0,37.0,137.0,0,0,0,0,0,0,-10.5,56536.0
L50830,L,28.950000000000045,38.35000000000002,90.0,1601.0,34.6,95.0,0,0,0,0,0,0,-9.399999999999977,55394.600000000006
L57172,L,25.650000000000034,35.25,90.0,1618.0,39.2,8.0,0,0,0,0,0,0,-9.599999999999966,63425.600000000006
L50097,L,27.55000000000001,36.35000000000002,90.0,1460.0,39.0,149.0,0,0,0,0,0,0,-8.800000000000011,56940.0
M17749,M,27.55000000000001,36.55000000000001,90.0,1523.0,31.9,73.0,0,0,0,0,0,0,-9.0,48583.7
L55877,L,24.350000000000023,35.35000000000002,90.0,1701.0,28.1,136.0,0,0,0,0,0,0,-11.0,47798.100000000006
L50562,L,28.150000000000034,37.450000000000045,90.0,1450.0,38.5,47.0,0,0,0,0,0,0,-9.300000000000011,55825.0
L47863,L,24.55000000000001,35.85000000000002,90.0,1470.0,41.1,28.0,0,0,0,0,0,0,-11.300000000000011,60417.0
L56007,L,24.150000000000034,35.650000000000034,90.0,1435.0,48.5,141.0,0,0,0,0,0,0,-11.5,69597.5
L54515,L,26.350000000000023,36.950000000000045,90.0,1495.0,38.1,198.0,0,0,0,0,0,0,-10.600000000000023,56959.5
L55379,L,26.05000000000001,37.650000000000034,90.0,1511.0,37.9,24.0,0,0,0,0,0,0,-11.600000000000023,57266.9
M19177,M,28.350000000000023,36.85000000000002,90.0,1314.0,45.6,49.0,0,0,0,0,0,0,-8.5,59918.4
L55256,L,27.150000000000034,38.75,90.0,1366.0,49.2,113.0,0,0,0,0,0,0,-11.599999999999966,67207.2
L47966,L,23.75,34.85000000000002,90.0,1376.0,46.6,39.0,0,0,0,0,0,0,-11.100000000000023,64121.6
L50178,L,27.450000000000045,36.55000000000001,90.0,1467.0,42.4,17.0,0,0,0,0,0,0,-9.099999999999966,62200.799999999996
L53665,L,27.350000000000023,36.650000000000034,90.0,1385.0,50.1,162.0,0,0,0,0,0,0,-9.300000000000011,69388.5
L53048,L,28.350000000000023,37.950000000000045,90.0,1418.0,38.6,107.0,0,0,0,0,0,0,-9.600000000000023,54734.8
L55763,L,24.25,34.85000000000002,90.0,1429.0,40.1,108.0,0,0,0,0,0,0,-10.600000000000023,57302.9
L52457,L,30.350000000000023,39.75,90.0,1501.0,44.0,127.0,0,0,0,0,0,0,-9.399999999999977,66044.0
M24225,M,24.950000000000045,35.150000000000034,90.0,1542.0,33.5,197.0,0,0,0,0,0,0,-10.199999999999989,51657.0
L50928,L,29.05000000000001,37.950000000000045,90.0,1380.0,41.2,170.0,0,0,0,0,0,0,-8.900000000000034,56856.00000000001
L55651,L,25.450000000000045,36.650000000000034,90.0,1332.0,46.4,64.0,0,0,0,0,0,0,-11.199999999999989,61804.799999999996
H31096,H,24.75,34.25,90.0,1604.0,36.1,225.0,0,0,0,0,0,0,-9.5,57904.4
L49763,L,25.950000000000045,35.75,90.0,1422.0,46.8,195.0,0,0,0,0,0,0,-9.799999999999955,66549.59999999999
L50552,L,28.25,37.650000000000034,90.0,1376.0,44.3,21.0,0,0,0,0,0,0,-9.400000000000034,60956.799999999996
M21254,M,27.05000000000001,36.450000000000045,90.0,1601.0,33.8,144.0,0,0,0,0,0,0,-9.400000000000034,54113.799999999996
L55962,L,24.350000000000023,35.55000000000001,90.0,1410.0,45.3,27.0,0,0,0,0,0,0,-11.199999999999989,63872.99999999999
L50497,L,28.25,37.25,90.0,1549.0,37.5,106.0,0,0,0,0,0,0,-9.0,58087.5
H32359,H,27.55000000000001,36.35000000000002,90.0,1434.0,20.5,9.0,0,0,0,0,0,0,-8.800000000000011,29397.0
L56791,L,25.850000000000023,36.950000000000045,90.0,1347.0,57.3,87.0,0,0,0,0,0,0,-11.100000000000023,77183.09999999999
L56857,L,25.950000000000045,36.950000000000045,90.0,1611.0,32.6,15.0,0,0,0,0,0,0,-11.0,52518.600000000006
L48855,L,24.850000000000023,34.55000000000001,90.0,1542.0,41.4,203.0,0,0,0,0,0,0,-9.699999999999989,63838.799999999996
L54235,L,27.650000000000034,37.450000000000045,90.0,1541.0,30.6,139.0,0,0,0,0,0,0,-9.800000000000011,47154.600000000006
L55871,L,24.05000000000001,35.450000000000045,90.0,1495.0,45.0,176.0,0,0,0,0,0,0,-11.400000000000034,67275.0
L51210,L,28.850000000000023,37.25,90.0,1415.0,47.0,94.0,0,0,0,0,0,0,-8.399999999999977,66505.0
M24217,M,25.05000000000001,35.650000000000034,90.0,1486.0,36.6,39.0,0,0,0,0,0,0,-10.600000000000023,54387.6
L49913,L,26.55000000000001,36.05000000000001,90.0,1495.0,40.4,175.0,0,0,0,0,0,0,-9.5,60398.0
L55817,L,24.25,35.35000000000002,90.0,1459.0,39.7,69.0,0,0,0,0,0,0,-11.100000000000023,57922.3
L49866,L,26.650000000000034,36.35000000000002,90.0,1633.0,27.5,29.0,0,0,0,0,0,0,-9.699999999999989,44907.5
L47187,L,24.950000000000045,35.450000000000045,90.0,1522.0,40.4,16.0,0,0,0,0,0,0,-10.5,61488.799999999996
L53255,L,27.850000000000023,37.75,90.0,1329.0,50.5,199.0,0,0,0,0,0,0,-9.899999999999977,67114.5
L51974,L,30.450000000000045,39.450000000000045,90.0,1412.0,45.4,160.0,0,0,0,0,0,0,-9.0,64104.799999999996
M18353,M,28.75,37.650000000000034,90.0,1370.0,45.0,119.0,0,0,0,0,0,0,-8.900000000000034,61650.0
M20889,M,27.850000000000023,37.85000000000002,90.0,1640.0,37.6,118.0,0,0,0,0,0,0,-10.0,61664.0
L48395,L,23.650000000000034,34.75,90.0,1439.0,41.2,118.0,0,0,0,0,0,0,-11.099999999999966,59286.8
L50599,L,28.25,37.35000000000002,90.0,1758.0,26.4,74.0,0,0,0,0,0,0,-9.100000000000023,46411.2
M21755,M,27.850000000000023,38.450000000000045,90.0,1449.0,47.4,9.0,0,0,0,0,0,0,-10.600000000000023,68682.59999999999
L53818,L,28.350000000000023,37.450000000000045,90.0,1735.0,25.4,129.0,0,0,0,0,0,0,-9.100000000000023,44069.0
M16368,M,24.850000000000023,35.450000000000045,90.0,1448.0,40.3,156.0,0,0,0,0,0,0,-10.600000000000023,58354.399999999994
L54196,L,27.450000000000045,37.35000000000002,90.0,1509.0,28.2,31.0,0,0,0,0,0,0,-9.899999999999977,42553.799999999996
L48656,L,25.25,36.35000000000002,90.0,1470.0,46.8,145.0,0,0,0,0,0,0,-11.100000000000023,68796.0
L53110,L,27.450000000000045,37.650000000000034,90.0,1473.0,51.4,125.0,0,0,0,0,0,0,-10.199999999999989,75712.2
L57173,L,25.650000000000034,35.25,90.0,1511.0,37.2,10.0,0,0,0,0,0,0,-9.599999999999966,56209.200000000004
L50892,L,29.150000000000034,38.25,90.0,1631.0,32.6,39.0,0,0,0,0,0,0,-9.099999999999966,53170.600000000006
L49325,L,26.150000000000034,35.55000000000001,90.0,1550.0,52.3,146.0,0,0,0,0,0,0,-9.399999999999977,81065.0
L49630,L,26.05000000000001,35.450000000000045,90.0,1627.0,33.3,128.0,0,0,0,0,0,0,-9.400000000000034,54179.1
L49403,L,26.55000000000001,35.85000000000002,90.0,1491.0,40.5,153.0,0,0,0,0,0,0,-9.300000000000011,60385.5
M24679,M,25.450000000000045,36.25,90.0,1464.0,36.9,26.0,0,0,0,0,0,0,-10.799999999999955,54021.6
M23697,M,24.25,35.75,90.0,1367.0,47.7,20.0,0,0,0,0,0,0,-11.5,65205.9
M18200,M,27.850000000000023,36.75,90.0,1479.0,38.5,23.0,0,0,0,0,0,0,-8.899999999999977,56941.5
L55226,L,27.25,38.650000000000034,90.0,1659.0,31.4,39.0,0,0,0,0,0,0,-11.400000000000034,52092.6
M19387,M,29.350000000000023,37.150000000000034,90.0,1368.0,51.9,134.0,1,0,1,0,0,0,-7.800000000000011,70999.2
L55524,L,25.650000000000034,36.55000000000001,90.0,1530.0,42.4,173.0,0,0,0,0,0,0,-10.899999999999977,64872.0
L56697,L,25.350000000000023,36.150000000000034,90.0,1605.0,35.9,173.0,0,0,0,0,0,0,-10.800000000000011,57619.5
L50489,L,28.150000000000034,37.25,90.0,1384.0,44.1,88.0,0,0,0,0,0,0,-9.099999999999966,61034.4
L55901,L,24.350000000000023,35.450000000000045,90.0,1441.0,48.5,72.0,0,0,0,0,0,0,-11.100000000000023,69888.5
M24620,M,25.350000000000023,36.450000000000045,90.0,1509.0,20.7,2.0,0,0,0,0,0,0,-11.100000000000023,31236.3
L53271,L,27.75,37.55000000000001,90.0,1474.0,41.2,16.0,0,0,0,0,0,0,-9.800000000000011,60728.8
L48996,L,24.950000000000045,34.450000000000045,90.0,1540.0,46.5,143.0,0,0,0,0,0,0,-9.5,71610.0
L53153,L,27.350000000000023,37.650000000000034,90.0,1362.0,51.8,157.0,0,0,0,0,0,0,-10.300000000000011,70551.59999999999
L53351,L,27.850000000000023,37.650000000000034,90.0,1704.0,30.3,98.0,0,0,0,0,0,0,-9.800000000000011,51631.200000000004
L49013,L,24.650000000000034,34.150000000000034,90.0,1459.0,44.0,181.0,0,0,0,0,0,0,-9.5,64196.0
L56528,L,25.05000000000001,35.55000000000001,90.0,1383.0,49.1,26.0,0,0,0,0,0,0,-10.5,67905.3
L52773,L,29.350000000000023,38.85000000000002,90.0,1428.0,45.2,67.0,0,0,0,0,0,0,-9.5,64545.600000000006
L49908,L,26.55000000000001,36.150000000000034,90.0,1557.0,41.2,129.0,0,0,0,0,0,0,-9.600000000000023,64148.4
L55336,L,26.450000000000045,37.650000000000034,90.0,1564.0,36.8,110.0,0,0,0,0,0,0,-11.199999999999989,57555.2
L55161,L,27.850000000000023,39.05000000000001,90.0,1558.0,33.4,102.0,0,0,0,0,0,0,-11.199999999999989,52037.2
L56398,L,24.55000000000001,35.650000000000034,90.0,1490.0,41.1,171.0,0,0,0,0,0,0,-11.100000000000023,61239.0
L52070,L,30.650000000000034,39.25,90.0,1510.0,38.6,196.0,0,0,0,0,0,0,-8.599999999999966,58286.0
L50314,L,27.05000000000001,36.450000000000045,90.0,1359.0,50.8,66.0,0,0,0,0,0,0,-9.400000000000034,69037.2
H33341,H,29.350000000000023,38.450000000000045,90.0,1446.0,35.0,164.0,0,0,0,0,0,0,-9.100000000000023,50610.0
L47673,L,24.25,36.150000000000034,90.0,1470.0,38.8,155.0,0,0,0,0,0,0,-11.900000000000034,57035.99999999999
M15994,M,23.75,34.650000000000034,90.0,1426.0,40.0,130.0,0,0,0,0,0,0,-10.900000000000034,57040.0
L49926,L,26.55000000000001,36.150000000000034,90.0,1467.0,46.1,173.0,0,0,0,0,0,0,-9.600000000000023,67628.7
L52166,L,30.650000000000034,39.85000000000002,90.0,1433.0,47.7,4.0,0,0,0,0,0,0,-9.199999999999989,68354.1
L50227,L,27.05000000000001,36.25,90.0,1781.0,26.1,51.0,0,0,0,0,0,0,-9.199999999999989,46484.100000000006
L55295,L,27.25,38.650000000000034,90.0,1668.0,27.3,3.0,0,0,0,0,0,0,-11.400000000000034,45536.4
L52812,L,29.25,39.05000000000001,90.0,1376.0,52.8,152.0,0,0,0,0,0,0,-9.800000000000011,72652.8
H36466,H,27.450000000000045,37.25,90.0,1606.0,42.8,124.0,0,0,0,0,0,0,-9.799999999999955,68736.79999999999
L48595,L,25.850000000000023,37.150000000000034,90.0,1539.0,38.5,203.0,0,0,0,0,0,0,-11.300000000000011,59251.5
M18691,M,29.150000000000034,37.650000000000034,90.0,1608.0,37.0,192.0,0,0,0,0,0,0,-8.5,59496.0
L53273,L,27.850000000000023,37.650000000000034,90.0,1523.0,40.4,20.0,0,0,0,0,0,0,-9.800000000000011,61529.2
M17146,M,26.25,35.55000000000001,90.0,1289.0,48.5,104.0,0,0,0,0,0,0,-9.300000000000011,62516.5
H38145,H,23.850000000000023,34.650000000000034,90.0,1414.0,41.4,175.0,0,0,0,0,0,0,-10.800000000000011,58539.6
M24270,M,24.850000000000023,35.55000000000001,90.0,1553.0,42.3,137.0,0,0,0,0,0,0,-10.699999999999989,65691.9
M24596,M,25.950000000000045,37.25,90.0,1541.0,40.4,179.0,0,0,0,0,0,0,-11.299999999999955,62256.399999999994
M20715,M,28.25,37.85000000000002,90.0,1756.0,26.3,68.0,0,0,0,0,0,0,-9.600000000000023,46182.8
M20281,M,29.450000000000045,39.150000000000034,90.0,1485.0,41.1,188.0,0,0,0,0,0,0,-9.699999999999989,61033.5
M23148,M,25.650000000000034,37.55000000000001,90.0,1640.0,33.8,9.0,0,0,0,0,0,0,-11.899999999999977,55431.99999999999
L50607,L,28.450000000000045,37.450000000000045,90.0,1391.0,53.6,173.0,0,0,0,0,0,0,-9.0,74557.6
M24816,M,25.650000000000034,35.35000000000002,90.0,1578.0,39.7,127.0,0,0,0,0,0,0,-9.699999999999989,62646.600000000006
L55257,L,27.150000000000034,38.650000000000034,90.0,1469.0,39.0,121.0,0,0,0,0,0,0,-11.5,57291.0
M23910,M,24.150000000000034,35.25,90.0,1571.0,33.4,76.0,0,0,0,0,0,0,-11.099999999999966,52471.399999999994
L53937,L,28.650000000000034,38.05000000000001,90.0,1811.0,24.6,204.0,0,0,0,0,0,0,-9.399999999999977,44550.600000000006
L55603,L,25.850000000000023,37.25,90.0,1481.0,40.5,155.0,0,0,0,0,0,0,-11.399999999999977,59980.5
M23917,M,24.150000000000034,35.25,90.0,1566.0,34.5,97.0,0,0,0,0,0,0,-11.099999999999966,54027.0
L54048,L,27.950000000000045,38.25,90.0,1365.0,51.5,60.0,0,0,0,0,0,0,-10.299999999999955,70297.5
L55119,L,27.650000000000034,38.75,90.0,1553.0,40.1,223.0,0,0,0,0,0,0,-11.099999999999966,62275.3
L54833,L,27.450000000000045,38.35000000000002,90.0,1550.0,37.5,149.0,0,0,0,0,0,0,-10.899999999999977,58125.0
H30318,H,22.55000000000001,33.05000000000001,90.0,1426.0,55.6,92.0,0,0,0,0,0,0,-10.5,79285.6
L56700,L,25.850000000000023,36.950000000000045,90.0,1375.0,48.9,104.0,0,0,0,0,0,0,-11.100000000000023,67237.5
M21551,M,28.55000000000001,37.85000000000002,90.0,1602.0,47.8,194.0,0,0,0,0,0,0,-9.300000000000011,76575.59999999999
L51780,L,29.850000000000023,38.05000000000001,90.0,1395.0,46.9,125.0,0,0,0,0,0,0,-8.199999999999989,65425.5
H30030,H,24.75,36.650000000000034,90.0,1452.0,40.0,48.0,0,0,0,0,0,0,-11.900000000000034,58080.0
L47692,L,24.350000000000023,36.05000000000001,90.0,1492.0,44.8,24.0,0,0,0,0,0,0,-11.699999999999989,66841.59999999999
L56058,L,24.950000000000045,35.85000000000002,90.0,1458.0,49.8,83.0,0,0,0,0,0,0,-10.899999999999977,72608.4
H36439,H,27.450000000000045,37.450000000000045,90.0,1448.0,37.4,100.0,0,0,0,0,0,0,-10.0,54155.2
L52992,L,28.25,37.950000000000045,90.0,1772.0,24.9,193.0,0,0,0,0,0,0,-9.700000000000045,44122.799999999996
M16245,M,25.75,37.05000000000001,90.0,1603.0,31.2,50.0,0,0,0,0,0,0,-11.300000000000011,50013.6
L56133,L,24.150000000000034,34.85000000000002,90.0,1419.0,45.7,171.0,0,0,0,0,0,0,-10.699999999999989,64848.3
L56291,L,24.450000000000045,35.450000000000045,90.0,1646.0,31.0,37.0,0,0,0,0,0,0,-11.0,51026.0
L50397,L,27.450000000000045,36.450000000000045,90.0,1599.0,32.2,62.0,0,0,0,0,0,0,-9.0,51487.8
L55237,L,27.05000000000001,38.35000000000002,90.0,1379.0,50.3,135.0,0,0,0,0,0,0,-11.300000000000011,69363.7
L49727,L,26.05000000000001,35.950000000000045,90.0,1759.0,28.4,57.0,0,0,0,0,0,0,-9.900000000000034,49955.6
L51640,L,29.450000000000045,37.35000000000002,90.0,1495.0,36.8,193.0,0,0,0,0,0,0,-7.899999999999977,55015.99999999999
L54671,L,27.25,38.650000000000034,90.0,1320.0,44.4,168.0,0,0,0,0,0,0,-11.400000000000034,58608.0
L56045,L,24.75,35.85000000000002,90.0,1711.0,27.7,47.0,0,0,0,0,0,0,-11.100000000000023,47394.7
L50917,L,29.150000000000034,38.05000000000001,90.0,1458.0,41.3,110.0,0,0,0,0,0,0,-8.899999999999977,60215.399999999994
L50363,L,26.950000000000045,36.150000000000034,90.0,1465.0,48.1,199.0,0,0,0,0,0,0,-9.199999999999989,70466.5
L54135,L,27.55000000000001,38.05000000000001,90.0,1496.0,44.8,80.0,0,0,0,0,0,0,-10.5,67020.8
L51479,L,28.650000000000034,37.05000000000001,90.0,1402.0,47.0,3.0,0,0,0,0,0,0,-8.399999999999977,65894.0
L48329,L,23.950000000000045,34.950000000000045,90.0,1411.0,46.9,164.0,0,0,0,0,0,0,-11.0,66175.9
H38791,H,25.05000000000001,35.650000000000034,90.0,1627.0,36.3,28.0,0,0,0,0,0,0,-10.600000000000023,59060.1
L50550,L,28.350000000000023,37.55000000000001,90.0,1437.0,44.3,162.0,0,0,0,0,0,0,-9.199999999999989,63659.1
L47843,L,24.350000000000023,35.75,90.0,1469.0,36.7,79.0,0,0,0,0,0,0,-11.399999999999977,53912.3
M22063,M,26.650000000000034,36.450000000000045,90.0,1488.0,48.0,7.0,0,0,0,0,0,0,-9.800000000000011,71424.0
L47686,L,24.450000000000045,36.150000000000034,90.0,1543.0,34.3,148.0,0,0,0,0,0,0,-11.699999999999989,52924.899999999994
L47364,L,25.05000000000001,35.450000000000045,90.0,1636.0,35.3,59.0,0,0,0,0,0,0,-10.400000000000034,57750.799999999996
L51836,L,29.950000000000045,38.35000000000002,90.0,1626.0,32.3,23.0,0,0,0,0,0,0,-8.399999999999977,52519.799999999996
L48795,L,24.650000000000034,34.75,90.0,1692.0,28.5,46.0,0,0,0,0,0,0,-10.099999999999966,48222.0
H38486,H,24.05000000000001,34.950000000000045,90.0,1429.0,52.6,140.0,0,0,0,0,0,0,-10.900000000000034,75165.40000000001
L50217,L,27.350000000000023,36.55000000000001,90.0,1399.0,49.7,28.0,0,0,0,0,0,0,-9.199999999999989,69530.3
L53273,L,27.850000000000023,37.650000000000034,90.0,1446.0,43.9,20.0,0,0,0,0,0,0,-9.800000000000011,63479.4
L50457,L,28.150000000000034,37.150000000000034,90.0,1647.0,32.8,7.0,0,0,0,0,0,0,-9.0,54021.6
M20321,M,29.75,39.150000000000034,90.0,1725.0,29.0,145.0,0,0,0,0,0,0,-9.400000000000034,50025.0
L51022,L,29.25,38.05000000000001,90.0,1642.0,30.1,165.0,0,0,0,0,0,0,-8.800000000000011,49424.200000000004
M22730,M,27.350000000000023,38.950000000000045,90.0,1711.0,29.1,119.0,0,0,0,0,0,0,-11.600000000000023,49790.100000000006
M20083,M,30.75,39.85000000000002,90.0,1369.0,47.2,85.0,0,0,0,0,0,0,-9.100000000000023,64616.8
L50550,L,28.25,37.450000000000045,90.0,1784.0,23.0,175.0,0,0,0,0,0,0,-9.200000000000045,41032.0
L47227,L,25.75,35.950000000000045,90.0,1462.0,46.3,133.0,0,0,0,0,0,0,-10.200000000000045,67690.59999999999
L54162,L,27.55000000000001,37.950000000000045,90.0,1440.0,42.5,148.0,0,0,0,0,0,0,-10.400000000000034,61200.0
H39192,H,25.55000000000001,36.55000000000001,90.0,1311.0,45.5,52.0,0,0,0,0,0,0,-11.0,59650.5
L56300,L,24.25,35.25,90.0,1692.0,28.2,62.0,0,0,0,0,0,0,-11.0,47714.4
L48646,L,25.55000000000001,36.650000000000034,90.0,1426.0,50.5,111.0,0,0,0,0,0,0,-11.100000000000023,72013.0
M20771,M,27.55000000000001,37.25,90.0,1609.0,32.4,137.0,0,0,0,0,0,0,-9.699999999999989,52131.6
L48270,L,23.75,34.55000000000001,90.0,1464.0,47.5,7.0,0,0,0,0,0,0,-10.800000000000011,69540.0
L48528,L,25.55000000000001,36.950000000000045,90.0,1479.0,45.5,16.0,0,0,0,0,0,0,-11.400000000000034,67294.5
L54970,L,26.950000000000045,38.25,90.0,1433.0,43.9,71.0,0,0,0,0,0,0,-11.299999999999955,62908.7
L55509,L,25.650000000000034,36.55000000000001,90.0,1424.0,53.3,125.0,0,0,0,0,0,0,-10.899999999999977,75899.2
L56718,L,26.150000000000034,37.450000000000045,90.0,1471.0,48.5,129.0,0,0,0,0,0,0,-11.300000000000011,71343.5
L51391,L,29.05000000000001,37.450000000000045,90.0,1563.0,34.6,109.0,0,0,0,0,0,0,-8.400000000000034,54079.8
M19113,M,29.25,37.950000000000045,90.0,1329.0,48.6,111.0,1,0,1,0,0,0,-8.700000000000045,64589.4
L55663,L,24.950000000000045,36.25,90.0,1435.0,42.9,108.0,0,0,0,0,0,0,-11.299999999999955,61561.5
L49312,L,26.25,35.85000000000002,90.0,1477.0,39.4,139.0,0,0,0,0,0,0,-9.600000000000023,58193.799999999996
L49872,L,26.850000000000023,36.450000000000045,90.0,1641.0,39.1,41.0,0,0,0,0,0,0,-9.600000000000023,64163.100000000006
M21304,M,27.650000000000034,37.150000000000034,90.0,1462.0,35.0,54.0,0,0,0,0,0,0,-9.5,51170.0
L47395,L,24.850000000000023,35.450000000000045,90.0,1526.0,40.3,59.0,0,0,0,0,0,0,-10.600000000000023,61497.799999999996
M23818,M,23.650000000000034,34.35000000000002,90.0,1335.0,46.6,70.0,0,0,0,0,0,0,-10.699999999999989,62211.0
M20903,M,27.75,37.650000000000034,90.0,1750.0,30.3,116.0,0,0,0,0,0,0,-9.900000000000034,53025.0
L55756,L,24.450000000000045,35.150000000000034,90.0,1728.0,28.1,137.0,0,0,0,0,0,0,-10.699999999999989,48556.8
M22398,M,27.150000000000034,38.650000000000034,90.0,1435.0,44.6,66.0,0,0,0,0,0,0,-11.5,64001.0
L55535,L,25.650000000000034,36.450000000000045,90.0,1502.0,48.8,198.0,0,0,0,0,0,0,-10.800000000000011,73297.59999999999
M17762,M,27.450000000000045,36.25,90.0,1441.0,45.2,109.0,0,0,0,0,0,0,-8.799999999999955,65133.200000000004
M15285,M,24.450000000000045,35.450000000000045,90.0,1642.0,29.1,139.0,0,0,0,0,0,0,-11.0,47782.200000000004
L47319,L,25.650000000000034,35.55000000000001,90.0,1538.0,37.4,2.0,0,0,0,0,0,0,-9.899999999999977,57521.2
L48499,L,25.850000000000023,37.150000000000034,90.0,1491.0,42.4,187.0,0,0,0,0,0,0,-11.300000000000011,63218.4
L50644,L,28.55000000000001,37.450000000000045,90.0,1487.0,42.6,188.0,0,0,0,0,0,0,-8.900000000000034,63346.200000000004
L51024,L,29.25,37.950000000000045,90.0,1550.0,40.1,24.0,0,0,0,0,0,0,-8.700000000000045,62155.0
L53256,L,27.850000000000023,37.55000000000001,90.0,1492.0,36.7,199.0,0,0,0,0,0,0,-9.699999999999989,54756.4
M17229,M,26.05000000000001,35.25,90.0,1572.0,32.7,168.0,0,0,0,0,0,0,-9.199999999999989,51404.4
M15999,M,23.850000000000023,34.75,90.0,1779.0,25.1,136.0,0,0,0,0,0,0,-10.899999999999977,44652.9
L51424,L,29.25,37.75,90.0,1603.0,39.6,86.0,0,0,0,0,0,0,-8.5,63478.8
M23193,M,25.650000000000034,36.55000000000001,90.0,1537.0,37.0,192.0,0,0,0,0,0,0,-10.899999999999977,56869.0
H37937,H,25.05000000000001,36.25,90.0,1631.0,30.1,182.0,0,0,0,0,0,0,-11.199999999999989,49093.100000000006
M16578,M,24.950000000000045,34.55000000000001,90.0,1681.0,35.6,92.0,0,0,0,0,0,0,-9.599999999999966,59843.600000000006
L55616,L,25.55000000000001,36.75,90.0,1771.0,34.5,118.0,0,0,0,0,0,0,-11.199999999999989,61099.5
L54769,L,27.150000000000034,38.450000000000045,90.0,1389.0,54.2,155.0,0,0,0,0,0,0,-11.300000000000011,75283.8
H32059,H,26.650000000000034,36.450000000000045,90.0,1632.0,32.5,0.0,0,0,0,0,0,0,-9.800000000000011,53040.0
M15002,M,25.25,35.25,90.0,1584.0,42.0,161.0,0,0,0,0,0,0,-10.0,66528.0
L53532,L,26.850000000000023,36.450000000000045,90.0,1450.0,38.8,27.0,0,0,0,0,0,0,-9.600000000000023,56259.99999999999
H33389,H,29.150000000000034,38.35000000000002,90.0,1540.0,43.7,81.0,0,0,0,0,0,0,-9.199999999999989,67298.0
M20552,M,29.150000000000034,38.650000000000034,90.0,1523.0,37.3,185.0,0,0,0,0,0,0,-9.5,56807.899999999994
L53078,L,28.25,37.85000000000002,90.0,1300.0,57.2,186.0,0,0,0,0,0,0,-9.600000000000023,74360.0
M24284,M,24.850000000000023,35.35000000000002,90.0,1353.0,47.0,24.0,0,0,0,0,0,0,-10.5,63591.0
L49412,L,26.350000000000023,35.450000000000045,90.0,1498.0,41.9,107.0,0,0,0,0,0,0,-9.100000000000023,62766.2
L56372,L,24.75,35.85000000000002,90.0,1404.0,44.2,40.0,0,0,0,0,0,0,-11.100000000000023,62056.8
L54674,L,27.150000000000034,38.650000000000034,90.0,1546.0,36.2,0.0,0,0,0,0,0,0,-11.5,55965.200000000004
H33741,H,28.55000000000001,36.950000000000045,90.0,1660.0,29.3,20.0,0,0,0,0,0,0,-8.400000000000034,48638.0
M20181,M,30.25,39.35000000000002,90.0,1576.0,49.9,28.0,0,0,0,0,0,0,-9.100000000000023,78642.4
L48400,L,23.850000000000023,35.05000000000001,90.0,1472.0,49.3,130.0,0,0,0,0,0,0,-11.199999999999989,72569.59999999999
L48815,L,24.650000000000034,34.650000000000034,90.0,1403.0,45.9,98.0,0,0,0,0,0,0,-10.0,64397.7
M23133,M,25.850000000000023,37.450000000000045,90.0,1540.0,44.4,192.0,0,0,0,0,0,0,-11.600000000000023,68376.0
L56774,L,25.950000000000045,37.35000000000002,90.0,1611.0,34.8,114.0,0,0,0,0,0,0,-11.399999999999977,56062.799999999996
L53991,L,27.75,37.450000000000045,90.0,1565.0,33.8,129.0,0,0,0,0,0,0,-9.700000000000045,52896.99999999999
L48236,L,23.650000000000034,34.650000000000034,90.0,1565.0,39.5,74.0,0,0,0,0,0,0,-11.0,61817.5
M17609,M,26.650000000000034,35.950000000000045,90.0,1491.0,42.4,181.0,0,0,0,0,0,0,-9.300000000000011,63218.4
L56275,L,24.150000000000034,34.950000000000045,90.0,1592.0,34.5,202.0,0,0,0,0,0,0,-10.800000000000011,54924.0
L57047,L,25.850000000000023,36.75,90.0,1411.0,44.7,13.0,0,0,0,0,0,0,-10.899999999999977,63071.700000000004
M21853,M,27.55000000000001,37.85000000000002,90.0,1740.0,25.6,59.0,0,0,0,0,0,0,-10.300000000000011,44544.0
M16447,M,25.05000000000001,35.25,90.0,1364.0,44.1,210.0,0,0,0,0,0,0,-10.199999999999989,60152.4
L56414,L,25.150000000000034,35.950000000000045,90.0,1539.0,35.3,192.0,0,0,0,0,0,0,-10.800000000000011,54326.7
L47395,L,25.150000000000034,35.450000000000045,90.0,1668.0,30.8,144.0,0,0,0,0,0,0,-10.300000000000011,51374.4
L56434,L,25.150000000000034,35.950000000000045,90.0,1616.0,31.1,0.0,0,0,0,0,0,0,-10.800000000000011,50257.600000000006
M18519,M,29.05000000000001,38.35000000000002,90.0,1434.0,50.7,116.0,0,0,0,0,0,0,-9.300000000000011,72703.8
L55982,L,24.25,35.450000000000045,90.0,1615.0,43.1,73.0,0,0,0,0,0,0,-11.200000000000045,69606.5
L50142,L,27.55000000000001,36.25,90.0,1396.0,48.2,59.0,0,0,0,0,0,0,-8.699999999999989,67287.2
L50459,L,28.05000000000001,36.75,90.0,1551.0,39.4,13.0,0,0,0,0,0,0,-8.699999999999989,61109.399999999994
M21288,M,27.55000000000001,36.650000000000034,90.0,1383.0,24.1,18.0,0,0,0,0,0,0,-9.100000000000023,33330.3
H36801,H,26.650000000000034,37.450000000000045,90.0,1423.0,44.6,111.0,0,0,0,0,0,0,-10.800000000000011,63465.8
L47345,L,25.350000000000023,35.25,90.0,1555.0,40.2,8.0,0,0,0,0,0,0,-9.899999999999977,62511.00000000001
L53450,L,27.75,37.25,90.0,1536.0,34.8,30.0,0,0,0,0,0,0,-9.5,53452.799999999996
M16116,M,24.350000000000023,35.75,90.0,1335.0,51.0,183.0,0,0,0,0,0,0,-11.399999999999977,68085.0
H32771,H,28.25,37.35000000000002,90.0,1389.0,52.0,5.0,0,0,0,0,0,0,-9.100000000000023,72228.0
L51597,L,29.450000000000045,37.150000000000034,90.0,1362.0,54.8,192.0,0,0,0,0,0,0,-7.699999999999989,74637.59999999999
M20067,M,30.75,39.55000000000001,90.0,1341.0,50.3,146.0,0,0,0,0,0,0,-8.800000000000011,67452.3
M19720,M,30.650000000000034,39.650000000000034,90.0,1435.0,46.8,98.0,0,0,0,0,0,0,-9.0,67158.0
L53768,L,28.350000000000023,37.55000000000001,90.0,1436.0,47.0,213.0,0,0,0,0,0,0,-9.199999999999989,67492.0
L56894,L,25.950000000000045,36.950000000000045,90.0,1670.0,24.6,63.0,0,0,0,0,0,0,-11.0,41082.0
L55253,L,27.350000000000023,38.85000000000002,90.0,1258.0,49.3,113.0,0,0,0,0,0,0,-11.5,62019.399999999994
L48667,L,25.05000000000001,35.950000000000045,90.0,1429.0,24.7,44.0,0,0,0,0,0,0,-10.900000000000034,35296.299999999996
M16368,M,24.850000000000023,35.450000000000045,90.0,1474.0,44.7,98.0,0,0,0,0,0,0,-10.600000000000023,65887.8
L47236,L,25.650000000000034,35.950000000000045,90.0,1447.0,42.0,2.0,0,0,0,0,0,0,-10.300000000000011,60774.0
H32563,H,27.450000000000045,36.75,90.0,1425.0,45.9,0.0,0,0,0,0,0,0,-9.299999999999955,65407.5
L54839,L,27.350000000000023,38.450000000000045,90.0,1447.0,42.9,154.0,0,0,0,0,0,0,-11.100000000000023,62076.299999999996
L56903,L,25.650000000000034,36.650000000000034,90.0,1590.0,38.2,131.0,0,0,0,0,0,0,-11.0,60738.00000000001
L48871,L,25.05000000000001,34.35000000000002,90.0,1458.0,45.4,176.0,0,0,0,0,0,0,-9.300000000000011,66193.2
H35597,H,27.75,37.75,90.0,1518.0,40.2,196.0,0,0,0,0,0,0,-10.0,61023.600000000006
M23689,M,24.150000000000034,35.650000000000034,90.0,1800.0,28.4,0.0,0,0,0,0,0,0,-11.5,51120.0
M21748,M,27.75,38.25,90.0,1434.0,38.4,118.0,0,0,0,0,0,0,-10.5,55065.6
M18674,M,29.150000000000034,37.85000000000002,90.0,1360.0,55.8,97.0,0,0,0,0,0,0,-8.699999999999989,75888.0
L49483,L,26.05000000000001,35.450000000000045,90.0,1332.0,52.1,143.0,0,0,0,0,0,0,-9.400000000000034,69397.2
L53235,L,27.55000000000001,37.650000000000034,90.0,1366.0,50.5,68.0,0,0,0,0,0,0,-10.100000000000023,68983.0
L47231,L,25.75,35.950000000000045,90.0,1452.0,49.7,145.0,0,0,0,0,0,0,-10.200000000000045,72164.40000000001
M15695,M,23.55000000000001,34.25,90.0,1492.0,39.0,176.0,0,0,0,0,0,0,-10.699999999999989,58188.0
L49818,L,26.75,36.35000000000002,90.0,1739.0,27.5,128.0,0,0,0,0,0,0,-9.600000000000023,47822.5
L49763,L,25.950000000000045,35.650000000000034,90.0,1435.0,40.0,0.0,0,0,0,0,0,0,-9.699999999999989,57400.0
H39350,H,25.150000000000034,35.05000000000001,90.0,1534.0,33.2,2.0,0,0,0,0,0,0,-9.899999999999977,50928.8
L57141,L,25.05000000000001,34.75,90.0,1399.0,49.9,15.0,0,0,0,0,0,0,-9.699999999999989,69810.09999999999
L55962,L,23.950000000000045,35.450000000000045,90.0,1654.0,32.1,29.0,0,0,0,0,0,0,-11.5,53093.4
M21490,M,28.350000000000023,37.35000000000002,90.0,1448.0,49.3,106.0,0,0,0,0,0,0,-9.0,71386.4
M22425,M,27.150000000000034,38.05000000000001,90.0,1783.0,25.6,64.0,0,0,0,0,0,0,-10.899999999999977,45644.8
M22401,M,27.150000000000034,38.150000000000034,90.0,1520.0,35.9,45.0,0,0,0,0,0,0,-11.0,54568.0
L51717,L,29.25,37.25,90.0,1729.0,31.2,170.0,0,0,0,0,0,0,-8.0,53944.799999999996
H33492,H,29.150000000000034,37.650000000000034,90.0,1470.0,43.3,35.0,0,0,0,0,0,0,-8.5,63650.99999999999
M18914,M,28.850000000000023,37.85000000000002,90.0,1790.0,25.3,45.0,0,0,0,0,0,0,-9.0,45287.0
L50602,L,28.350000000000023,37.25,90.0,1495.0,35.5,151.0,0,0,0,0,0,0,-8.899999999999977,53072.5
L54131,L,27.75,38.05000000000001,90.0,1355.0,52.4,171.0,0,0,0,0,0,0,-10.300000000000011,71002.0
L54235,L,27.650000000000034,37.450000000000045,90.0,1763.0,30.6,139.0,0,0,0,0,0,0,-9.800000000000011,53947.8
L55253,L,27.350000000000023,38.85000000000002,90.0,1547.0,36.7,113.0,0,0,0,0,0,0,-11.5,56774.9
L48781,L,24.650000000000034,34.55000000000001,90.0,1399.0,52.1,11.0,0,0,0,0,0,0,-9.899999999999977,72887.90000000001
L53342,L,27.850000000000023,37.650000000000034,90.0,1469.0,40.3,94.0,0,0,0,0,0,0,-9.800000000000011,59200.7
L48810,L,24.75,34.75,90.0,1567.0,35.5,85.0,0,0,0,0,0,0,-10.0,55628.5
L50095,L,27.350000000000023,36.150000000000034,90.0,1518.0,40.2,138.0,0,0,0,0,0,0,-8.800000000000011,61023.600000000006
L54723,L,27.150000000000034,38.25,90.0,1393.0,44.4,79.0,0,0,0,0,0,0,-11.099999999999966,61849.2
L56368,L,24.75,35.950000000000045,90.0,1502.0,40.2,30.0,0,0,0,0,0,0,-11.200000000000045,60380.4
L53940,L,28.350000000000023,37.75,90.0,1418.0,46.7,0.0,0,0,0,0,0,0,-9.399999999999977,66220.6
M16729,M,25.150000000000034,34.950000000000045,90.0,1522.0,32.7,70.0,0,0,0,0,0,0,-9.800000000000011,49769.4
L51828,L,30.05000000000001,38.05000000000001,90.0,1630.0,32.3,2.0,0,0,0,0,0,0,-8.0,52648.99999999999
L53433,L,27.950000000000045,37.25,90.0,1563.0,39.9,200.0,0,0,0,0,0,0,-9.299999999999955,62363.7
M19205,M,28.650000000000034,36.650000000000034,90.0,1546.0,40.5,121.0,0,0,0,0,0,0,-8.0,62613.0
L51698,L,29.25,37.05000000000001,90.0,1666.0,28.3,39.0,0,0,0,0,0,0,-7.800000000000011,47147.8
L52733,L,29.350000000000023,38.75,90.0,1586.0,32.6,176.0,0,0,0,0,0,0,-9.399999999999977,51703.600000000006
L49195,L,25.350000000000023,35.05000000000001,90.0,1703.0,28.4,42.0,0,0,0,0,0,0,-9.699999999999989,48365.2
L49040,L,24.650000000000034,34.55000000000001,90.0,1607.0,30.3,140.0,0,0,0,0,0,0,-9.899999999999977,48692.1
L54089,L,27.950000000000045,38.150000000000034,90.0,1534.0,41.2,171.0,0,0,0,0,0,0,-10.199999999999989,63200.8
L51688,L,29.350000000000023,36.85000000000002,90.0,1564.0,32.9,93.0,0,0,0,0,0,0,-7.5,51455.6
M18165,M,28.150000000000034,37.650000000000034,90.0,1577.0,44.5,67.0,0,0,0,0,0,0,-9.5,70176.5
L55439,L,25.75,37.05000000000001,90.0,1608.0,33.0,146.0,0,0,0,0,0,0,-11.300000000000011,53064.0
L54716,L,26.850000000000023,38.05000000000001,90.0,1487.0,41.2,60.0,0,0,0,0,0,0,-11.199999999999989,61264.4
L47366,L,24.950000000000045,35.150000000000034,90.0,1301.0,57.0,63.0,0,0,0,0,0,0,-10.199999999999989,74157.0
L56236,L,24.150000000000034,35.150000000000034,90.0,1430.0,32.4,95.0,0,0,0,0,0,0,-11.0,46332.0
L49881,L,26.75,35.950000000000045,90.0,1393.0,53.8,66.0,0,0,0,0,0,0,-9.200000000000045,74943.4
L52244,L,30.950000000000045,40.05000000000001,90.0,1434.0,41.6,25.0,0,0,0,0,0,0,-9.099999999999966,59654.4
L50228,L,27.05000000000001,36.150000000000034,90.0,1532.0,43.2,59.0,0,0,0,0,0,0,-9.100000000000023,66182.40000000001
L55253,L,27.350000000000023,38.85000000000002,90.0,1550.0,35.3,113.0,0,0,0,0,0,0,-11.5,54714.99999999999
L55835,L,24.150000000000034,35.55000000000001,90.0,1452.0,44.1,71.0,0,0,0,0,0,0,-11.399999999999977,64033.200000000004
L47351,L,25.05000000000001,35.85000000000002,90.0,1563.0,35.0,27.0,0,0,0,0,0,0,-10.800000000000011,54705.0
L54620,L,26.850000000000023,38.25,90.0,1487.0,41.8,184.0,0,0,0,0,0,0,-11.399999999999977,62156.6
L52715,L,29.150000000000034,38.650000000000034,90.0,1553.0,36.4,117.0,0,0,0,0,0,0,-9.5,56529.2
H36467,H,27.450000000000045,37.35000000000002,90.0,1335.0,38.7,96.0,0,0,0,0,0,0,-9.899999999999977,51664.50000000001
M17690,M,27.25,36.150000000000034,90.0,1411.0,41.4,160.0,0,0,0,0,0,0,-8.900000000000034,58415.4
L56260,L,24.05000000000001,34.85000000000002,90.0,1527.0,25.4,163.0,0,0,0,0,0,0,-10.800000000000011,38785.799999999996
M24042,M,24.650000000000034,35.950000000000045,90.0,1477.0,45.0,17.0,0,0,0,0,0,0,-11.300000000000011,66465.0
L49571,L,26.05000000000001,35.25,90.0,1420.0,32.6,142.0,0,0,0,0,0,0,-9.199999999999989,46292.0
L55835,L,24.150000000000034,35.150000000000034,90.0,1596.0,37.6,197.0,0,0,0,0,0,0,-11.0,60009.600000000006
H37009,H,27.350000000000023,38.05000000000001,90.0,1524.0,40.2,2.0,0,0,0,0,0,0,-10.699999999999989,61264.8
M21650,M,27.950000000000045,37.55000000000001,90.0,1438.0,46.2,79.0,0,0,0,0,0,0,-9.599999999999966,66435.6
L54856,L,27.450000000000045,38.55000000000001,90.0,1448.0,50.2,206.0,0,0,0,0,0,0,-11.099999999999966,72689.6
L48772,L,24.950000000000045,35.150000000000034,90.0,1453.0,47.0,211.0,0,0,0,0,0,0,-10.199999999999989,68291.0
H33139,H,29.150000000000034,37.950000000000045,90.0,1654.0,31.0,73.0,0,0,0,0,0,0,-8.800000000000011,51274.0
L49478,L,26.150000000000034,35.450000000000045,90.0,1435.0,45.9,101.0,0,0,0,0,0,0,-9.300000000000011,65866.5
L49520,L,25.950000000000045,34.950000000000045,90.0,1408.0,40.7,76.0,0,0,0,0,0,0,-9.0,57305.600000000006
L55860,L,24.05000000000001,35.35000000000002,90.0,1494.0,40.0,181.0,0,0,0,0,0,0,-11.300000000000011,59760.0
L54969,L,27.05000000000001,38.35000000000002,90.0,1495.0,38.5,20.0,0,0,0,0,0,0,-11.300000000000011,57557.5
M15557,M,24.450000000000045,35.650000000000034,90.0,1566.0,39.7,69.0,0,0,0,0,0,0,-11.199999999999989,62170.200000000004
M22307,M,26.850000000000023,38.150000000000034,90.0,1397.0,50.5,17.0,0,0,0,0,0,0,-11.300000000000011,70548.5
L55076,L,27.650000000000034,39.450000000000045,90.0,1432.0,44.3,119.0,0,0,0,0,0,0,-11.800000000000011,63437.6
L47792,L,24.950000000000045,36.75,90.0,1470.0,32.8,51.0,0,0,0,0,0,0,-11.799999999999955,48215.99999999999
L47656,L,24.25,35.85000000000002,90.0,1570.0,37.7,154.0,0,0,0,0,0,0,-11.600000000000023,59189.00000000001
L53135,L,27.55000000000001,37.650000000000034,90.0,1501.0,38.2,5.0,0,0,0,0,0,0,-10.100000000000023,57338.200000000004
L57130,L,25.350000000000023,34.85000000000002,90.0,1418.0,54.0,113.0,0,0,0,0,0,0,-9.5,76572.0
L51090,L,29.25,38.25,90.0,1491.0,38.8,121.0,0,0,0,0,0,0,-9.0,57850.799999999996
L53065,L,27.75,37.950000000000045,90.0,1545.0,35.4,143.0,0,0,0,0,0,0,-10.200000000000045,54693.0
L51892,L,30.350000000000023,38.650000000000034,90.0,1564.0,35.9,171.0,0,0,0,0,0,0,-8.300000000000011,56147.6
L53789,L,28.450000000000045,37.450000000000045,90.0,1474.0,39.9,53.0,0,0,0,0,0,0,-9.0,58812.6
H37573,H,26.450000000000045,37.75,90.0,1449.0,48.1,100.0,0,0,0,0,0,0,-11.299999999999955,69696.90000000001
L52966,L,28.55000000000001,38.05000000000001,90.0,1501.0,45.8,47.0,0,0,0,0,0,0,-9.5,68745.8
L47184,L,25.05000000000001,35.55000000000001,90.0,1530.0,39.5,9.0,0,0,0,0,0,0,-10.5,60435.0
L53256,L,27.850000000000023,37.75,90.0,1546.0,41.5,181.0,0,0,0,0,0,0,-9.899999999999977,64159.0
L57079,L,25.55000000000001,36.55000000000001,90.0,1617.0,31.4,0.0,0,0,0,0,0,0,-11.0,50773.799999999996
L57043,L,25.75,36.75,90.0,1352.0,56.3,84.0,0,0,0,0,0,0,-11.0,76117.59999999999
H30792,H,25.650000000000034,36.950000000000045,90.0,1462.0,48.2,139.0,0,0,0,0,0,0,-11.300000000000011,70468.40000000001
L56289,L,24.350000000000023,35.450000000000045,90.0,1513.0,51.0,188.0,0,0,0,0,0,0,-11.100000000000023,77163.0
L50989,L,29.150000000000034,37.85000000000002,90.0,1445.0,42.8,115.0,0,0,0,0,0,0,-8.699999999999989,61845.99999999999
L47892,L,23.75,35.450000000000045,90.0,1712.0,28.4,112.0,0,0,0,0,0,0,-11.700000000000045,48620.799999999996
L54733,L,27.150000000000034,37.950000000000045,90.0,1790.0,26.9,116.0,0,0,0,0,0,0,-10.800000000000011,48151.0
M17833,M,27.450000000000045,36.25,90.0,1501.0,37.5,83.0,0,0,0,0,0,0,-8.799999999999955,56287.5
L57161,L,25.55000000000001,35.25,90.0,1458.0,39.2,171.0,0,0,0,0,0,0,-9.699999999999989,57153.600000000006
L56412,L,25.05000000000001,35.85000000000002,90.0,1771.0,26.3,138.0,0,0,0,0,0,0,-10.800000000000011,46577.3
M18683,M,29.150000000000034,37.75,90.0,1581.0,41.8,104.0,0,0,0,0,0,0,-8.599999999999966,66085.79999999999
M23943,M,24.05000000000001,34.75,90.0,1514.0,41.3,153.0,0,0,0,0,0,0,-10.699999999999989,62528.2
M20077,M,30.55000000000001,39.35000000000002,90.0,1607.0,30.6,203.0,0,0,0,0,0,0,-8.800000000000011,49174.200000000004
M16232,M,25.650000000000034,37.05000000000001,90.0,1488.0,39.9,83.0,0,0,0,0,0,0,-11.399999999999977,59371.2
L50544,L,28.25,37.35000000000002,90.0,1698.0,31.3,0.0,0,0,0,0,0,0,-9.100000000000023,53147.4
L55001,L,26.650000000000034,37.950000000000045,90.0,1688.0,30.3,183.0,0,0,0,0,0,0,-11.300000000000011,51146.4
L52800,L,29.05000000000001,38.55000000000001,90.0,1633.0,33.1,151.0,0,0,0,0,0,0,-9.5,54052.3
H33001,H,28.55000000000001,37.35000000000002,90.0,1595.0,32.9,106.0,0,0,0,0,0,0,-8.800000000000011,52475.5
L49577,L,26.05000000000001,35.35000000000002,90.0,1597.0,37.2,155.0,0,0,0,0,0,0,-9.300000000000011,59408.4
L53499,L,27.850000000000023,37.150000000000034,90.0,1429.0,47.5,0.0,0,0,0,0,0,0,-9.300000000000011,67877.5
L51787,L,29.850000000000023,37.950000000000045,90.0,1744.0,25.0,137.0,0,0,0,0,0,0,-8.100000000000023,43600.0
M22398,M,27.05000000000001,38.25,90.0,1450.0,42.9,68.0,0,0,0,0,0,0,-11.199999999999989,62205.0
L55497,L,25.650000000000034,36.55000000000001,90.0,1667.0,30.4,92.0,0,0,0,0,0,0,-10.899999999999977,50676.799999999996
L52449,L,30.350000000000023,39.75,90.0,1504.0,44.8,146.0,0,0,0,0,0,0,-9.399999999999977,67379.2
L53718,L,28.25,37.450000000000045,90.0,1487.0,40.0,88.0,0,0,0,0,0,0,-9.200000000000045,59480.0
L53442,L,27.850000000000023,37.450000000000045,90.0,1794.0,23.32,12.0,0,0,0,0,0,0,-9.600000000000023,41836.08
M15557,M,23.650000000000034,34.55000000000001,90.0,1471.0,44.9,89.0,0,0,0,0,0,0,-10.899999999999977,66047.9
L55790,L,24.150000000000034,35.150000000000034,90.0,1561.0,38.3,0.0,0,0,0,0,0,0,-11.0,59786.299999999996
M20652,M,28.650000000000034,38.150000000000034,90.0,1276.0,57.3,145.0,0,0,0,0,0,0,-9.5,73114.8
M17054,M,26.55000000000001,36.150000000000034,90.0,1470.0,46.5,124.0,0,0,0,0,0,0,-9.600000000000023,68355.0
L53076,L,27.950000000000045,37.650000000000034,90.0,1274.0,55.7,17.0,0,0,0,0,0,0,-9.699999999999989,70961.8
L48362,L,24.150000000000034,34.950000000000045,90.0,1410.0,48.1,23.0,0,0,0,0,0,0,-10.800000000000011,67821.0
L51970,L,30.650000000000034,39.650000000000034,90.0,1443.0,35.9,145.0,0,0,0,0,0,0,-9.0,51803.7
L48731,L,25.05000000000001,35.650000000000034,90.0,1367.0,54.8,111.0,0,0,0,0,0,0,-10.600000000000023,74911.59999999999
H36780,H,26.450000000000045,36.950000000000045,90.0,1371.0,47.3,62.0,0,0,0,0,0,0,-10.5,64848.299999999996
H37206,H,27.05000000000001,38.35000000000002,90.0,1349.0,50.4,96.0,0,0,0,0,0,0,-11.300000000000011,67989.59999999999
L48894,L,25.05000000000001,34.650000000000034,90.0,1461.0,45.4,76.0,0,0,0,0,0,0,-9.600000000000023,66329.4
M21292,M,27.150000000000034,36.85000000000002,90.0,1447.0,43.5,28.0,0,0,0,0,0,0,-9.699999999999989,62944.5
M22420,M,27.150000000000034,37.950000000000045,90.0,1377.0,53.8,125.0,0,0,0,0,0,0,-10.800000000000011,74082.59999999999
M19284,M,28.850000000000023,36.55000000000001,90.0,1556.0,32.9,132.0,0,0,0,0,0,0,-7.699999999999989,51192.399999999994
L51349,L,28.950000000000045,37.450000000000045,90.0,1539.0,36.0,124.0,0,0,0,0,0,0,-8.5,55404.0
L53690,L,27.950000000000045,36.950000000000045,90.0,1653.0,32.8,49.0,0,0,0,0,0,0,-9.0,54218.399999999994
L54168,L,27.55000000000001,37.950000000000045,90.0,1728.0,26.0,195.0,0,0,0,0,0,0,-10.400000000000034,44928.0
L49320,L,26.150000000000034,35.75,90.0,1426.0,45.6,158.0,0,0,0,0,0,0,-9.599999999999966,65025.6
M20228,M,29.950000000000045,39.35000000000002,90.0,1433.0,56.7,160.0,0,0,0,0,0,0,-9.399999999999977,81251.1
L55914,L,24.05000000000001,35.450000000000045,90.0,1508.0,46.7,110.0,0,0,0,0,0,0,-11.400000000000034,70423.6
M22613,M,27.25,38.55000000000001,90.0,1355.0,46.1,113.0,0,0,0,0,0,0,-11.300000000000011,62465.5
M20581,M,29.05000000000001,38.55000000000001,90.0,1562.0,34.1,188.0,0,0,0,0,0,0,-9.5,53264.200000000004
M23276,M,25.650000000000034,36.75,90.0,1685.0,31.1,104.0,0,0,0,0,0,0,-11.099999999999966,52403.5
L55685,L,25.450000000000045,36.650000000000034,90.0,1530.0,38.6,161.0,0,0,0,0,0,0,-11.199999999999989,59058.0
L53012,L,28.25,37.950000000000045,90.0,1474.0,42.5,9.0,0,0,0,0,0,0,-9.700000000000045,62645.0
L53908,L,28.350000000000023,37.75,90.0,1377.0,45.8,108.0,0,0,0,0,0,0,-9.399999999999977,63066.6
L55707,L,25.150000000000034,36.150000000000034,90.0,1531.0,37.4,16.0,0,0,0,0,0,0,-11.0,57259.4
M21132,M,27.950000000000045,37.450000000000045,90.0,1429.0,45.7,35.0,0,0,0,0,0,0,-9.5,65305.3
L55600,L,25.75,37.25,90.0,1729.0,26.4,159.0,0,0,0,0,0,0,-11.5,45645.6
L47788,L,24.850000000000023,36.75,90.0,1458.0,41.0,28.0,0,0,0,0,0,0,-11.899999999999977,59778.0
L54275,L,27.450000000000045,37.05000000000001,90.0,1548.0,37.8,18.0,0,0,0,0,0,0,-9.599999999999966,58514.399999999994
H30006,H,24.350000000000023,36.35000000000002,90.0,1668.0,39.7,85.0,0,0,0,0,0,0,-12.0,66219.6
L53837,L,28.350000000000023,37.25,90.0,1634.0,32.6,174.0,0,0,0,0,0,0,-8.899999999999977,53268.4
M17012,M,26.150000000000034,35.650000000000034,90.0,1748.0,27.2,188.0,0,0,0,0,0,0,-9.5,47545.6
M15665,M,23.850000000000023,34.75,90.0,1465.0,43.5,112.0,0,0,0,0,0,0,-10.899999999999977,63727.5
L49739,L,26.150000000000034,35.85000000000002,90.0,1638.0,35.4,96.0,0,0,0,0,0,0,-9.699999999999989,57985.2
M15008,M,25.25,35.150000000000034,90.0,1504.0,39.3,181.0,0,0,0,0,0,0,-9.900000000000034,59107.2
L49316,L,26.05000000000001,35.75,90.0,1343.0,61.8,150.0,0,0,0,0,0,0,-9.699999999999989,82997.4
L49403,L,26.450000000000045,35.85000000000002,90.0,1567.0,36.4,153.0,0,0,0,0,0,0,-9.399999999999977,57038.799999999996
L49706,L,25.850000000000023,35.450000000000045,90.0,1501.0,36.8,55.0,0,0,0,0,0,0,-9.600000000000023,55236.799999999996
L47748,L,24.650000000000034,36.55000000000001,90.0,1570.0,34.1,173.0,0,0,0,0,0,0,-11.899999999999977,53537.0
M24781,M,25.350000000000023,35.55000000000001,90.0,1633.0,30.4,33.0,0,0,0,0,0,0,-10.199999999999989,49643.2
M18564,M,29.150000000000034,38.35000000000002,90.0,1641.0,31.6,20.0,0,0,0,0,0,0,-9.199999999999989,51855.600000000006
L56160,L,23.950000000000045,34.55000000000001,90.0,1492.0,42.4,124.0,0,0,0,0,0,0,-10.599999999999966,63260.799999999996
M23667,M,24.25,35.150000000000034,90.0,1376.0,46.7,73.0,0,0,0,0,0,0,-10.900000000000034,64259.200000000004
L50924,L,29.150000000000034,37.650000000000034,90.0,1570.0,35.0,2.0,0,0,0,0,0,0,-8.5,54950.0
L50907,L,29.150000000000034,38.05000000000001,90.0,1786.0,26.1,18.0,0,0,0,0,0,0,-8.899999999999977,46614.600000000006
L50603,L,28.350000000000023,37.35000000000002,90.0,1549.0,39.8,155.0,0,0,0,0,0,0,-9.0,61650.2
L49831,L,26.75,36.35000000000002,90.0,1569.0,20.4,165.0,0,0,0,0,0,0,-9.600000000000023,32007.6
L47668,L,24.25,36.05000000000001,90.0,1368.0,52.4,168.0,0,0,0,0,0,0,-11.800000000000011,71683.2
L56939,L,25.350000000000023,36.55000000000001,90.0,1687.0,32.7,0.0,0,0,0,0,0,0,-11.199999999999989,55164.9
L52355,L,31.05000000000001,40.150000000000034,90.0,1445.0,41.9,72.0,0,0,0,0,0,0,-9.100000000000023,60545.5
M15691,M,23.450000000000045,34.25,90.0,1566.0,39.3,74.0,0,0,0,0,0,0,-10.799999999999955,61543.799999999996
M16098,M,23.950000000000045,35.25,90.0,1540.0,32.6,166.0,0,0,0,0,0,0,-11.299999999999955,50204.0
L56771,L,25.850000000000023,37.05000000000001,90.0,1351.0,52.1,63.0,0,0,0,0,0,0,-11.199999999999989,70387.1
L51211,L,28.850000000000023,37.650000000000034,90.0,1558.0,42.7,195.0,0,0,0,0,0,0,-8.800000000000011,66526.6
L55233,L,27.350000000000023,38.75,90.0,1403.0,45.7,56.0,0,0,0,0,0,0,-11.399999999999977,64117.100000000006
L53060,L,28.350000000000023,37.950000000000045,90.0,1434.0,45.6,129.0,0,0,0,0,0,0,-9.600000000000023,65390.4
L54121,L,27.650000000000034,38.25,90.0,1316.0,57.6,55.0,0,0,0,0,0,0,-10.599999999999966,75801.6
L50220,L,27.150000000000034,36.35000000000002,90.0,1364.0,44.5,35.0,0,0,0,0,0,0,-9.199999999999989,60698.0
L56255,L,24.150000000000034,34.950000000000045,90.0,1657.0,31.1,108.0,0,0,0,0,0,0,-10.800000000000011,51532.700000000004
M19346,M,29.450000000000045,37.35000000000002,90.0,1385.0,40.2,78.0,0,0,0,0,0,0,-7.899999999999977,55677.00000000001
L49094,L,25.350000000000023,34.950000000000045,90.0,1486.0,36.8,200.0,0,0,0,0,0,0,-9.600000000000023,54684.799999999996
L48847,L,25.05000000000001,34.75,90.0,1769.0,27.2,155.0,0,0,0,0,0,0,-9.699999999999989,48116.799999999996
L49096,L,24.850000000000023,34.55000000000001,90.0,1496.0,38.8,204.0,0,0,0,0,0,0,-9.699999999999989,58044.799999999996
M24689,M,25.25,36.25,90.0,1429.0,40.9,94.0,0,0,0,0,0,0,-11.0,58446.1
L55612,L,25.650000000000034,36.650000000000034,90.0,1434.0,43.1,192.0,0,0,0,0,0,0,-11.0,61805.4
L52296,L,30.75,40.450000000000045,90.0,1401.0,53.6,142.0,0,0,0,0,0,0,-9.700000000000045,75093.6
M23341,M,25.25,36.25,90.0,1458.0,43.4,103.0,0,0,0,0,0,0,-11.0,63277.2
L51851,L,30.150000000000034,38.35000000000002,90.0,1732.0,30.5,65.0,0,0,0,0,0,0,-8.199999999999989,52826.0
H30281,H,23.05000000000001,34.05000000000001,90.0,1580.0,35.4,9.0,0,0,0,0,0,0,-11.0,55932.0
M18453,M,28.450000000000045,37.25,90.0,1477.0,44.0,161.0,0,0,0,0,0,0,-8.799999999999955,64988.0
L55086,L,27.650000000000034,39.25,90.0,1372.0,51.0,142.0,0,0,0,0,0,0,-11.599999999999966,69972.0
L55107,L,27.55000000000001,38.75,90.0,1450.0,44.9,73.0,0,0,0,0,0,0,-11.199999999999989,65105.0
L49053,L,25.25,34.650000000000034,90.0,1456.0,48.8,92.0,0,0,0,0,0,0,-9.400000000000034,71052.8
M18846,M,29.05000000000001,38.25,90.0,1577.0,36.5,112.0,0,0,0,0,0,0,-9.199999999999989,57560.5
L54624,L,27.25,38.55000000000001,90.0,1286.0,46.4,42.0,0,0,0,0,0,0,-11.300000000000011,59670.4
L49766,L,25.850000000000023,35.55000000000001,90.0,1530.0,42.8,202.0,0,0,0,0,0,0,-9.699999999999989,65483.99999999999
M17482,M,26.450000000000045,36.25,90.0,1451.0,45.8,80.0,0,0,0,0,0,0,-9.799999999999955,66455.8
L51545,L,28.850000000000023,36.85000000000002,90.0,1601.0,35.6,181.0,0,0,0,0,0,0,-8.0,56995.600000000006
L54071,L,27.75,38.35000000000002,90.0,1505.0,41.1,126.0,0,0,0,0,0,0,-10.600000000000023,61855.5
M17688,M,27.150000000000034,36.450000000000045,90.0,1467.0,38.2,160.0,0,0,0,0,0,0,-9.300000000000011,56039.4
L53963,L,28.150000000000034,37.650000000000034,90.0,1450.0,55.8,127.0,0,0,0,0,0,0,-9.5,80910.0
L55475,L,25.75,37.35000000000002,90.0,1533.0,35.8,38.0,0,0,0,0,0,0,-11.600000000000023,54881.399999999994
L47499,L,24.650000000000034,35.25,90.0,1356.0,50.0,183.0,0,0,0,0,0,0,-10.599999999999966,67800.0
L53038,L,28.150000000000034,37.950000000000045,90.0,1823.0,25.8,125.0,0,0,0,0,0,0,-9.800000000000011,47033.4
H38664,H,25.150000000000034,35.85000000000002,90.0,1413.0,60.4,106.0,0,0,0,0,0,0,-10.699999999999989,85345.2
L56116,L,24.25,35.25,90.0,1632.0,30.8,13.0,0,0,0,0,0,0,-11.0,50265.6
M19407,M,29.350000000000023,37.25,90.0,1481.0,52.7,191.0,0,0,0,0,0,0,-7.899999999999977,78048.7
L52242,L,30.650000000000034,39.75,90.0,1663.0,28.0,202.0,0,0,0,0,0,0,-9.099999999999966,46564.0
M16675,M,24.950000000000045,34.35000000000002,90.0,1565.0,36.3,140.0,0,0,0,0,0,0,-9.399999999999977,56809.49999999999
L50969,L,29.150000000000034,37.75,90.0,1413.0,49.6,18.0,0,0,0,0,0,0,-8.599999999999966,70084.8
L51129,L,29.150000000000034,38.35000000000002,90.0,1384.0,50.8,204.0,0,0,0,0,0,0,-9.199999999999989,70307.2
M23210,M,25.55000000000001,36.450000000000045,90.0,1524.0,39.7,186.0,0,0,0,0,0,0,-10.900000000000034,60502.8
M21756,M,27.850000000000023,38.450000000000045,90.0,1589.0,40.0,140.0,0,0,0,0,0,0,-10.600000000000023,63560.0
L52041,L,30.350000000000023,39.150000000000034,90.0,1692.0,29.7,181.0,0,0,0,0,0,0,-8.800000000000011,50252.4
M24566,M,25.850000000000023,36.75,90.0,1705.0,30.1,84.0,0,0,0,0,0,0,-10.899999999999977,51320.5
L53076,L,27.950000000000045,37.650000000000034,90.0,1654.0,28.8,0.0,0,0,0,0,0,0,-9.699999999999989,47635.200000000004
M17236,M,26.05000000000001,35.150000000000034,90.0,1563.0,39.7,104.0,0,0,0,0,0,0,-9.100000000000023,62051.100000000006
L49731,L,26.450000000000045,36.25,90.0,1530.0,42.2,118.0,0,0,0,0,0,0,-9.799999999999955,64566.00000000001
L52628,L,29.850000000000023,39.55000000000001,90.0,1551.0,48.6,111.0,0,0,0,0,0,0,-9.699999999999989,75378.6
L55499,L,25.55000000000001,36.55000000000001,90.0,1393.0,38.8,9.0,0,0,0,0,0,0,-11.0,54048.399999999994
L56424,L,25.150000000000034,35.650000000000034,90.0,1525.0,27.3,170.0,0,0,0,0,0,0,-10.5,41632.5
L48409,L,23.950000000000045,35.25,90.0,1390.0,53.5,153.0,0,0,0,0,0,0,-11.299999999999955,74365.0
L52992,L,28.25,37.85000000000002,90.0,1350.0,56.8,73.0,0,0,0,0,0,0,-9.600000000000023,76680.0
L55395,L,25.950000000000045,37.35000000000002,90.0,1470.0,40.0,40.0,0,0,0,0,0,0,-11.399999999999977,58800.0
L50166,L,27.450000000000045,36.35000000000002,90.0,1455.0,48.0,128.0,0,0,0,0,0,0,-8.899999999999977,69840.0
L50488,L,28.25,37.25,90.0,1748.0,26.8,86.0,0,0,0,0,0,0,-9.0,46846.4
L56289,L,24.350000000000023,35.450000000000045,90.0,1457.0,39.7,32.0,0,0,0,0,0,0,-11.100000000000023,57842.9
H29764,H,24.25,35.150000000000034,90.0,1400.0,44.3,43.0,0,0,0,0,0,0,-10.900000000000034,62019.99999999999
L53042,L,28.150000000000034,37.85000000000002,90.0,1619.0,29.7,91.0,0,0,0,0,0,0,-9.699999999999989,48084.299999999996
L47945,L,23.650000000000034,34.85000000000002,90.0,1697.0,28.8,7.0,0,0,0,0,0,0,-11.199999999999989,48873.6
L56073,L,24.350000000000023,35.55000000000001,90.0,1654.0,28.1,121.0,0,0,0,0,0,0,-11.199999999999989,46477.4
H30685,H,24.850000000000023,36.25,90.0,1490.0,40.2,41.0,0,0,0,0,0,0,-11.399999999999977,59898.00000000001
H33869,H,29.25,36.950000000000045,90.0,1434.0,28.9,179.0,0,0,0,0,0,0,-7.7000000000000455,41442.6
L50627,L,28.55000000000001,37.450000000000045,90.0,1426.0,49.5,216.0,1,1,0,0,0,0,-8.900000000000034,70587.0
L49001,L,24.950000000000045,34.450000000000045,90.0,1352.0,46.0,113.0,0,0,0,0,0,0,-9.5,62192.0
L53417,L,28.25,37.75,90.0,1414.0,38.8,2.0,0,0,0,0,0,0,-9.5,54863.2
H35584,H,27.650000000000034,36.950000000000045,90.0,1470.0,45.1,218.0,0,0,0,0,0,0,-9.300000000000011,66297.0
L52865,L,29.05000000000001,38.35000000000002,90.0,1544.0,38.2,87.0,0,0,0,0,0,0,-9.300000000000011,58980.8
L56216,L,24.150000000000034,35.150000000000034,90.0,1519.0,37.7,24.0,0,0,0,0,0,0,-11.0,57266.3
M20188,M,30.55000000000001,39.55000000000001,90.0,1406.0,41.9,48.0,0,0,0,0,0,0,-9.0,58911.4
L54260,L,27.55000000000001,37.25,90.0,1543.0,41.4,203.0,0,0,0,0,0,0,-9.699999999999989,63880.2
M21831,M,27.55000000000001,37.950000000000045,90.0,1487.0,42.1,115.0,0,0,0,0,0,0,-10.400000000000034,62602.700000000004
L55012,L,26.950000000000045,38.25,90.0,1345.0,46.6,183.0,0,0,0,0,0,0,-11.299999999999955,62677.0
L48458,L,25.05000000000001,36.25,90.0,1398.0,47.3,79.0,0,0,0,0,0,0,-11.199999999999989,66125.4
M23325,M,25.450000000000045,36.650000000000034,90.0,1408.0,44.2,131.0,0,0,0,0,0,0,-11.199999999999989,62233.600000000006
M17146,M,26.25,35.35000000000002,90.0,1289.0,49.9,104.0,0,0,0,0,0,0,-9.100000000000023,64321.1
L55784,L,24.25,35.05000000000001,90.0,1627.0,30.7,213.0,0,0,0,0,0,0,-10.800000000000011,49948.9
L54622,L,27.150000000000034,38.35000000000002,90.0,1558.0,37.9,0.0,0,0,0,0,0,0,-11.199999999999989,59048.2
L48994,L,24.950000000000045,34.55000000000001,90.0,1650.0,34.6,138.0,0,0,0,0,0,0,-9.599999999999966,57090.0
L49463,L,26.150000000000034,35.25,90.0,1474.0,39.4,98.0,0,0,0,0,0,0,-9.099999999999966,58075.6
L50194,L,27.55000000000001,36.35000000000002,90.0,1731.0,27.7,85.0,0,0,0,0,0,0,-8.800000000000011,47948.7
L49761,L,26.05000000000001,35.950000000000045,90.0,1459.0,60.7,191.0,1,0,0,0,1,0,-9.900000000000034,88561.3
M17378,M,25.650000000000034,35.450000000000045,90.0,1425.0,49.6,27.0,0,0,0,0,0,0,-9.800000000000011,70680.0
L49175,L,24.950000000000045,34.85000000000002,90.0,1601.0,35.0,196.0,0,0,0,0,0,0,-9.899999999999977,56035.0
L56364,L,24.75,35.950000000000045,90.0,1477.0,42.4,22.0,0,0,0,0,0,0,-11.200000000000045,62624.799999999996
L53778,L,28.450000000000045,37.55000000000001,90.0,1498.0,40.1,22.0,0,0,0,0,0,0,-9.099999999999966,60069.8
L57043,L,25.75,36.650000000000034,90.0,1411.0,38.5,84.0,0,0,0,0,0,0,-10.900000000000034,54323.5
L55456,L,25.650000000000034,37.35000000000002,90.0,1640.0,31.9,7.0,0,0,0,0,0,0,-11.699999999999989,52316.0
M18926,M,28.75,37.55000000000001,90.0,1417.0,45.1,73.0,0,0,0,0,0,0,-8.800000000000011,63906.700000000004
L56073,L,24.350000000000023,35.55000000000001,90.0,1681.0,28.8,155.0,0,0,0,0,0,0,-11.199999999999989,48412.8
L49451,L,26.05000000000001,35.35000000000002,90.0,1821.0,26.1,56.0,0,0,0,0,0,0,-9.300000000000011,47528.100000000006
L49720,L,25.950000000000045,35.650000000000034,90.0,1502.0,38.3,85.0,0,0,0,0,0,0,-9.699999999999989,57526.6
L48302,L,23.450000000000045,34.450000000000045,90.0,1547.0,40.2,98.0,0,0,0,0,0,0,-11.0,62189.4
L48634,L,25.850000000000023,37.25,90.0,1633.0,34.2,87.0,0,0,0,0,0,0,-11.399999999999977,55848.600000000006
M24486,M,25.850000000000023,36.85000000000002,90.0,1341.0,47.6,126.0,0,0,0,0,0,0,-11.0,63831.6
L56674,L,26.05000000000001,36.75,90.0,1616.0,36.0,219.0,0,0,0,0,0,0,-10.699999999999989,58176.0
L48897,L,25.05000000000001,34.450000000000045,90.0,1665.0,33.5,82.0,0,0,0,0,0,0,-9.400000000000034,55777.5
M23793,M,24.25,35.75,90.0,1517.0,41.5,9.0,0,0,0,0,0,0,-11.5,62955.5
L53162,L,27.55000000000001,37.85000000000002,90.0,1453.0,42.2,59.0,0,0,0,0,0,0,-10.300000000000011,61316.600000000006
L55304,L,27.05000000000001,38.25,90.0,1378.0,49.4,32.0,0,0,0,0,0,0,-11.199999999999989,68073.2
M22337,M,26.950000000000045,38.150000000000034,90.0,1514.0,38.1,130.0,0,0,0,0,0,0,-11.199999999999989,57683.4
L47885,L,24.55000000000001,35.85000000000002,90.0,1403.0,50.7,9.0,0,0,0,0,0,0,-11.300000000000011,71132.1
L53736,L,28.350000000000023,37.450000000000045,90.0,1457.0,40.9,135.0,0,0,0,0,0,0,-9.100000000000023,59591.299999999996
L49461,L,26.150000000000034,35.35000000000002,90.0,1392.0,50.6,0.0,0,0,0,0,0,0,-9.199999999999989,70435.2
L49414,L,26.25,35.450000000000045,90.0,1477.0,42.4,181.0,0,0,0,0,0,0,-9.200000000000045,62624.799999999996
M18790,M,29.150000000000034,38.25,90.0,1416.0,39.1,174.0,0,0,0,0,0,0,-9.099999999999966,55365.6
H36642,H,26.650000000000034,36.55000000000001,90.0,1368.0,47.3,148.0,0,0,0,0,0,0,-9.899999999999977,64706.399999999994
L52484,L,30.75,39.950000000000045,90.0,1469.0,49.3,199.0,0,0,0,0,0,0,-9.200000000000045,72421.7
M23705,M,24.25,35.75,90.0,1348.0,45.3,201.0,0,0,0,0,0,0,-11.5,61064.399999999994
L56612,L,24.850000000000023,35.55000000000001,90.0,1639.0,32.9,45.0,0,0,0,0,0,0,-10.699999999999989,53923.1
L53601,L,27.150000000000034,36.75,90.0,1467.0,41.4,98.0,0,0,0,0,0,0,-9.599999999999966,60733.799999999996
L48397,L,23.850000000000023,34.950000000000045,90.0,1517.0,42.0,120.0,0,0,0,0,0,0,-11.100000000000023,63714.0
L48527,L,25.650000000000034,37.150000000000034,90.0,1409.0,41.8,26.0,0,0,0,0,0,0,-11.5,58896.2
M17688,M,27.25,35.950000000000045,90.0,1352.0,57.9,0.0,0,0,0,0,0,0,-8.700000000000045,78280.8
M19816,M,30.650000000000034,39.35000000000002,90.0,1472.0,46.9,144.0,0,0,0,0,0,0,-8.699999999999989,69036.8
L52783,L,29.350000000000023,38.75,90.0,1522.0,44.7,90.0,0,0,0,0,0,0,-9.399999999999977,68033.40000000001
M22363,M,27.150000000000034,38.55000000000001,90.0,1418.0,51.4,181.0,0,0,0,0,0,0,-11.399999999999977,72885.2
L47795,L,24.950000000000045,36.75,90.0,1511.0,33.3,2.0,0,0,0,0,0,0,-11.799999999999955,50316.299999999996
L53758,L,28.25,37.55000000000001,90.0,1559.0,40.9,189.0,0,0,0,0,0,0,-9.300000000000011,63763.1
L53345,L,27.75,37.55000000000001,90.0,1523.0,35.8,156.0,0,0,0,0,0,0,-9.800000000000011,54523.399999999994
M20667,M,28.25,37.75,90.0,1359.0,61.9,163.0,1,0,0,1,0,0,-9.5,84122.09999999999
M21005,M,27.850000000000023,37.950000000000045,90.0,1515.0,40.9,179.0,0,0,0,0,0,0,-10.100000000000023,61963.5
L47428,L,24.850000000000023,34.950000000000045,90.0,1572.0,37.1,214.0,0,0,0,0,0,0,-10.100000000000023,58321.200000000004
M15500,M,24.75,36.450000000000045,90.0,1467.0,45.9,127.0,0,0,0,0,0,0,-11.700000000000045,67335.3
L48966,L,25.05000000000001,35.05000000000001,90.0,1618.0,33.0,61.0,0,0,0,0,0,0,-10.0,53394.0
L50618,L,28.450000000000045,37.450000000000045,90.0,1610.0,33.4,193.0,0,0,0,0,0,0,-9.0,53774.0
L48644,L,25.650000000000034,36.85000000000002,90.0,1519.0,42.3,107.0,0,0,0,0,0,0,-11.199999999999989,64253.7
L49228,L,26.150000000000034,36.05000000000001,90.0,1489.0,41.5,2.0,0,0,0,0,0,0,-9.899999999999977,61793.5
L55977,L,24.350000000000023,35.35000000000002,90.0,1440.0,37.9,60.0,0,0,0,0,0,0,-11.0,54576.0
M21066,M,28.150000000000034,37.85000000000002,90.0,1403.0,48.5,126.0,0,0,0,0,0,0,-9.699999999999989,68045.5
M16444,M,24.850000000000023,35.35000000000002,90.0,1412.0,42.4,191.0,0,0,0,0,0,0,-10.5,59868.799999999996
L56748,L,26.650000000000034,37.950000000000045,90.0,1551.0,33.9,183.0,0,0,0,0,0,0,-11.300000000000011,52578.899999999994
L47213,L,25.650000000000034,36.150000000000034,90.0,1559.0,36.9,27.0,0,0,0,0,0,0,-10.5,57527.1
H29997,H,25.75,35.05000000000001,90.0,1376.0,59.4,92.0,0,0,0,0,0,0,-9.300000000000011,81734.4
L51349,L,28.950000000000045,37.450000000000045,90.0,1453.0,46.0,2.0,0,0,0,0,0,0,-8.5,66838.0
L50423,L,27.850000000000023,36.450000000000045,90.0,1475.0,42.0,142.0,0,0,0,0,0,0,-8.600000000000023,61950.0
L52140,L,30.75,39.55000000000001,90.0,1339.0,44.3,156.0,0,0,0,0,0,0,-8.800000000000011,59317.7
L52367,L,30.850000000000023,39.950000000000045,90.0,1648.0,30.9,123.0,0,0,0,0,0,0,-9.100000000000023,50923.2
L54684,L,27.350000000000023,38.650000000000034,90.0,1589.0,42.0,201.0,0,0,0,0,0,0,-11.300000000000011,66738.0
L48182,L,23.150000000000034,34.05000000000001,90.0,1527.0,35.0,192.0,0,0,0,0,0,0,-10.899999999999977,53445.0
L54959,L,26.950000000000045,38.25,90.0,1559.0,38.4,47.0,0,0,0,0,0,0,-11.299999999999955,59865.6
L49649,L,25.850000000000023,35.450000000000045,90.0,1457.0,37.5,26.0,0,0,0,0,0,0,-9.600000000000023,54637.5
L50668,L,28.75,37.650000000000034,90.0,1584.0,38.8,99.0,0,0,0,0,0,0,-8.900000000000034,61459.2
L51194,L,28.950000000000045,37.75,90.0,1442.0,45.4,182.0,0,0,0,0,0,0,-8.799999999999955,65466.799999999996
L52996,L,28.150000000000034,37.85000000000002,90.0,1431.0,41.5,206.0,0,0,0,0,0,0,-9.699999999999989,59386.5
M21568,M,28.25,37.450000000000045,90.0,1763.0,25.8,74.0,0,0,0,0,0,0,-9.200000000000045,45485.4
H36762,H,26.55000000000001,37.150000000000034,90.0,1565.0,40.4,0.0,0,0,0,0,0,0,-10.600000000000023,63226.0
M23972,M,24.350000000000023,35.450000000000045,90.0,1612.0,32.1,39.0,0,0,0,0,0,0,-11.100000000000023,51745.200000000004
M19751,M,30.55000000000001,39.25,90.0,1456.0,43.9,188.0,0,0,0,0,0,0,-8.699999999999989,63918.4
M16379,M,24.850000000000023,35.75,90.0,1512.0,34.5,28.0,0,0,0,0,0,0,-10.899999999999977,52164.0
L53026,L,28.25,37.85000000000002,90.0,1574.0,35.4,46.0,0,0,0,0,0,0,-9.600000000000023,55719.6
L56603,L,24.850000000000023,35.35000000000002,90.0,1576.0,38.5,155.0,0,0,0,0,0,0,-10.5,60676.0
L48787,L,24.55000000000001,34.75,90.0,1396.0,48.3,27.0,0,0,0,0,0,0,-10.199999999999989,67426.8
L51427,L,29.450000000000045,37.85000000000002,90.0,1452.0,48.3,0.0,0,0,0,0,0,0,-8.399999999999977,70131.59999999999
M22076,M,26.75,36.650000000000034,90.0,1451.0,42.3,130.0,0,0,0,0,0,0,-9.900000000000034,61377.299999999996
L48941,L,25.05000000000001,34.35000000000002,90.0,1352.0,49.4,140.0,0,0,0,0,0,0,-9.300000000000011,66788.8
M24756,M,25.650000000000034,36.150000000000034,90.0,1618.0,42.1,173.0,0,0,0,0,0,0,-10.5,68117.8
M16590,M,25.150000000000034,34.650000000000034,90.0,1627.0,33.3,114.0,0,0,0,0,0,0,-9.5,54179.1
L49304,L,26.150000000000034,35.75,90.0,1474.0,40.7,117.0,0,0,0,0,0,0,-9.599999999999966,59991.8
L53441,L,27.950000000000045,37.450000000000045,90.0,1654.0,32.1,12.0,0,0,0,0,0,0,-9.5,53093.4
L50373,L,26.950000000000045,36.05000000000001,90.0,1486.0,36.4,202.0,0,0,0,0,0,0,-9.099999999999966,54090.4
L54897,L,27.350000000000023,38.450000000000045,90.0,1365.0,44.6,85.0,0,0,0,0,0,0,-11.100000000000023,60879.0
L54763,L,27.150000000000034,37.950000000000045,90.0,1650.0,31.8,185.0,0,0,0,0,0,0,-10.800000000000011,52470.0
M17232,M,26.150000000000034,35.35000000000002,90.0,1404.0,49.4,91.0,0,0,0,0,0,0,-9.199999999999989,69357.59999999999
L54258,L,27.55000000000001,37.450000000000045,90.0,1357.0,49.5,199.0,0,0,0,0,0,0,-9.900000000000034,67171.5
M19393,M,29.25,37.150000000000034,90.0,1720.0,27.4,161.0,0,0,0,0,0,0,-7.900000000000034,47128.0
L53947,L,28.05000000000001,37.75,90.0,1531.0,41.9,16.0,0,0,0,0,0,0,-9.699999999999989,64148.9
M19840,M,30.55000000000001,39.650000000000034,90.0,1620.0,34.6,203.0,0,0,0,0,0,0,-9.100000000000023,56052.0
L47449,L,24.850000000000023,34.85000000000002,90.0,1524.0,37.0,199.0,0,0,0,0,0,0,-10.0,56388.0
L56771,L,25.850000000000023,37.05000000000001,90.0,1471.0,42.1,39.0,0,0,0,0,0,0,-11.199999999999989,61929.1
M24285,M,24.950000000000045,35.450000000000045,90.0,1415.0,46.3,18.0,0,0,0,0,0,0,-10.5,65514.49999999999
L50112,L,27.55000000000001,36.55000000000001,90.0,1460.0,42.1,33.0,0,0,0,0,0,0,-9.0,61466.0
M18784,M,29.350000000000023,38.25,90.0,1557.0,35.0,157.0,0,0,0,0,0,0,-8.899999999999977,54495.0
L55962,L,24.450000000000045,35.55000000000001,90.0,1390.0,53.3,27.0,0,0,0,0,0,0,-11.099999999999966,74087.0
L47837,L,24.450000000000045,36.05000000000001,90.0,1519.0,37.6,32.0,0,0,0,0,0,0,-11.599999999999966,57114.4
L50454,L,28.150000000000034,36.85000000000002,90.0,1384.0,48.3,0.0,0,0,0,0,0,0,-8.699999999999989,66847.2
L48527,L,25.55000000000001,36.950000000000045,90.0,1357.0,45.5,146.0,0,0,0,0,0,0,-11.400000000000034,61743.5
M17353,M,25.75,35.650000000000034,90.0,1550.0,38.1,158.0,0,0,0,0,0,0,-9.900000000000034,59055.0
M17079,M,26.450000000000045,35.650000000000034,90.0,1530.0,33.0,143.0,0,0,0,0,0,0,-9.199999999999989,50490.0
L54428,L,26.850000000000023,37.05000000000001,90.0,1663.0,29.6,202.0,0,0,0,0,0,0,-10.199999999999989,49224.8
L53916,L,28.55000000000001,37.85000000000002,90.0,1744.0,26.5,146.0,0,0,0,0,0,0,-9.300000000000011,46216.0
M20024,M,30.850000000000023,40.150000000000034,90.0,1423.0,45.5,48.0,0,0,0,0,0,0,-9.300000000000011,64746.5
L47641,L,24.25,35.55000000000001,90.0,1577.0,35.4,114.0,0,0,0,0,0,0,-11.300000000000011,55825.799999999996
L55403,L,25.950000000000045,37.35000000000002,90.0,1554.0,44.8,58.0,0,0,0,0,0,0,-11.399999999999977,69619.2
M18084,M,27.650000000000034,36.150000000000034,90.0,1557.0,38.1,0.0,0,0,0,0,0,0,-8.5,59321.700000000004
M23473,M,24.350000000000023,35.450000000000045,90.0,1420.0,45.3,4.0,0,0,0,0,0,0,-11.100000000000023,64325.99999999999
L53422,L,27.850000000000023,37.25,90.0,1685.0,27.9,173.0,0,0,0,0,0,0,-9.399999999999977,47011.5
L55040,L,27.350000000000023,38.85000000000002,90.0,1374.0,47.3,108.0,0,0,0,0,0,0,-11.5,64990.2
L54875,L,27.450000000000045,38.35000000000002,90.0,1627.0,31.4,22.0,0,0,0,0,0,0,-10.899999999999977,51087.799999999996
L56748,L,26.650000000000034,37.950000000000045,90.0,1488.0,46.6,183.0,0,0,0,0,0,0,-11.300000000000011,69340.8
L48420,L,23.950000000000045,35.35000000000002,90.0,1476.0,47.0,173.0,0,0,0,0,0,0,-11.399999999999977,69372.0
M23568,M,24.05000000000001,35.35000000000002,90.0,1412.0,43.0,181.0,0,0,0,0,0,0,-11.300000000000011,60716.0
M23600,M,24.25,35.35000000000002,90.0,1532.0,38.7,123.0,0,0,0,0,0,0,-11.100000000000023,59288.4
L48864,L,24.75,34.150000000000034,90.0,1438.0,40.8,17.0,0,0,0,0,0,0,-9.400000000000034,58670.399999999994
L55227,L,27.450000000000045,38.75,90.0,1463.0,37.2,41.0,0,0,0,0,0,0,-11.299999999999955,54423.600000000006
L47958,L,23.55000000000001,34.85000000000002,90.0,1580.0,32.2,61.0,0,0,0,0,0,0,-11.300000000000011,50876.00000000001
H32254,H,26.950000000000045,35.950000000000045,90.0,1492.0,40.4,122.0,0,0,0,0,0,0,-9.0,60276.799999999996
L50364,L,26.950000000000045,36.150000000000034,90.0,1654.0,32.0,121.0,0,0,0,0,0,0,-9.199999999999989,52928.0
L49240,L,26.55000000000001,36.150000000000034,90.0,1305.0,58.3,159.0,0,0,0,0,0,0,-9.600000000000023,76081.5
M17209,M,26.150000000000034,35.35000000000002,90.0,1608.0,32.2,198.0,0,0,0,0,0,0,-9.199999999999989,51777.600000000006
L55194,L,27.850000000000023,38.85000000000002,90.0,1720.0,27.9,188.0,0,0,0,0,0,0,-11.0,47988.0
M22501,M,27.150000000000034,38.35000000000002,90.0,1466.0,40.4,139.0,0,0,0,0,0,0,-11.199999999999989,59226.4
L50669,L,28.75,37.75,90.0,1649.0,31.0,101.0,0,0,0,0,0,0,-9.0,51119.0
H35789,H,27.05000000000001,36.450000000000045,90.0,1530.0,32.3,137.0,0,0,0,0,0,0,-9.400000000000034,49418.99999999999
L52888,L,29.05000000000001,38.35000000000002,90.0,1430.0,49.9,114.0,0,0,0,0,0,0,-9.300000000000011,71357.0
L56073,L,24.55000000000001,35.75,90.0,1498.0,43.9,121.0,0,0,0,0,0,0,-11.199999999999989,65762.2
L47183,L,25.05000000000001,35.450000000000045,90.0,1433.0,40.3,7.0,0,0,0,0,0,0,-10.400000000000034,57749.899999999994
L55622,L,25.450000000000045,36.85000000000002,90.0,1601.0,39.0,98.0,0,0,0,0,0,0,-11.399999999999977,62439.0
M18724,M,29.25,38.25,90.0,1481.0,45.1,225.0,0,0,0,0,0,0,-9.0,66793.1
M17657,M,27.450000000000045,36.35000000000002,90.0,1597.0,35.9,196.0,0,0,0,0,0,0,-8.899999999999977,57332.299999999996
L56029,L,24.350000000000023,35.85000000000002,90.0,1740.0,30.7,154.0,0,0,0,0,0,0,-11.5,53418.0
L55950,L,24.150000000000034,35.35000000000002,90.0,1368.0,53.8,200.0,0,0,0,0,0,0,-11.199999999999989,73598.4
L50228,L,27.05000000000001,36.150000000000034,90.0,1532.0,43.2,59.0,0,0,0,0,0,0,-9.100000000000023,66182.40000000001
M16310,M,25.850000000000023,37.150000000000034,90.0,1495.0,39.9,101.0,0,0,0,0,0,0,-11.300000000000011,59650.5
L53422,L,27.850000000000023,37.25,90.0,1476.0,36.1,0.0,0,0,0,0,0,0,-9.399999999999977,53283.6
M16552,M,24.950000000000045,34.450000000000045,90.0,1764.0,27.7,150.0,0,0,0,0,0,0,-9.5,48862.799999999996
L53560,L,27.05000000000001,36.85000000000002,90.0,1430.0,48.4,12.0,0,0,0,0,0,0,-9.800000000000011,69212.0
L50478,L,28.05000000000001,37.150000000000034,90.0,1532.0,38.1,61.0,0,0,0,0,0,0,-9.100000000000023,58369.200000000004
M15088,M,25.25,35.55000000000001,90.0,1342.0,53.8,170.0,0,0,0,0,0,0,-10.300000000000011,72199.59999999999
M21066,M,28.05000000000001,37.75,90.0,1695.0,30.4,76.0,0,0,0,0,0,0,-9.699999999999989,51528.0
L54307,L,27.450000000000045,36.85000000000002,90.0,1396.0,53.8,103.0,0,0,0,0,0,0,-9.399999999999977,75104.8
L47221,L,25.650000000000034,35.950000000000045,90.0,1457.0,42.8,115.0,0,0,0,0,0,0,-10.300000000000011,62359.6
L55295,L,27.25,38.75,90.0,1681.0,27.6,14.0,0,0,0,0,0,0,-11.5,46395.600000000006
L52569,L,29.650000000000034,39.150000000000034,90.0,1366.0,42.5,221.0,0,0,0,0,0,0,-9.5,58055.0
M24348,M,25.75,36.450000000000045,90.0,1408.0,44.5,204.0,0,0,0,0,0,0,-10.700000000000045,62656.0
L56602,L,24.950000000000045,35.450000000000045,90.0,1480.0,43.2,20.0,0,0,0,0,0,0,-10.5,63936.00000000001
L50676,L,28.75,37.85000000000002,90.0,1547.0,36.8,128.0,0,0,0,0,0,0,-9.100000000000023,56929.6
L55475,L,25.75,37.25,90.0,1674.0,30.3,30.0,0,0,0,0,0,0,-11.5,50722.200000000004
L55446,L,24.150000000000034,34.75,90.0,1448.0,46.4,174.0,0,0,0,0,0,0,-10.599999999999966,67187.2
L55916,L,24.150000000000034,35.55000000000001,90.0,1491.0,42.9,2.0,0,0,0,0,0,0,-11.399999999999977,63963.9
L50829,L,28.950000000000045,38.35000000000002,90.0,1494.0,40.4,173.0,0,0,0,0,0,0,-9.399999999999977,60357.6
L56276,L,24.150000000000034,34.950000000000045,90.0,1712.0,38.5,13.0,0,0,0,0,0,0,-10.800000000000011,65912.0
L48520,L,25.450000000000045,37.05000000000001,90.0,1485.0,41.8,146.0,0,0,0,0,0,0,-11.599999999999966,62072.99999999999
L51380,L,29.350000000000023,37.85000000000002,90.0,1426.0,46.5,111.0,0,0,0,0,0,0,-8.5,66309.0
L50688,L,28.55000000000001,37.75,90.0,1387.0,50.7,160.0,0,0,0,0,0,0,-9.199999999999989,70320.90000000001
L48544,L,25.450000000000045,36.85000000000002,90.0,1555.0,40.1,70.0,0,0,0,0,0,0,-11.399999999999977,62355.5
M21355,M,27.450000000000045,36.650000000000034,90.0,1577.0,34.3,187.0,0,0,0,0,0,0,-9.199999999999989,54091.1
L49381,L,26.650000000000034,35.85000000000002,90.0,1445.0,36.1,95.0,0,0,0,0,0,0,-9.199999999999989,52164.5
L48390,L,23.950000000000045,34.85000000000002,90.0,1297.0,49.1,103.0,0,0,0,0,0,0,-10.899999999999977,63682.700000000004
M24098,M,24.950000000000045,35.650000000000034,90.0,1751.0,27.7,114.0,0,0,0,0,0,0,-10.699999999999989,48502.7
L54462,L,26.850000000000023,37.35000000000002,90.0,1622.0,34.6,66.0,0,0,0,0,0,0,-10.5,56121.200000000004
L55279,L,27.05000000000001,38.450000000000045,90.0,1466.0,30.5,176.0,0,0,0,0,0,0,-11.400000000000034,44713.0
L52702,L,29.450000000000045,38.75,90.0,1418.0,39.1,13.0,0,0,0,0,0,0,-9.299999999999955,55443.8
L56470,L,25.05000000000001,35.85000000000002,90.0,1450.0,43.0,87.0,0,0,0,0,0,0,-10.800000000000011,62350.0
L50923,L,29.350000000000023,38.05000000000001,90.0,1459.0,40.6,124.0,0,0,0,0,0,0,-8.699999999999989,59235.4
L48886,L,24.850000000000023,34.55000000000001,90.0,1465.0,43.0,118.0,0,0,0,0,0,0,-9.699999999999989,62995.0
M23157,M,25.650000000000034,37.05000000000001,90.0,1485.0,33.1,34.0,0,0,0,0,0,0,-11.399999999999977,49153.5
M15568,M,24.850000000000023,36.75,90.0,1416.0,45.9,13.0,0,0,0,0,0,0,-11.899999999999977,64994.4
M19182,M,28.55000000000001,36.950000000000045,90.0,1431.0,44.0,181.0,0,0,0,0,0,0,-8.400000000000034,62964.0
L49889,L,26.450000000000045,35.950000000000045,90.0,1553.0,33.3,84.0,0,0,0,0,0,0,-9.5,51714.899999999994
M20600,M,29.150000000000034,38.55000000000001,90.0,1538.0,35.5,104.0,0,0,0,0,0,0,-9.399999999999977,54599.0
L52153,L,30.650000000000034,39.55000000000001,90.0,1461.0,38.2,175.0,0,0,0,0,0,0,-8.899999999999977,55810.200000000004
L49902,L,26.55000000000001,36.05000000000001,90.0,1429.0,42.6,115.0,0,0,0,0,0,0,-9.5,60875.4
M16981,M,26.05000000000001,35.650000000000034,90.0,1426.0,47.3,85.0,0,0,0,0,0,0,-9.600000000000023,67449.8
L53271,L,27.75,37.55000000000001,90.0,1413.0,46.0,79.0,0,0,0,0,0,0,-9.800000000000011,64998.0
L49473,L,26.150000000000034,35.35000000000002,90.0,1364.0,44.1,122.0,0,0,0,0,0,0,-9.199999999999989,60152.4
L48684,L,24.850000000000023,35.55000000000001,90.0,1539.0,38.5,49.0,0,0,0,0,0,0,-10.699999999999989,59251.5
M22996,M,26.75,37.75,90.0,1466.0,44.4,64.0,0,0,0,0,0,0,-11.0,65090.4
L50891,L,29.05000000000001,38.35000000000002,90.0,1543.0,33.0,37.0,0,0,0,0,0,0,-9.300000000000011,50919.0
M18333,M,28.650000000000034,37.650000000000034,90.0,1390.0,33.4,62.0,0,0,0,0,0,0,-9.0,46426.0
L54556,L,26.350000000000023,36.85000000000002,90.0,1495.0,43.1,206.0,0,0,0,0,0,0,-10.5,64434.5
M19858,M,30.450000000000045,39.650000000000034,90.0,1613.0,39.7,29.0,0,0,0,0,0,0,-9.199999999999989,64036.100000000006
L49985,L,26.850000000000023,36.25,90.0,1420.0,48.6,111.0,0,0,0,0,0,0,-9.399999999999977,69012.0
L54339,L,26.950000000000045,36.950000000000045,90.0,1450.0,47.6,186.0,0,0,0,0,0,0,-10.0,69020.0
L54789,L,27.350000000000023,38.25,90.0,1397.0,45.4,119.0,0,0,0,0,0,0,-10.899999999999977,63423.799999999996
L54140,L,27.55000000000001,37.85000000000002,90.0,1339.0,52.0,91.0,0,0,0,0,0,0,-10.300000000000011,69628.0
L56814,L,25.950000000000045,36.950000000000045,90.0,1467.0,38.4,156.0,0,0,0,0,0,0,-11.0,56332.799999999996
L55387,L,26.05000000000001,37.55000000000001,90.0,1737.0,26.7,17.0,0,0,0,0,0,0,-11.5,46377.9
M22107,M,26.850000000000023,36.950000000000045,90.0,1513.0,37.5,199.0,0,0,0,0,0,0,-10.100000000000023,56737.5
L52391,L,30.650000000000034,39.55000000000001,90.0,1515.0,35.1,183.0,0,0,0,0,0,0,-8.899999999999977,53176.5
L50755,L,28.55000000000001,37.35000000000002,90.0,1567.0,39.1,7.0,0,0,0,0,0,0,-8.800000000000011,61269.700000000004
M24676,M,25.350000000000023,36.05000000000001,90.0,1721.0,29.4,101.0,0,0,0,0,0,0,-10.699999999999989,50597.399999999994
L52724,L,29.25,38.75,90.0,1471.0,45.6,140.0,0,0,0,0,0,0,-9.5,67077.6
L54697,L,27.150000000000034,38.55000000000001,90.0,1520.0,38.9,15.0,0,0,0,0,0,0,-11.399999999999977,59128.0
L49864,L,26.650000000000034,36.25,90.0,1498.0,43.4,162.0,0,0,0,0,0,0,-9.599999999999966,65013.2
L48797,L,24.650000000000034,34.650000000000034,90.0,1397.0,55.3,53.0,0,0,0,0,0,0,-10.0,77254.09999999999
L52927,L,28.950000000000045,38.450000000000045,90.0,1365.0,49.4,76.0,0,0,0,0,0,0,-9.5,67431.0
L47334,L,25.25,35.05000000000001,90.0,1490.0,36.2,0.0,0,0,0,0,0,0,-9.800000000000011,53938.00000000001
L54131,L,27.650000000000034,38.150000000000034,90.0,1452.0,41.2,129.0,0,0,0,0,0,0,-10.5,59822.4
M17574,M,26.450000000000045,35.950000000000045,90.0,1366.0,31.6,95.0,0,0,0,0,0,0,-9.5,43165.6
H32897,H,28.75,37.650000000000034,90.0,1499.0,37.0,85.0,0,0,0,0,0,0,-8.900000000000034,55463.0
L51243,L,28.75,37.450000000000045,90.0,1404.0,43.0,7.0,0,0,0,0,0,0,-8.700000000000045,60372.0
L51568,L,28.850000000000023,36.650000000000034,90.0,1449.0,42.5,4.0,0,0,0,0,0,0,-7.800000000000011,61582.5
L53793,L,28.450000000000045,37.55000000000001,90.0,1463.0,44.1,61.0,0,0,0,0,0,0,-9.099999999999966,64518.3
L55342,L,26.450000000000045,37.85000000000002,90.0,1378.0,54.4,94.0,0,0,0,0,0,0,-11.399999999999977,74963.2
L49601,L,25.75,35.650000000000034,90.0,1517.0,36.0,174.0,0,0,0,0,0,0,-9.900000000000034,54612.0
L55893,L,24.05000000000001,35.450000000000045,90.0,1581.0,36.4,32.0,0,0,0,0,0,0,-11.400000000000034,57548.399999999994
L55728,L,25.350000000000023,36.25,90.0,1578.0,46.1,71.0,0,0,0,0,0,0,-10.899999999999977,72745.8
L54253,L,27.450000000000045,37.450000000000045,90.0,1448.0,39.9,123.0,0,0,0,0,0,0,-10.0,57775.2
L56332,L,24.450000000000045,35.450000000000045,90.0,1480.0,37.2,137.0,0,0,0,0,0,0,-11.0,55056.00000000001
L56616,L,24.850000000000023,35.450000000000045,90.0,1626.0,40.6,166.0,0,0,0,0,0,0,-10.600000000000023,66015.6
H38448,H,24.350000000000023,35.05000000000001,90.0,1585.0,46.2,37.0,0,0,0,0,0,0,-10.699999999999989,73227.0
L49273,L,26.25,36.05000000000001,90.0,1444.0,43.8,26.0,0,0,0,0,0,0,-9.800000000000011,63247.2
L52557,L,29.75,39.25,90.0,1550.0,37.3,192.0,0,0,0,0,0,0,-9.5,57814.99999999999
L53820,L,28.350000000000023,37.25,90.0,1494.0,37.3,166.0,0,0,0,0,0,0,-8.899999999999977,55726.2
L50146,L,27.450000000000045,36.25,90.0,1450.0,43.8,119.0,0,0,0,0,0,0,-8.799999999999955,63509.99999999999
M16201,M,25.650000000000034,36.75,90.0,1348.0,48.8,52.0,0,0,0,0,0,0,-11.099999999999966,65782.4
L48462,L,24.850000000000023,36.450000000000045,90.0,1435.0,48.4,112.0,0,0,0,0,0,0,-11.600000000000023,69454.0
M17058,M,26.55000000000001,35.75,90.0,1486.0,40.0,74.0,0,0,0,0,0,0,-9.199999999999989,59440.0
L51318,L,28.55000000000001,37.05000000000001,90.0,1452.0,39.4,111.0,0,0,0,0,0,0,-8.5,57208.799999999996
L56551,L,24.55000000000001,35.25,90.0,1488.0,41.3,96.0,0,0,0,0,0,0,-10.699999999999989,61454.399999999994
L51152,L,29.150000000000034,38.25,90.0,1511.0,40.6,75.0,0,0,0,0,0,0,-9.099999999999966,61346.6
L55706,L,25.25,36.150000000000034,90.0,1512.0,33.4,14.0,0,0,0,0,0,0,-10.900000000000034,50500.799999999996
L56587,L,24.650000000000034,35.35000000000002,90.0,1435.0,50.1,189.0,0,0,0,0,0,0,-10.699999999999989,71893.5
M23008,M,26.55000000000001,37.25,90.0,1403.0,45.1,168.0,0,0,0,0,0,0,-10.699999999999989,63275.3
M22418,M,27.150000000000034,38.150000000000034,90.0,1429.0,49.4,112.0,0,0,0,0,0,0,-11.0,70592.59999999999
L55386,L,26.05000000000001,37.650000000000034,90.0,1563.0,40.3,16.0,0,0,0,0,0,0,-11.600000000000023,62988.899999999994
L49205,L,25.55000000000001,35.450000000000045,90.0,1522.0,39.1,67.0,0,0,0,0,0,0,-9.900000000000034,59510.200000000004
H37936,H,25.450000000000045,36.25,90.0,1732.0,26.6,0.0,0,0,0,0,0,0,-10.799999999999955,46071.200000000004
L56176,L,24.05000000000001,34.75,90.0,1491.0,39.0,151.0,0,0,0,0,0,0,-10.699999999999989,58149.0
L50596,L,28.25,37.25,90.0,1336.0,53.7,142.0,0,0,0,0,0,0,-9.0,71743.2
L50676,L,28.75,37.75,90.0,1309.0,39.2,0.0,0,0,0,0,0,0,-9.0,51312.8
L50575,L,28.25,37.35000000000002,90.0,1470.0,39.7,85.0,0,0,0,0,0,0,-9.100000000000023,58359.00000000001
H31956,H,26.05000000000001,35.85000000000002,90.0,1712.0,26.4,95.0,0,0,0,0,0,0,-9.800000000000011,45196.799999999996
M23917,M,24.150000000000034,35.25,90.0,1686.0,29.9,97.0,0,0,0,0,0,0,-11.099999999999966,50411.399999999994
L47183,L,25.05000000000001,35.450000000000045,90.0,1487.0,39.5,7.0,0,0,0,0,0,0,-10.400000000000034,58736.5
L56283,L,24.150000000000034,35.05000000000001,90.0,1677.0,30.5,16.0,0,0,0,0,0,0,-10.899999999999977,51148.5
L54841,L,27.150000000000034,38.35000000000002,90.0,1467.0,43.4,53.0,0,0,0,0,0,0,-11.199999999999989,63667.799999999996
M18523,M,29.150000000000034,38.55000000000001,90.0,1442.0,41.7,160.0,0,0,0,0,0,0,-9.399999999999977,60131.4
L54960,L,27.150000000000034,38.450000000000045,90.0,1595.0,32.5,49.0,0,0,0,0,0,0,-11.300000000000011,51837.5
L47658,L,24.25,35.85000000000002,90.0,1469.0,43.9,92.0,0,0,0,0,0,0,-11.600000000000023,64489.1
L47926,L,23.650000000000034,34.950000000000045,90.0,1289.0,62.0,199.0,1,1,0,0,0,0,-11.300000000000011,79918.0
L48735,L,25.05000000000001,35.450000000000045,90.0,1351.0,58.2,27.0,0,0,0,0,0,0,-10.400000000000034,78628.2
L53273,L,27.850000000000023,37.650000000000034,90.0,1435.0,45.3,59.0,0,0,0,0,0,0,-9.800000000000011,65005.49999999999
L49450,L,26.150000000000034,35.450000000000045,90.0,1441.0,43.8,2.0,0,0,0,0,0,0,-9.300000000000011,63115.799999999996
L54212,L,27.450000000000045,37.35000000000002,90.0,1533.0,42.7,20.0,0,0,0,0,0,0,-9.899999999999977,65459.100000000006
L55678,L,25.25,36.35000000000002,90.0,1390.0,48.1,17.0,0,0,0,0,0,0,-11.100000000000023,66859.0
L49475,L,26.25,35.55000000000001,90.0,1496.0,40.6,98.0,0,0,0,0,0,0,-9.300000000000011,60737.6
L54560,L,26.650000000000034,36.85000000000002,90.0,1435.0,43.0,99.0,0,0,0,0,0,0,-10.199999999999989,61705.0
L55255,L,27.05000000000001,38.650000000000034,90.0,1366.0,43.0,117.0,0,0,0,0,0,0,-11.600000000000023,58738.0
H38545,H,24.450000000000045,35.450000000000045,90.0,1660.0,32.7,85.0,0,0,0,0,0,0,-11.0,54282.00000000001
L56016,L,24.25,35.75,90.0,1469.0,43.2,174.0,0,0,0,0,0,0,-11.5,63460.8
L53086,L,27.55000000000001,37.150000000000034,90.0,1448.0,45.8,198.0,0,0,0,0,0,0,-9.600000000000023,66318.4
L55336,L,26.450000000000045,37.650000000000034,90.0,1631.0,31.2,148.0,0,0,0,0,0,0,-11.199999999999989,50887.2
L50530,L,28.25,37.650000000000034,90.0,1680.0,29.5,162.0,0,0,0,0,0,0,-9.400000000000034,49560.0
L48706,L,24.950000000000045,35.55000000000001,90.0,1787.0,29.1,47.0,0,0,0,0,0,0,-10.599999999999966,52001.700000000004
L55483,L,25.55000000000001,36.950000000000045,90.0,1393.0,50.0,61.0,0,0,0,0,0,0,-11.400000000000034,69650.0
L52706,L,29.350000000000023,38.75,90.0,1491.0,42.9,143.0,0,0,0,0,0,0,-9.399999999999977,63963.9
M18055,M,26.850000000000023,36.75,90.0,1403.0,47.4,127.0,0,0,0,0,0,0,-9.899999999999977,66502.2
L54229,L,27.450000000000045,37.25,90.0,1521.0,37.8,20.0,0,0,0,0,0,0,-9.799999999999955,57493.799999999996
M21465,M,28.350000000000023,37.450000000000045,90.0,1691.0,30.1,33.0,0,0,0,0,0,0,-9.100000000000023,50899.100000000006
L47370,L,25.150000000000034,35.25,90.0,1479.0,36.1,83.0,0,0,0,0,0,0,-10.099999999999966,53391.9
L50583,L,28.25,37.25,90.0,1337.0,46.9,105.0,0,0,0,0,0,0,-9.0,62705.299999999996
L47525,L,24.450000000000045,35.150000000000034,90.0,1585.0,32.9,46.0,0,0,0,0,0,0,-10.699999999999989,52146.5
M15588,M,24.25,35.55000000000001,90.0,1435.0,51.1,168.0,0,0,0,0,0,0,-11.300000000000011,73328.5
L56091,L,24.150000000000034,35.35000000000002,90.0,1671.0,30.8,169.0,0,0,0,0,0,0,-11.199999999999989,51466.8
L56327,L,24.55000000000001,35.55000000000001,90.0,1393.0,55.3,125.0,0,0,0,0,0,0,-11.0,77032.9
L55073,L,27.75,39.55000000000001,90.0,1416.0,43.9,112.0,0,0,0,0,0,0,-11.800000000000011,62162.4
M17553,M,26.55000000000001,36.450000000000045,90.0,1471.0,43.0,49.0,0,0,0,0,0,0,-9.900000000000034,63253.0
L53141,L,27.150000000000034,37.55000000000001,90.0,1654.0,29.1,123.0,0,0,0,0,0,0,-10.399999999999977,48131.4
L53412,L,28.05000000000001,37.55000000000001,90.0,1476.0,37.4,151.0,0,0,0,0,0,0,-9.5,55202.4
L50852,L,29.150000000000034,38.35000000000002,90.0,1658.0,32.3,150.0,0,0,0,0,0,0,-9.199999999999989,53553.399999999994
L55271,L,27.05000000000001,38.450000000000045,90.0,1375.0,56.9,29.0,0,0,0,0,0,0,-11.400000000000034,78237.5
L53355,L,27.75,37.650000000000034,90.0,1517.0,51.3,59.0,0,0,0,0,0,0,-9.900000000000034,77822.09999999999
L55344,L,26.450000000000045,37.650000000000034,90.0,1448.0,43.9,135.0,0,0,0,0,0,0,-11.199999999999989,63567.2
M21068,M,27.850000000000023,37.450000000000045,90.0,1687.0,26.3,92.0,0,0,0,0,0,0,-9.600000000000023,44368.1
L53496,L,27.75,37.450000000000045,90.0,1540.0,36.3,7.0,0,0,0,0,0,0,-9.700000000000045,55901.99999999999
L51154,L,29.25,38.35000000000002,90.0,1505.0,42.3,79.0,0,0,0,0,0,0,-9.100000000000023,63661.49999999999
L56178,L,23.950000000000045,34.85000000000002,90.0,1567.0,37.7,169.0,0,0,0,0,0,0,-10.899999999999977,59075.9
M20419,M,29.950000000000045,39.150000000000034,90.0,1398.0,52.7,69.0,0,0,0,0,0,0,-9.199999999999989,73674.6
L53637,L,27.55000000000001,36.85000000000002,90.0,1387.0,48.0,85.0,0,0,0,0,0,0,-9.300000000000011,66576.0
L47427,L,24.850000000000023,34.950000000000045,90.0,1553.0,37.9,47.0,0,0,0,0,0,0,-10.100000000000023,58858.7
L56493,L,25.350000000000023,36.25,90.0,1356.0,45.0,148.0,0,0,0,0,0,0,-10.899999999999977,61020.0
L50611,L,28.450000000000045,37.55000000000001,90.0,1544.0,43.6,181.0,0,0,0,0,0,0,-9.099999999999966,67318.40000000001
M18131,M,28.25,36.85000000000002,90.0,1593.0,33.1,104.0,0,0,0,0,0,0,-8.600000000000023,52728.3
M20932,M,27.75,37.650000000000034,90.0,1452.0,45.4,188.0,0,0,0,0,0,0,-9.900000000000034,65920.8
M15540,M,24.650000000000034,35.950000000000045,90.0,1412.0,44.6,193.0,0,0,0,0,0,0,-11.300000000000011,62975.200000000004
L49181,L,25.25,35.05000000000001,90.0,1457.0,44.2,11.0,0,0,0,0,0,0,-9.800000000000011,64399.4
L53907,L,28.55000000000001,37.450000000000045,90.0,1557.0,34.1,120.0,0,0,0,0,0,0,-8.900000000000034,53093.700000000004
L54267,L,27.450000000000045,37.150000000000034,90.0,1648.0,30.5,217.0,0,0,0,0,0,0,-9.699999999999989,50264.0
L57070,L,25.650000000000034,36.35000000000002,90.0,1474.0,40.8,111.0,0,0,0,0,0,0,-10.699999999999989,60139.2
L53086,L,27.55000000000001,37.150000000000034,90.0,1533.0,35.6,127.0,0,0,0,0,0,0,-9.600000000000023,54574.8
L52997,L,29.150000000000034,38.55000000000001,90.0,1484.0,43.6,160.0,0,0,0,0,0,0,-9.399999999999977,64702.4
L53991,L,27.75,37.55000000000001,90.0,1704.0,28.6,148.0,0,0,0,0,0,0,-9.800000000000011,48734.4
H36656,H,26.75,36.950000000000045,90.0,1268.0,54.6,148.0,0,0,0,0,0,0,-10.200000000000045,69232.8
L55216,L,27.55000000000001,38.55000000000001,90.0,1476.0,47.3,13.0,0,0,0,0,0,0,-11.0,69814.8
H38493,H,24.25,35.25,90.0,1418.0,54.0,92.0,0,0,0,0,0,0,-11.0,76572.0
M21429,M,28.450000000000045,37.55000000000001,90.0,1559.0,34.0,95.0,0,0,0,0,0,0,-9.099999999999966,53006.0
M19066,M,29.150000000000034,37.650000000000034,90.0,1721.0,28.4,47.0,0,0,0,0,0,0,-8.5,48876.399999999994
L51822,L,30.05000000000001,38.25,90.0,1238.0,51.7,226.0,1,0,1,0,0,0,-8.199999999999989,64004.600000000006
L47887,L,24.55000000000001,35.75,90.0,1516.0,44.1,171.0,0,0,0,0,0,0,-11.199999999999989,66855.6
L54356,L,27.05000000000001,37.05000000000001,90.0,1515.0,41.6,19.0,0,0,0,0,0,0,-10.0,63024.0
L56101,L,23.950000000000045,34.950000000000045,90.0,1339.0,49.3,192.0,0,0,0,0,0,0,-11.0,66012.7
M16489,M,24.75,34.75,90.0,1355.0,54.4,82.0,0,0,0,0,0,0,-10.0,73712.0
L51529,L,28.75,36.55000000000001,90.0,1595.0,43.0,119.0,0,0,0,0,0,0,-7.800000000000011,68585.0
L54121,L,27.650000000000034,38.25,90.0,1578.0,33.5,43.0,0,0,0,0,0,0,-10.599999999999966,52863.0
M22352,M,27.150000000000034,38.35000000000002,90.0,1424.0,44.4,165.0,0,0,0,0,0,0,-11.199999999999989,63225.6
L48261,L,23.850000000000023,34.650000000000034,90.0,1521.0,36.7,192.0,0,0,0,0,0,0,-10.800000000000011,55820.700000000004
L53287,L,27.75,37.85000000000002,90.0,1395.0,48.7,61.0,0,0,0,0,0,0,-10.100000000000023,67936.5
L47810,L,25.150000000000034,36.85000000000002,90.0,1460.0,47.6,74.0,0,0,0,0,0,0,-11.699999999999989,69496.0
L50602,L,28.350000000000023,37.450000000000045,90.0,1629.0,34.1,94.0,0,0,0,0,0,0,-9.100000000000023,55548.9
M23275,M,25.55000000000001,36.75,90.0,1635.0,32.1,9.0,0,0,0,0,0,0,-11.199999999999989,52483.5
L49907,L,26.850000000000023,36.25,90.0,1786.0,23.7,155.0,0,0,0,0,0,0,-9.399999999999977,42328.2
L50778,L,28.55000000000001,37.35000000000002,90.0,1599.0,30.1,114.0,0,0,0,0,0,0,-8.800000000000011,48129.9
L56833,L,25.850000000000023,36.75,90.0,1577.0,37.5,201.0,0,0,0,0,0,0,-10.899999999999977,59137.5
M15967,M,23.55000000000001,34.35000000000002,90.0,1456.0,42.1,25.0,0,0,0,0,0,0,-10.800000000000011,61297.6
L51790,L,29.950000000000045,38.150000000000034,90.0,1409.0,56.2,11.0,0,0,0,0,0,0,-8.199999999999989,79185.8
H30402,H,24.850000000000023,35.85000000000002,90.0,1388.0,44.9,155.0,0,0,0,0,0,0,-11.0,62321.2
M23394,M,25.450000000000045,36.35000000000002,90.0,1404.0,46.3,33.0,0,0,0,0,0,0,-10.899999999999977,65005.2
L55365,L,26.55000000000001,37.950000000000045,90.0,1619.0,34.4,192.0,0,0,0,0,0,0,-11.400000000000034,55693.6
L49478,L,26.150000000000034,35.55000000000001,90.0,1483.0,45.7,0.0,0,0,0,0,0,0,-9.399999999999977,67773.1
L51956,L,30.350000000000023,39.05000000000001,90.0,1375.0,36.4,100.0,0,0,0,0,0,0,-8.699999999999989,50050.0
L50703,L,28.650000000000034,37.85000000000002,90.0,1521.0,35.9,197.0,0,0,0,0,0,0,-9.199999999999989,54603.9
L54618,L,26.850000000000023,38.35000000000002,90.0,1647.0,27.5,27.0,0,0,0,0,0,0,-11.5,45292.5
L49838,L,26.850000000000023,36.05000000000001,90.0,1695.0,30.8,181.0,0,0,0,0,0,0,-9.199999999999989,52206.0
L47416,L,24.950000000000045,35.150000000000034,90.0,1477.0,46.4,44.0,0,0,0,0,0,0,-10.199999999999989,68532.8
L50263,L,26.950000000000045,36.150000000000034,90.0,1714.0,32.1,141.0,0,0,0,0,0,0,-9.199999999999989,55019.4
L49451,L,26.05000000000001,35.55000000000001,90.0,1821.0,26.1,69.0,0,0,0,0,0,0,-9.5,47528.100000000006
H39207,H,25.350000000000023,36.150000000000034,90.0,1375.0,55.0,157.0,0,0,0,0,0,0,-10.800000000000011,75625.0
L51196,L,28.950000000000045,37.75,90.0,1658.0,30.3,200.0,0,0,0,0,0,0,-8.799999999999955,50237.4
M18594,M,29.05000000000001,38.05000000000001,90.0,1553.0,40.1,13.0,0,0,0,0,0,0,-9.0,62275.3
L55754,L,24.450000000000045,35.150000000000034,90.0,1578.0,33.1,132.0,0,0,0,0,0,0,-10.699999999999989,52231.8
L51518,L,28.450000000000045,36.75,90.0,1441.0,43.2,102.0,0,0,0,0,0,0,-8.299999999999955,62251.200000000004
L49327,L,26.25,35.75,90.0,1550.0,40.6,176.0,0,0,0,0,0,0,-9.5,62930.0
H39274,H,25.650000000000034,36.35000000000002,90.0,1609.0,31.6,187.0,0,0,0,0,0,0,-10.699999999999989,50844.4
M24672,M,25.05000000000001,35.950000000000045,90.0,1411.0,45.8,173.0,0,0,0,0,0,0,-10.900000000000034,64623.799999999996
L54103,L,28.05000000000001,38.55000000000001,90.0,1396.0,49.3,206.0,0,0,0,0,0,0,-10.5,68822.8
L47784,L,24.75,36.75,90.0,1507.0,41.5,76.0,0,0,0,0,0,0,-12.0,62540.5
L47264,L,25.850000000000023,35.85000000000002,90.0,1617.0,31.7,15.0,0,0,0,0,0,0,-10.0,51258.9
M24069,M,24.850000000000023,35.85000000000002,90.0,1393.0,43.5,168.0,0,0,0,0,0,0,-11.0,60595.5
L49863,L,26.75,36.35000000000002,90.0,1501.0,39.0,23.0,0,0,0,0,0,0,-9.600000000000023,58539.0
H37455,H,27.55000000000001,38.75,90.0,1465.0,41.4,25.0,0,0,0,0,0,0,-11.199999999999989,60651.0
M17713,M,27.350000000000023,36.150000000000034,90.0,1496.0,39.1,37.0,0,0,0,0,0,0,-8.800000000000011,58493.6
H37294,H,27.55000000000001,39.25,90.0,1457.0,47.5,74.0,0,0,0,0,0,0,-11.699999999999989,69207.5
L49293,L,26.350000000000023,35.950000000000045,90.0,1452.0,46.3,75.0,0,0,0,0,0,0,-9.600000000000023,67227.59999999999
L55027,L,26.850000000000023,38.25,90.0,1629.0,34.3,215.0,0,0,0,0,0,0,-11.399999999999977,55874.7
H39343,H,25.55000000000001,36.75,90.0,1558.0,34.4,65.0,0,0,0,0,0,0,-11.199999999999989,53595.2
L57139,L,25.25,34.950000000000045,90.0,1376.0,53.6,204.0,0,0,0,0,0,0,-9.700000000000045,73753.6
L47835,L,24.55000000000001,36.05000000000001,90.0,1435.0,43.7,139.0,0,0,0,0,0,0,-11.5,62709.50000000001
L49753,L,26.350000000000023,36.05000000000001,90.0,1565.0,35.7,175.0,0,0,0,0,0,0,-9.699999999999989,55870.50000000001
L53379,L,27.950000000000045,37.75,90.0,1497.0,43.2,188.0,0,0,0,0,0,0,-9.799999999999955,64670.4
L54649,L,27.150000000000034,38.450000000000045,90.0,1750.0,27.0,170.0,0,0,0,0,0,0,-11.300000000000011,47250.0
L51268,L,28.75,37.35000000000002,90.0,1376.0,43.4,126.0,0,0,0,0,0,0,-8.600000000000023,59718.4
M20195,M,30.25,39.55000000000001,90.0,1515.0,34.9,78.0,0,0,0,0,0,0,-9.300000000000011,52873.5
L57174,L,25.350000000000023,35.150000000000034,90.0,1634.0,27.9,12.0,0,0,0,0,0,0,-9.800000000000011,45588.6
L49863,L,26.650000000000034,36.35000000000002,90.0,1394.0,28.5,23.0,0,0,0,0,0,0,-9.699999999999989,39729.0
L53886,L,28.25,37.450000000000045,90.0,1608.0,39.0,70.0,0,0,0,0,0,0,-9.200000000000045,62712.0
L51572,L,29.05000000000001,36.950000000000045,90.0,1629.0,35.3,73.0,0,0,0,0,0,0,-7.900000000000034,57503.7
M17232,M,26.05000000000001,35.35000000000002,90.0,1404.0,49.4,93.0,0,0,0,0,0,0,-9.300000000000011,69357.59999999999
L50054,L,27.350000000000023,36.35000000000002,90.0,1603.0,33.3,142.0,0,0,0,0,0,0,-9.0,53379.899999999994
L56898,L,25.75,36.85000000000002,90.0,1517.0,36.6,117.0,0,0,0,0,0,0,-11.100000000000023,55522.200000000004
M18098,M,27.650000000000034,36.25,90.0,1457.0,44.4,119.0,0,0,0,0,0,0,-8.599999999999966,64690.799999999996
L51197,L,29.150000000000034,37.75,90.0,1488.0,41.4,188.0,0,0,0,0,0,0,-8.599999999999966,61603.2
L55277,L,27.150000000000034,38.55000000000001,90.0,1452.0,33.2,172.0,0,0,0,0,0,0,-11.399999999999977,48206.4
M24814,M,24.950000000000045,35.450000000000045,90.0,1446.0,42.8,139.0,0,0,0,0,0,0,-10.5,61888.799999999996
L55606,L,25.850000000000023,37.05000000000001,90.0,1479.0,46.6,170.0,0,0,0,0,0,0,-11.199999999999989,68921.40000000001
L55219,L,27.650000000000034,38.75,90.0,1408.0,44.6,21.0,0,0,0,0,0,0,-11.099999999999966,62796.8
H37370,H,27.75,38.75,90.0,1329.0,54.5,38.0,0,0,0,0,0,0,-11.0,72430.5
M18333,M,28.650000000000034,37.650000000000034,90.0,1634.0,33.1,62.0,0,0,0,0,0,0,-9.0,54085.4
L55906,L,24.05000000000001,35.55000000000001,90.0,1562.0,33.0,141.0,0,0,0,0,0,0,-11.5,51546.0
L54209,L,27.55000000000001,37.450000000000045,90.0,1420.0,46.6,121.0,0,0,0,0,0,0,-9.900000000000034,66172.0
L53128,L,27.55000000000001,37.650000000000034,90.0,1539.0,39.7,119.0,0,0,0,0,0,0,-10.100000000000023,61098.3
H30945,H,24.950000000000045,35.85000000000002,90.0,1438.0,45.2,127.0,0,0,0,0,0,0,-10.899999999999977,64997.600000000006
L56102,L,23.950000000000045,34.85000000000002,90.0,1566.0,35.8,198.0,0,0,0,0,0,0,-10.899999999999977,56062.799999999996
L49179,L,25.850000000000023,35.650000000000034,90.0,1500.0,27.1,175.0,0,0,0,0,0,0,-9.800000000000011,40650.0
L54752,L,27.25,37.950000000000045,90.0,1412.0,49.5,186.0,0,0,0,0,0,0,-10.700000000000045,69894.0
M17863,M,27.450000000000045,36.75,90.0,1601.0,42.4,169.0,0,0,0,0,0,0,-9.299999999999955,67882.4
L48309,L,23.55000000000001,34.75,90.0,1511.0,45.7,192.0,0,0,0,0,0,0,-11.199999999999989,69052.7
M22229,M,26.450000000000045,37.05000000000001,90.0,1331.0,49.5,73.0,0,0,0,0,0,0,-10.599999999999966,65884.5
L51850,L,30.05000000000001,38.05000000000001,90.0,1487.0,36.2,63.0,0,0,0,0,0,0,-8.0,53829.4
L54140,L,27.55000000000001,37.85000000000002,90.0,1413.0,52.0,91.0,0,0,0,0,0,0,-10.300000000000011,73476.0
L48815,L,24.650000000000034,34.650000000000034,90.0,1406.0,47.5,140.0,0,0,0,0,0,0,-10.0,66785.0
L56777,L,25.75,36.950000000000045,90.0,1749.0,25.4,54.0,0,0,0,0,0,0,-11.200000000000045,44424.6
L54014,L,27.950000000000045,37.85000000000002,90.0,1378.0,47.2,190.0,0,0,0,0,0,0,-9.899999999999977,65041.600000000006
L56443,L,25.05000000000001,35.85000000000002,90.0,1496.0,38.9,19.0,0,0,0,0,0,0,-10.800000000000011,58194.4
M17785,M,27.450000000000045,36.55000000000001,90.0,1568.0,34.1,160.0,0,0,0,0,0,0,-9.099999999999966,53468.8
L49978,L,27.150000000000034,36.450000000000045,90.0,1550.0,33.3,100.0,0,0,0,0,0,0,-9.300000000000011,51614.99999999999
L50162,L,27.25,36.35000000000002,90.0,1466.0,49.7,62.0,0,0,0,0,0,0,-9.100000000000023,72860.2
L47181,L,24.950000000000045,35.55000000000001,90.0,1404.0,49.5,0.0,0,0,0,0,0,0,-10.599999999999966,69498.0
L54666,L,27.150000000000034,38.55000000000001,90.0,1419.0,45.5,39.0,0,0,0,0,0,0,-11.399999999999977,64564.5
M16360,M,24.850000000000023,35.55000000000001,90.0,1502.0,39.3,199.0,0,0,0,0,0,0,-10.699999999999989,59028.6
L55331,L,26.350000000000023,37.55000000000001,90.0,1472.0,33.4,104.0,0,0,0,0,0,0,-11.199999999999989,49164.799999999996
L55014,L,26.850000000000023,38.25,90.0,1491.0,45.4,197.0,0,0,0,0,0,0,-11.399999999999977,67691.4
L55174,L,27.850000000000023,38.950000000000045,90.0,1806.0,22.6,136.0,0,0,0,0,0,0,-11.100000000000023,40815.600000000006
L52967,L,28.55000000000001,38.150000000000034,90.0,1733.0,26.7,132.0,0,0,0,0,0,0,-9.600000000000023,46271.1
M15808,M,22.450000000000045,33.05000000000001,90.0,1407.0,48.9,5.0,0,0,0,0,0,0,-10.599999999999966,68802.3
L50602,L,28.350000000000023,37.25,90.0,1618.0,37.6,13.0,0,0,0,0,0,0,-8.899999999999977,60836.8
L48226,L,23.350000000000023,34.450000000000045,90.0,1550.0,38.4,72.0,0,0,0,0,0,0,-11.100000000000023,59520.0
L56634,L,25.25,36.05000000000001,90.0,1562.0,35.4,110.0,0,0,0,0,0,0,-10.800000000000011,55294.799999999996
M19052,M,29.150000000000034,36.950000000000045,90.0,1445.0,43.5,186.0,0,0,0,0,0,0,-7.800000000000011,62857.5
L54345,L,27.05000000000001,36.950000000000045,90.0,1392.0,45.9,89.0,0,0,0,0,0,0,-9.900000000000034,63892.799999999996
L47184,L,25.05000000000001,35.55000000000001,90.0,1402.0,50.7,7.0,0,0,0,0,0,0,-10.5,71081.40000000001
L51112,L,29.450000000000045,38.450000000000045,90.0,1445.0,46.4,180.0,0,0,0,0,0,0,-9.0,67048.0
L49659,L,25.75,35.55000000000001,90.0,1402.0,47.7,159.0,0,0,0,0,0,0,-9.800000000000011,66875.40000000001
L56304,L,24.25,35.25,90.0,1568.0,42.4,121.0,0,0,0,0,0,0,-11.0,66483.2
M17279,M,25.75,35.650000000000034,90.0,1327.0,52.9,92.0,0,0,0,0,0,0,-9.900000000000034,70198.3
L57144,L,25.150000000000034,34.75,90.0,1609.0,32.6,145.0,0,0,0,0,0,0,-9.599999999999966,52453.4
M21192,M,27.350000000000023,36.75,90.0,1392.0,51.4,54.0,0,0,0,0,0,0,-9.399999999999977,71548.8
L53942,L,28.25,37.650000000000034,90.0,1362.0,53.2,9.0,0,0,0,0,0,0,-9.400000000000034,72458.40000000001
L54101,L,27.55000000000001,38.450000000000045,90.0,1432.0,49.1,202.0,0,0,0,0,0,0,-10.900000000000034,70311.2
L55903,L,24.05000000000001,35.55000000000001,90.0,1481.0,44.7,124.0,0,0,0,0,0,0,-11.5,66200.7
L56602,L,24.950000000000045,35.05000000000001,90.0,1665.0,29.6,20.0,0,0,0,0,0,0,-10.099999999999966,49284.0
M16299,M,25.650000000000034,36.75,90.0,1534.0,37.0,47.0,0,0,0,0,0,0,-11.099999999999966,56758.0
L50410,L,27.450000000000045,36.25,90.0,1375.0,52.1,98.0,0,0,0,0,0,0,-8.799999999999955,71637.5
L54077,L,27.850000000000023,37.950000000000045,90.0,1460.0,41.0,162.0,0,0,0,0,0,0,-10.100000000000023,59860.0
L52877,L,29.25,38.650000000000034,90.0,1439.0,43.2,117.0,0,0,0,0,0,0,-9.400000000000034,62164.8
L52008,L,30.350000000000023,38.75,90.0,1468.0,39.2,24.0,0,0,0,0,0,0,-8.399999999999977,57545.600000000006
L53407,L,28.05000000000001,37.55000000000001,90.0,1621.0,38.2,202.0,0,0,0,0,0,0,-9.5,61922.200000000004
M23706,M,24.05000000000001,35.650000000000034,90.0,1384.0,50.1,204.0,0,0,0,0,0,0,-11.600000000000023,69338.40000000001
L55333,L,26.450000000000045,37.650000000000034,90.0,1605.0,37.0,5.0,0,0,0,0,0,0,-11.199999999999989,59385.0
M17084,M,26.55000000000001,35.85000000000002,90.0,1429.0,43.9,155.0,0,0,0,0,0,0,-9.300000000000011,62733.1
L54443,L,27.25,37.450000000000045,90.0,1580.0,46.9,188.0,0,0,0,0,0,0,-10.200000000000045,74102.0
L51168,L,29.05000000000001,38.150000000000034,90.0,1471.0,47.0,66.0,0,0,0,0,0,0,-9.100000000000023,69137.0
L53971,L,28.05000000000001,37.55000000000001,90.0,1551.0,27.3,82.0,0,0,0,0,0,0,-9.5,42342.3
M16590,M,25.150000000000034,34.650000000000034,90.0,1592.0,33.2,98.0,0,0,0,0,0,0,-9.5,52854.4
M24765,M,25.150000000000034,35.950000000000045,90.0,1367.0,49.5,200.0,0,0,0,0,0,0,-10.800000000000011,67666.5
L56142,L,24.150000000000034,34.75,90.0,1426.0,48.0,199.0,0,0,0,0,0,0,-10.599999999999966,68448.0
L48685,L,24.850000000000023,35.55000000000001,90.0,1626.0,36.7,193.0,0,0,0,0,0,0,-10.699999999999989,59674.200000000004
L51542,L,28.950000000000045,36.950000000000045,90.0,1551.0,36.9,164.0,0,0,0,0,0,0,-8.0,57231.899999999994
M20553,M,29.25,38.650000000000034,90.0,1453.0,42.1,18.0,0,0,0,0,0,0,-9.400000000000034,61171.3
L50376,L,26.850000000000023,35.950000000000045,90.0,1474.0,40.9,7.0,0,0,0,0,0,0,-9.100000000000023,60286.6
M19407,M,29.25,37.25,90.0,1551.0,34.1,199.0,0,0,0,0,0,0,-8.0,52889.100000000006
L55863,L,24.05000000000001,35.450000000000045,90.0,1480.0,47.5,188.0,0,0,0,0,0,0,-11.400000000000034,70300.0
L55281,L,27.150000000000034,38.55000000000001,90.0,1567.0,37.7,180.0,0,0,0,0,0,0,-11.399999999999977,59075.9
L57125,L,24.950000000000045,34.650000000000034,90.0,1459.0,44.1,117.0,0,0,0,0,0,0,-9.699999999999989,64341.9
M17553,M,26.950000000000045,36.35000000000002,90.0,1634.0,31.1,104.0,0,0,0,0,0,0,-9.399999999999977,50817.4
L53132,L,27.55000000000001,37.75,90.0,1498.0,38.2,102.0,0,0,0,0,0,0,-10.199999999999989,57223.600000000006
L56293,L,24.350000000000023,35.450000000000045,90.0,1744.0,28.5,42.0,0,0,0,0,0,0,-11.100000000000023,49704.0
M24687,M,25.75,36.150000000000034,90.0,1418.0,46.5,24.0,0,0,0,0,0,0,-10.400000000000034,65937.0
M22881,M,27.850000000000023,38.85000000000002,90.0,1459.0,42.0,54.0,0,0,0,0,0,0,-11.0,61278.0
L55964,L,24.350000000000023,35.450000000000045,90.0,1443.0,49.9,37.0,0,0,0,0,0,0,-11.100000000000023,72005.7
L49571,L,26.05000000000001,35.25,90.0,1418.0,42.6,142.0,0,0,0,0,0,0,-9.199999999999989,60406.8
L56911,L,25.650000000000034,36.85000000000002,90.0,1389.0,46.7,149.0,0,0,0,0,0,0,-11.199999999999989,64866.3
L55843,L,24.350000000000023,35.450000000000045,90.0,1470.0,36.9,128.0,0,0,0,0,0,0,-11.100000000000023,54243.0
H31666,H,26.25,35.450000000000045,90.0,1416.0,49.8,67.0,0,0,0,0,0,0,-9.200000000000045,70516.8
L49597,L,25.75,35.150000000000034,90.0,1429.0,36.6,15.0,0,0,0,0,0,0,-9.400000000000034,52301.4
L57006,L,25.25,35.950000000000045,90.0,1435.0,44.3,196.0,0,0,0,0,0,0,-10.700000000000045,63570.49999999999
L49694,L,25.850000000000023,35.450000000000045,90.0,1417.0,50.3,27.0,0,0,0,0,0,0,-9.600000000000023,71275.09999999999
L49385,L,26.75,36.05000000000001,90.0,1469.0,44.7,146.0,0,0,0,0,0,0,-9.300000000000011,65664.3
L54264,L,27.450000000000045,37.150000000000034,90.0,1601.0,33.0,211.0,0,0,0,0,0,0,-9.699999999999989,52833.0
L56298,L,24.450000000000045,35.25,90.0,1547.0,37.7,63.0,0,0,0,0,0,0,-10.799999999999955,58321.9
M22337,M,27.05000000000001,38.150000000000034,90.0,1370.0,59.5,191.0,0,0,0,0,0,0,-11.100000000000023,81515.0
L56839,L,26.150000000000034,37.25,90.0,1465.0,42.0,0.0,0,0,0,0,0,0,-11.099999999999966,61530.0
L52823,L,29.350000000000023,38.85000000000002,90.0,1687.0,42.0,188.0,0,0,0,0,0,0,-9.5,70854.0
L48708,L,24.950000000000045,35.85000000000002,90.0,1544.0,35.9,45.0,0,0,0,0,0,0,-10.899999999999977,55429.6
M21485,M,28.350000000000023,37.55000000000001,90.0,1694.0,29.3,149.0,0,0,0,0,0,0,-9.199999999999989,49634.200000000004
M20588,M,29.25,38.75,90.0,1420.0,46.4,194.0,0,0,0,0,0,0,-9.5,65888.0
L54167,L,27.55000000000001,37.950000000000045,90.0,1426.0,40.7,163.0,0,0,0,0,0,0,-10.400000000000034,58038.200000000004
M22350,M,27.25,38.650000000000034,90.0,1707.0,48.6,20.0,0,0,0,0,0,0,-11.400000000000034,82960.2
L50072,L,27.55000000000001,36.450000000000045,90.0,1431.0,40.6,80.0,0,0,0,0,0,0,-8.900000000000034,58098.6
M20069,M,31.05000000000001,40.35000000000002,90.0,1589.0,36.6,155.0,0,0,0,0,0,0,-9.300000000000011,58157.4
L49114,L,24.950000000000045,34.650000000000034,90.0,1449.0,49.8,87.0,0,0,0,0,0,0,-9.699999999999989,72160.2
L50792,L,28.55000000000001,37.650000000000034,90.0,1322.0,56.7,33.0,0,0,0,0,0,0,-9.100000000000023,74957.40000000001
L47996,L,25.05000000000001,34.450000000000045,90.0,1550.0,36.0,138.0,0,0,0,0,0,0,-9.400000000000034,55800.0
H38191,H,24.25,35.450000000000045,90.0,1469.0,41.4,48.0,0,0,0,0,0,0,-11.200000000000045,60816.6
L51281,L,28.75,37.25,90.0,1353.0,46.4,119.0,1,0,1,0,0,0,-8.5,62779.2
L53866,L,28.55000000000001,37.85000000000002,90.0,1523.0,44.1,126.0,0,0,0,0,0,0,-9.300000000000011,67164.3
M15237,M,24.25,35.05000000000001,90.0,1537.0,39.2,74.0,0,0,0,0,0,0,-10.800000000000011,60250.4
M24244,M,24.450000000000045,34.950000000000045,90.0,1379.0,34.6,175.0,0,0,0,0,0,0,-10.5,47713.4
L54603,L,26.950000000000045,38.150000000000034,90.0,1657.0,31.6,12.0,0,0,0,0,0,0,-11.199999999999989,52361.200000000004
L56261,L,24.150000000000034,34.85000000000002,90.0,1652.0,29.0,137.0,0,0,0,0,0,0,-10.699999999999989,47908.0
M17455,M,25.650000000000034,35.450000000000045,90.0,1486.0,46.4,76.0,0,0,0,0,0,0,-9.800000000000011,68950.4
L48969,L,25.05000000000001,34.75,90.0,1446.0,43.7,148.0,0,0,0,0,0,0,-9.699999999999989,63190.200000000004
L50872,L,29.05000000000001,38.35000000000002,90.0,1362.0,50.3,31.0,0,0,0,0,0,0,-9.300000000000011,68508.59999999999
H39180,H,25.450000000000045,36.650000000000034,90.0,1663.0,29.6,28.0,0,0,0,0,0,0,-11.199999999999989,49224.8
L50351,L,27.25,36.450000000000045,90.0,1568.0,36.0,170.0,0,0,0,0,0,0,-9.200000000000045,56448.0
L49454,L,26.150000000000034,35.450000000000045,90.0,1436.0,36.1,76.0,0,0,0,0,0,0,-9.300000000000011,51839.6
M22551,M,27.350000000000023,38.450000000000045,90.0,1517.0,33.0,7.0,0,0,0,0,0,0,-11.100000000000023,50061.0
L49078,L,24.650000000000034,34.25,90.0,1588.0,29.1,94.0,0,0,0,0,0,0,-9.599999999999966,46210.8
L55845,L,24.450000000000045,35.55000000000001,90.0,1611.0,32.7,9.0,0,0,0,0,0,0,-11.099999999999966,52679.700000000004
L47783,L,24.75,36.450000000000045,90.0,1513.0,40.0,29.0,0,0,0,0,0,0,-11.700000000000045,60520.0
M24672,M,25.150000000000034,35.950000000000045,90.0,1500.0,42.7,157.0,0,0,0,0,0,0,-10.800000000000011,64050.00000000001
L48750,L,25.05000000000001,35.25,90.0,1427.0,43.5,158.0,0,0,0,0,0,0,-10.199999999999989,62074.5
L56822,L,25.850000000000023,36.85000000000002,90.0,1373.0,52.6,5.0,0,0,0,0,0,0,-11.0,72219.8
L49550,L,26.05000000000001,35.35000000000002,90.0,1450.0,46.4,44.0,0,0,0,0,0,0,-9.300000000000011,67280.0
L55269,L,27.05000000000001,38.450000000000045,90.0,1697.0,30.3,197.0,0,0,0,0,0,0,-11.400000000000034,51419.1
L53066,L,28.25,37.950000000000045,90.0,1494.0,52.1,135.0,0,0,0,0,0,0,-9.700000000000045,77837.40000000001
L54367,L,27.25,37.35000000000002,90.0,1529.0,42.0,0.0,0,0,0,0,0,0,-10.100000000000023,64218.0
L50203,L,27.25,36.35000000000002,90.0,1559.0,29.2,24.0,0,0,0,0,0,0,-9.100000000000023,45522.799999999996
L55304,L,27.05000000000001,38.25,90.0,1553.0,38.0,146.0,0,0,0,0,0,0,-11.199999999999989,59014.0
L49782,L,26.25,36.05000000000001,90.0,1488.0,43.8,95.0,0,0,0,0,0,0,-9.800000000000011,65174.399999999994
M17123,M,26.150000000000034,35.25,90.0,1488.0,41.5,50.0,0,0,0,0,0,0,-9.099999999999966,61752.0
L53038,L,28.05000000000001,37.85000000000002,90.0,1486.0,41.7,96.0,0,0,0,0,0,0,-9.800000000000011,61966.200000000004
M18128,M,28.150000000000034,36.950000000000045,90.0,1525.0,41.6,148.0,0,0,0,0,0,0,-8.800000000000011,63440.0
L47663,L,24.25,35.85000000000002,90.0,1542.0,40.2,114.0,0,0,0,0,0,0,-11.600000000000023,61988.4
L49202,L,25.55000000000001,35.35000000000002,90.0,1573.0,36.3,60.0,0,0,0,0,0,0,-9.800000000000011,57099.899999999994
H37110,H,27.450000000000045,38.35000000000002,90.0,1815.0,24.2,14.0,0,0,0,0,0,0,-10.899999999999977,43923.0
L53356,L,27.950000000000045,37.950000000000045,90.0,1382.0,53.2,8.0,0,0,0,0,0,0,-10.0,73522.40000000001
L51033,L,29.150000000000034,37.75,90.0,1450.0,40.0,192.0,0,0,0,0,0,0,-8.599999999999966,58000.0
L54091,L,27.650000000000034,38.05000000000001,90.0,1480.0,41.1,176.0,0,0,0,0,0,0,-10.399999999999977,60828.0
L48805,L,24.75,34.650000000000034,90.0,1693.0,34.9,73.0,0,0,0,0,0,0,-9.900000000000034,59085.7
L56636,L,25.05000000000001,35.85000000000002,90.0,1385.0,52.6,125.0,0,0,0,0,0,0,-10.800000000000011,72851.0
L55073,L,27.75,39.55000000000001,90.0,1416.0,37.7,112.0,0,0,0,0,0,0,-11.800000000000011,53383.200000000004
L53891,L,28.350000000000023,37.450000000000045,90.0,1420.0,46.2,104.0,0,0,0,0,0,0,-9.100000000000023,65604.0
L47916,L,23.75,35.150000000000034,90.0,1424.0,50.7,135.0,0,0,0,0,0,0,-11.400000000000034,72196.8
L48527,L,25.55000000000001,37.05000000000001,90.0,1348.0,58.5,26.0,0,0,0,0,0,0,-11.5,78858.0
L55962,L,24.350000000000023,35.55000000000001,90.0,1456.0,31.0,29.0,0,0,0,0,0,0,-11.199999999999989,45136.0
L56672,L,25.950000000000045,36.75,90.0,1586.0,34.0,215.0,0,0,0,0,0,0,-10.799999999999955,53924.0
L49392,L,26.450000000000045,35.950000000000045,90.0,1468.0,40.0,0.0,0,0,0,0,0,0,-9.5,58720.0
L54118,L,27.55000000000001,38.05000000000001,90.0,1469.0,44.4,0.0,0,0,0,0,0,0,-10.5,65223.6
L54471,L,27.150000000000034,37.450000000000045,90.0,1416.0,46.7,90.0,0,0,0,0,0,0,-10.300000000000011,66127.2
M24510,M,25.850000000000023,36.950000000000045,90.0,1387.0,48.0,179.0,0,0,0,0,0,0,-11.100000000000023,66576.0
M24535,M,25.950000000000045,36.950000000000045,90.0,1298.0,57.2,10.0,0,0,0,0,0,0,-11.0,74245.6
L49907,L,26.55000000000001,36.150000000000034,90.0,1385.0,38.5,127.0,0,0,0,0,0,0,-9.600000000000023,53322.5
L54773,L,27.350000000000023,38.05000000000001,90.0,1379.0,47.0,205.0,0,0,0,0,0,0,-10.699999999999989,64813.0
L48395,L,23.75,34.75,90.0,1567.0,35.8,118.0,0,0,0,0,0,0,-11.0,56098.6
L55076,L,27.650000000000034,39.450000000000045,90.0,1418.0,44.8,160.0,0,0,0,0,0,0,-11.800000000000011,63526.399999999994
M24788,M,25.25,35.55000000000001,90.0,1481.0,47.3,155.0,0,0,0,0,0,0,-10.300000000000011,70051.3
L56231,L,24.25,35.450000000000045,90.0,1366.0,54.7,0.0,0,0,0,0,0,0,-11.200000000000045,74720.2
L55897,L,24.25,35.55000000000001,90.0,1451.0,46.5,80.0,0,0,0,0,0,0,-11.300000000000011,67471.5
M23705,M,24.25,35.75,90.0,1634.0,33.3,205.0,0,0,0,0,0,0,-11.5,54412.2
L56318,L,24.450000000000045,35.450000000000045,90.0,1651.0,30.0,0.0,0,0,0,0,0,0,-11.0,49530.0
L48864,L,24.650000000000034,34.150000000000034,90.0,1706.0,44.5,56.0,0,0,0,0,0,0,-9.5,75917.0
L56314,L,24.55000000000001,35.450000000000045,90.0,1456.0,48.7,95.0,0,0,0,0,0,0,-10.900000000000034,70907.2
M22262,M,26.650000000000034,37.650000000000034,90.0,1477.0,48.9,156.0,0,0,0,0,0,0,-11.0,72225.3
L49372,L,26.450000000000045,35.85000000000002,90.0,1628.0,33.6,72.0,0,0,0,0,0,0,-9.399999999999977,54700.8
L56691,L,25.950000000000045,36.950000000000045,90.0,1487.0,45.6,40.0,0,0,0,0,0,0,-11.0,67807.2
L48051,L,22.650000000000034,33.25,90.0,1438.0,53.2,67.0,0,0,0,0,0,0,-10.599999999999966,76501.6
L50194,L,27.55000000000001,36.450000000000045,90.0,1663.0,32.7,194.0,0,0,0,0,0,0,-8.900000000000034,54380.100000000006
L48751,L,25.150000000000034,35.25,90.0,1627.0,31.4,160.0,0,0,0,0,0,0,-10.099999999999966,51087.799999999996
M19098,M,29.150000000000034,37.85000000000002,90.0,1384.0,55.8,72.0,1,0,1,0,0,0,-8.699999999999989,77227.2
L53441,L,27.55000000000001,37.450000000000045,90.0,1624.0,32.1,2.0,0,0,0,0,0,0,-9.900000000000034,52130.4
L53528,L,27.05000000000001,36.55000000000001,90.0,1557.0,36.7,19.0,0,0,0,0,0,0,-9.5,57141.9
L47988,L,24.450000000000045,35.650000000000034,90.0,1568.0,37.1,98.0,0,0,0,0,0,0,-11.199999999999989,58172.8
L56941,L,25.350000000000023,36.55000000000001,90.0,1378.0,47.9,5.0,0,0,0,0,0,0,-11.199999999999989,66006.2
M21565,M,28.350000000000023,37.35000000000002,90.0,1382.0,57.8,67.0,0,0,0,0,0,0,-9.0,79879.59999999999
L54044,L,27.850000000000023,38.150000000000034,90.0,1472.0,39.2,17.0,0,0,0,0,0,0,-10.300000000000011,57702.4
L53531,L,27.05000000000001,36.55000000000001,90.0,1490.0,37.4,30.0,0,0,0,0,0,0,-9.5,55726.0
M24800,M,24.950000000000045,34.950000000000045,90.0,1427.0,53.9,57.0,0,0,0,0,0,0,-10.0,76915.3
L49870,L,26.650000000000034,36.35000000000002,90.0,1420.0,45.1,37.0,0,0,0,0,0,0,-9.699999999999989,64042.0
L54272,L,27.55000000000001,37.05000000000001,90.0,1486.0,35.9,10.0,0,0,0,0,0,0,-9.5,53347.4
L47370,L,25.05000000000001,35.25,90.0,1677.0,33.6,72.0,0,0,0,0,0,0,-10.199999999999989,56347.200000000004
M17967,M,26.650000000000034,35.950000000000045,90.0,1456.0,49.1,209.0,0,0,0,0,0,0,-9.300000000000011,71489.6
L51983,L,30.450000000000045,39.35000000000002,90.0,1483.0,37.6,180.0,0,0,0,0,0,0,-8.899999999999977,55760.8
M23953,M,24.05000000000001,35.150000000000034,90.0,1422.0,46.3,0.0,0,0,0,0,0,0,-11.100000000000023,65838.59999999999
L48363,L,24.150000000000034,35.25,90.0,1513.0,44.5,25.0,0,0,0,0,0,0,-11.099999999999966,67328.5
L54338,L,27.05000000000001,36.85000000000002,90.0,1445.0,40.6,184.0,0,0,0,0,0,0,-9.800000000000011,58667.0
M16792,M,25.05000000000001,34.650000000000034,90.0,1577.0,35.5,31.0,0,0,0,0,0,0,-9.600000000000023,55983.5
L50446,L,28.150000000000034,36.950000000000045,90.0,1570.0,41.8,195.0,0,0,0,0,0,0,-8.800000000000011,65626.0
L50501,L,28.25,37.55000000000001,90.0,1394.0,44.4,106.0,0,0,0,0,0,0,-9.300000000000011,61893.6
H32814,H,28.450000000000045,37.450000000000045,90.0,1447.0,40.3,131.0,0,0,0,0,0,0,-9.0,58314.1
L55232,L,27.350000000000023,38.450000000000045,90.0,1565.0,37.2,54.0,0,0,0,0,0,0,-11.100000000000023,58218.00000000001
L48365,L,24.150000000000034,35.25,90.0,1656.0,31.8,29.0,0,0,0,0,0,0,-11.099999999999966,52660.8
L54237,L,27.650000000000034,37.450000000000045,90.0,1666.0,39.0,16.0,0,0,0,0,0,0,-9.800000000000011,64974.0
M17095,M,26.25,35.450000000000045,90.0,1680.0,30.3,156.0,0,0,0,0,0,0,-9.200000000000045,50904.0
L47583,L,24.150000000000034,35.450000000000045,90.0,1273.0,59.8,76.0,0,0,0,0,0,0,-11.300000000000011,76125.4
L49216,L,25.850000000000023,35.55000000000001,90.0,1402.0,46.7,96.0,0,0,0,0,0,0,-9.699999999999989,65473.4
L56746,L,26.350000000000023,37.75,90.0,1353.0,53.0,179.0,0,0,0,0,0,0,-11.399999999999977,71709.0
H33506,H,28.850000000000023,37.35000000000002,90.0,1812.0,32.4,139.0,0,0,0,0,0,0,-8.5,58708.799999999996
L48078,L,22.450000000000045,33.05000000000001,90.0,1593.0,34.6,133.0,0,0,0,0,0,0,-10.599999999999966,55117.8
M18953,M,28.850000000000023,37.450000000000045,90.0,1653.0,27.3,82.0,0,0,0,0,0,0,-8.600000000000023,45126.9
L52184,L,30.650000000000034,39.650000000000034,90.0,1364.0,46.3,9.0,0,0,0,0,0,0,-9.0,63153.2
H39410,H,25.350000000000023,35.25,90.0,1439.0,44.7,17.0,0,0,0,0,0,0,-9.899999999999977,64323.3
L54131,L,27.650000000000034,38.150000000000034,90.0,1754.0,26.9,108.0,0,0,0,0,0,0,-10.5,47182.6
M22229,M,26.450000000000045,36.950000000000045,90.0,1404.0,47.6,73.0,0,0,0,0,0,0,-10.5,66830.40000000001
L53445,L,27.650000000000034,37.150000000000034,90.0,1525.0,46.6,27.0,0,0,0,0,0,0,-9.5,71065.0
L56533,L,25.150000000000034,35.75,90.0,1422.0,47.1,116.0,0,0,0,0,0,0,-10.599999999999966,66976.2
M18451,M,28.55000000000001,37.35000000000002,90.0,1609.0,35.9,192.0,0,0,0,0,0,0,-8.800000000000011,57763.1
L54690,L,27.350000000000023,38.75,90.0,1642.0,31.0,214.0,0,0,0,0,0,0,-11.399999999999977,50902.0
L53856,L,28.350000000000023,37.55000000000001,90.0,1444.0,44.7,222.0,0,0,0,0,0,0,-9.199999999999989,64546.8
L51280,L,28.850000000000023,37.450000000000045,90.0,1548.0,34.4,24.0,0,0,0,0,0,0,-8.600000000000023,53251.2
M16273,M,25.650000000000034,36.650000000000034,90.0,1452.0,48.7,143.0,0,0,0,0,0,0,-11.0,70712.40000000001
M24145,M,25.05000000000001,35.85000000000002,90.0,1410.0,38.6,76.0,0,0,0,0,0,0,-10.800000000000011,54426.0
L53140,L,27.350000000000023,37.55000000000001,90.0,1389.0,49.1,121.0,0,0,0,0,0,0,-10.199999999999989,68199.90000000001
L47262,L,25.75,35.75,90.0,1445.0,45.8,125.0,0,0,0,0,0,0,-10.0,66181.0
L53078,L,27.850000000000023,37.55000000000001,90.0,1564.0,36.8,174.0,0,0,0,0,0,0,-9.699999999999989,57555.2
M15778,M,22.350000000000023,33.05000000000001,90.0,1526.0,37.4,189.0,0,0,0,0,0,0,-10.699999999999989,57072.4
L50304,L,26.950000000000045,36.150000000000034,90.0,1568.0,37.3,46.0,0,0,0,0,0,0,-9.199999999999989,58486.399999999994
H39384,H,25.25,35.75,90.0,1442.0,44.4,158.0,0,0,0,0,0,0,-10.5,64024.799999999996
L47279,L,25.650000000000034,35.650000000000034,90.0,1523.0,41.8,104.0,0,0,0,0,0,0,-10.0,63661.399999999994
L54588,L,26.75,37.75,90.0,1596.0,31.1,10.0,0,0,0,0,0,0,-11.0,49635.600000000006
L55635,L,25.450000000000045,36.75,90.0,1546.0,59.5,140.0,0,0,0,0,0,0,-11.299999999999955,91987.0
L56262,L,24.05000000000001,34.950000000000045,90.0,1419.0,45.2,152.0,0,0,0,0,0,0,-10.900000000000034,64138.8
M17661,M,27.05000000000001,36.35000000000002,90.0,1427.0,43.6,92.0,0,0,0,0,0,0,-9.300000000000011,62217.200000000004
H39262,H,25.350000000000023,36.05000000000001,90.0,1472.0,48.4,50.0,0,0,0,0,0,0,-10.699999999999989,71244.8
L52822,L,29.350000000000023,38.85000000000002,90.0,1495.0,45.0,186.0,0,0,0,0,0,0,-9.5,67275.0
L49071,L,24.55000000000001,34.35000000000002,90.0,1479.0,47.0,139.0,0,0,0,0,0,0,-9.800000000000011,69513.0
L56320,L,24.350000000000023,35.35000000000002,90.0,1373.0,39.9,148.0,0,0,0,0,0,0,-11.0,54782.7
L51416,L,29.05000000000001,37.75,90.0,1397.0,51.2,68.0,0,0,0,0,0,0,-8.699999999999989,71526.40000000001
L48676,L,24.850000000000023,35.55000000000001,90.0,1620.0,34.3,179.0,0,0,0,0,0,0,-10.699999999999989,55565.99999999999
L50316,L,27.25,36.75,90.0,1567.0,37.1,70.0,0,0,0,0,0,0,-9.5,58135.700000000004
L50064,L,27.450000000000045,36.25,90.0,1409.0,42.6,101.0,0,0,0,0,0,0,-8.799999999999955,60023.4
L52786,L,29.75,39.05000000000001,90.0,1729.0,23.6,100.0,0,0,0,0,0,0,-9.300000000000011,40804.4
L53610,L,27.150000000000034,36.950000000000045,90.0,1450.0,43.0,24.0,0,0,0,0,0,0,-9.800000000000011,62350.0
L56111,L,24.25,35.25,90.0,1535.0,35.8,2.0,0,0,0,0,0,0,-11.0,54952.99999999999
M16449,M,25.150000000000034,34.950000000000045,90.0,1456.0,44.3,0.0,0,0,0,0,0,0,-9.800000000000011,64500.799999999996
L47961,L,23.55000000000001,34.75,90.0,1579.0,33.1,50.0,0,0,0,0,0,0,-11.199999999999989,52264.9
L54526,L,26.450000000000045,36.950000000000045,90.0,1610.0,32.5,17.0,0,0,0,0,0,0,-10.5,52325.0
L51393,L,28.950000000000045,37.650000000000034,90.0,1565.0,40.8,12.0,0,0,0,0,0,0,-8.699999999999989,63851.99999999999
L52466,L,30.650000000000034,39.950000000000045,90.0,1422.0,42.4,64.0,0,0,0,0,0,0,-9.300000000000011,60292.799999999996
L56874,L,25.75,36.85000000000002,90.0,1559.0,43.1,58.0,0,0,0,0,0,0,-11.100000000000023,67192.90000000001
L52790,L,27.350000000000023,38.75,90.0,1486.0,42.4,87.0,0,0,0,0,0,0,-11.399999999999977,63006.4
L49785,L,26.150000000000034,36.05000000000001,90.0,1619.0,37.4,37.0,0,0,0,0,0,0,-9.899999999999977,60550.6
H38448,H,24.25,35.05000000000001,90.0,1585.0,46.2,166.0,0,0,0,0,0,0,-10.800000000000011,73227.0
L54557,L,26.350000000000023,36.85000000000002,90.0,1436.0,54.0,92.0,0,0,0,0,0,0,-10.5,77544.0
L56264,L,24.05000000000001,34.75,90.0,1764.0,28.9,174.0,0,0,0,0,0,0,-10.699999999999989,50979.6
L55970,L,24.25,35.35000000000002,90.0,1383.0,46.6,47.0,0,0,0,0,0,0,-11.100000000000023,64447.8
L53153,L,27.350000000000023,37.55000000000001,90.0,1354.0,41.7,157.0,0,0,0,0,0,0,-10.199999999999989,56461.8
L55859,L,24.350000000000023,35.35000000000002,90.0,1356.0,54.2,2.0,0,0,0,0,0,0,-11.0,73495.2
L53071,L,28.25,37.85000000000002,90.0,1472.0,44.7,7.0,0,0,0,0,0,0,-9.600000000000023,65798.40000000001
H36642,H,26.650000000000034,36.55000000000001,90.0,1368.0,47.3,148.0,0,0,0,0,0,0,-9.899999999999977,64706.399999999994
L49203,L,25.55000000000001,35.35000000000002,90.0,1336.0,53.5,127.0,0,0,0,0,0,0,-9.800000000000011,71476.0
M23305,M,25.450000000000045,36.950000000000045,90.0,1596.0,33.9,121.0,0,0,0,0,0,0,-11.5,54104.399999999994
L57025,L,25.150000000000034,35.950000000000045,90.0,1394.0,44.4,31.0,0,0,0,0,0,0,-10.800000000000011,61893.6
L49312,L,26.25,35.85000000000002,90.0,1660.0,28.4,0.0,0,0,0,0,0,0,-9.600000000000023,47144.0
L51653,L,29.55000000000001,37.450000000000045,90.0,1551.0,51.3,6.0,0,0,0,0,0,0,-7.900000000000034,79566.29999999999
L48882,L,24.950000000000045,34.55000000000001,90.0,1362.0,47.3,49.0,0,0,0,0,0,0,-9.599999999999966,64422.6
L48165,L,23.25,34.05000000000001,90.0,1419.0,42.7,144.0,0,0,0,0,0,0,-10.800000000000011,60591.3
L49922,L,26.450000000000045,35.950000000000045,90.0,1387.0,45.3,181.0,0,0,0,0,0,0,-9.5,62831.1
L55964,L,24.350000000000023,35.55000000000001,90.0,1466.0,46.5,34.0,0,0,0,0,0,0,-11.199999999999989,68169.0
M22472,M,27.350000000000023,38.25,90.0,1485.0,27.6,46.0,0,0,0,0,0,0,-10.899999999999977,40986.0
L52816,L,29.150000000000034,38.85000000000002,90.0,1447.0,37.7,127.0,0,0,0,0,0,0,-9.699999999999989,54551.9
L53648,L,27.950000000000045,36.650000000000034,90.0,1507.0,42.5,170.0,0,0,0,0,0,0,-8.699999999999989,64047.5
L55777,L,24.450000000000045,34.650000000000034,90.0,1410.0,47.0,191.0,0,0,0,0,0,0,-10.199999999999989,66270.0
L55216,L,27.55000000000001,38.55000000000001,90.0,1377.0,48.1,15.0,0,0,0,0,0,0,-11.0,66233.7
L51313,L,29.450000000000045,37.25,90.0,1565.0,35.0,171.0,1,0,1,0,0,0,-7.7999999999999545,54775.0
L52889,L,29.05000000000001,38.55000000000001,90.0,1655.0,31.2,145.0,0,0,0,0,0,0,-9.5,51636.0
L56763,L,26.150000000000034,36.950000000000045,90.0,1402.0,47.3,12.0,0,0,0,0,0,0,-10.800000000000011,66314.59999999999
L53086,L,27.55000000000001,37.150000000000034,90.0,1533.0,28.0,198.0,0,0,0,0,0,0,-9.600000000000023,42924.0
L50228,L,27.05000000000001,36.150000000000034,90.0,1413.0,39.5,53.0,0,0,0,0,0,0,-9.100000000000023,55813.5
L55559,L,25.650000000000034,36.75,90.0,1629.0,34.2,13.0,0,0,0,0,0,0,-11.099999999999966,55711.8
L50597,L,28.450000000000045,37.450000000000045,90.0,1396.0,52.7,125.0,0,0,0,0,0,0,-9.0,73569.2
L49646,L,25.850000000000023,35.450000000000045,90.0,1429.0,45.0,126.0,0,0,0,0,0,0,-9.600000000000023,64305.0
H30970,H,25.150000000000034,35.35000000000002,90.0,1404.0,46.1,122.0,0,0,0,0,0,0,-10.199999999999989,64724.4
M18674,M,28.950000000000045,37.35000000000002,90.0,1680.0,30.3,88.0,0,0,0,0,0,0,-8.399999999999977,50904.0
L51462,L,28.75,36.75,90.0,1434.0,48.5,180.0,0,0,0,0,0,0,-8.0,69549.0
H35266,H,28.55000000000001,37.950000000000045,90.0,1438.0,55.7,31.0,0,0,0,0,0,0,-9.400000000000034,80096.6
L48486,L,25.650000000000034,36.85000000000002,90.0,1487.0,41.4,16.0,0,0,0,0,0,0,-11.199999999999989,61561.799999999996
L48752,L,25.05000000000001,34.950000000000045,90.0,1402.0,50.0,158.0,0,0,0,0,0,0,-9.900000000000034,70100.0
M15502,M,24.650000000000034,36.25,90.0,1442.0,43.4,129.0,0,0,0,0,0,0,-11.599999999999966,62582.799999999996
H34696,H,30.650000000000034,40.05000000000001,90.0,1581.0,32.6,140.0,0,0,0,0,0,0,-9.399999999999977,51540.600000000006
M20585,M,29.150000000000034,38.650000000000034,90.0,1398.0,46.4,185.0,0,0,0,0,0,0,-9.5,64867.2
L51406,L,28.950000000000045,37.650000000000034,90.0,1596.0,43.6,43.0,0,0,0,0,0,0,-8.699999999999989,69585.6
L51276,L,28.75,37.25,90.0,1462.0,48.1,153.0,0,0,0,0,0,0,-8.5,70322.2
L54946,L,27.150000000000034,38.450000000000045,90.0,1703.0,26.8,202.0,0,0,0,0,0,0,-11.300000000000011,45640.4
L56112,L,24.25,35.25,90.0,1671.0,29.6,7.0,0,0,0,0,0,0,-11.0,49461.600000000006
M21406,M,28.25,37.650000000000034,90.0,1530.0,39.9,5.0,0,0,0,0,0,0,-9.400000000000034,61047.0
L54702,L,26.950000000000045,38.150000000000034,90.0,1553.0,33.4,26.0,0,0,0,0,0,0,-11.199999999999989,51870.2
M16501,M,24.850000000000023,34.650000000000034,90.0,1446.0,37.0,111.0,0,0,0,0,0,0,-9.800000000000011,53502.0
M20054,M,30.75,39.950000000000045,90.0,1393.0,48.7,26.0,0,0,0,0,0,0,-9.200000000000045,67839.1
L50393,L,27.25,35.950000000000045,90.0,1473.0,40.3,52.0,0,0,0,0,0,0,-8.700000000000045,59361.899999999994
M19751,M,30.55000000000001,39.25,90.0,1525.0,43.9,188.0,0,0,0,0,0,0,-8.699999999999989,66947.5
L54690,L,27.25,38.650000000000034,90.0,1423.0,42.0,180.0,0,0,0,0,0,0,-11.400000000000034,59766.0
M22671,M,26.850000000000023,38.25,90.0,1451.0,39.0,127.0,0,0,0,0,0,0,-11.399999999999977,56589.0
L53038,L,28.150000000000034,37.85000000000002,90.0,1549.0,33.8,7.0,0,0,0,0,0,0,-9.699999999999989,52356.2
H32698,H,28.05000000000001,36.75,90.0,1425.0,45.7,25.0,0,0,0,0,0,0,-8.699999999999989,65122.50000000001
L53561,L,27.05000000000001,36.55000000000001,90.0,1771.0,27.1,135.0,0,0,0,0,0,0,-9.5,47994.100000000006
L53031,L,28.05000000000001,37.85000000000002,90.0,1673.0,27.8,57.0,0,0,0,0,0,0,-9.800000000000011,46509.4
L48900,L,25.05000000000001,34.55000000000001,90.0,1759.0,29.2,89.0,0,0,0,0,0,0,-9.5,51362.799999999996
M22092,M,26.75,36.55000000000001,90.0,1489.0,40.1,159.0,0,0,0,0,0,0,-9.800000000000011,59708.9
L55047,L,27.350000000000023,38.85000000000002,90.0,1461.0,39.8,39.0,0,0,0,0,0,0,-11.5,58147.799999999996
L48331,L,23.75,34.75,90.0,1350.0,47.7,168.0,0,0,0,0,0,0,-11.0,64395.00000000001
L48569,L,25.55000000000001,37.05000000000001,90.0,1512.0,39.1,138.0,0,0,0,0,0,0,-11.5,59119.200000000004
H38144,H,24.25,35.35000000000002,90.0,1448.0,44.4,69.0,0,0,0,0,0,0,-11.100000000000023,64291.2
L49409,L,26.150000000000034,35.55000000000001,90.0,1681.0,30.8,171.0,0,0,0,0,0,0,-9.399999999999977,51774.8
M17597,M,26.55000000000001,36.05000000000001,90.0,1439.0,41.4,152.0,0,0,0,0,0,0,-9.5,59574.6
L56364,L,24.850000000000023,36.05000000000001,90.0,1577.0,36.6,22.0,0,0,0,0,0,0,-11.199999999999989,57718.200000000004
H36984,H,27.05000000000001,37.85000000000002,90.0,1441.0,36.5,193.0,0,0,0,0,0,0,-10.800000000000011,52596.5
L54529,L,26.55000000000001,37.05000000000001,90.0,1633.0,36.5,45.0,0,0,0,0,0,0,-10.5,59604.5
M22514,M,27.350000000000023,38.35000000000002,90.0,1540.0,41.5,151.0,0,0,0,0,0,0,-11.0,63910.0
L47334,L,25.25,35.05000000000001,90.0,1433.0,39.2,196.0,0,0,0,0,0,0,-9.800000000000011,56173.600000000006
L52528,L,30.150000000000034,39.450000000000045,90.0,1574.0,31.0,91.0,0,0,0,0,0,0,-9.300000000000011,48794.0
L52406,L,30.450000000000045,39.85000000000002,90.0,1453.0,42.1,16.0,0,0,0,0,0,0,-9.399999999999977,61171.3
H38280,H,24.75,35.75,90.0,1751.0,29.8,188.0,0,0,0,0,0,0,-11.0,52179.8
L49652,L,25.75,35.450000000000045,90.0,1385.0,55.1,9.0,0,0,0,0,0,0,-9.700000000000045,76313.5
L49731,L,26.25,35.950000000000045,90.0,1597.0,37.1,118.0,0,0,0,0,0,0,-9.700000000000045,59248.700000000004
L49311,L,26.25,35.55000000000001,90.0,1432.0,45.4,137.0,0,0,0,0,0,0,-9.300000000000011,65012.799999999996
L56540,L,24.850000000000023,35.450000000000045,90.0,1254.0,52.6,54.0,0,0,0,0,0,0,-10.600000000000023,65960.40000000001
L53441,L,27.950000000000045,37.650000000000034,90.0,1363.0,46.9,10.0,0,0,0,0,0,0,-9.699999999999989,63924.7
L56712,L,26.05000000000001,37.150000000000034,90.0,1376.0,46.6,2.0,0,0,0,0,0,0,-11.100000000000023,64121.6
L53535,L,26.950000000000045,36.55000000000001,90.0,1560.0,37.9,34.0,0,0,0,0,0,0,-9.599999999999966,59124.0
L51158,L,29.05000000000001,38.25,90.0,1382.0,43.1,94.0,0,0,0,0,0,0,-9.199999999999989,59564.200000000004
L49482,L,26.05000000000001,35.35000000000002,90.0,1448.0,45.3,157.0,0,0,0,0,0,0,-9.300000000000011,65594.4
L50095,L,27.350000000000023,36.35000000000002,90.0,1373.0,62.1,138.0,0,0,0,0,0,0,-9.0,85263.3
L49195,L,25.350000000000023,35.05000000000001,90.0,1405.0,55.8,156.0,0,0,0,0,0,0,-9.699999999999989,78399.0
L55304,L,27.05000000000001,38.25,90.0,1453.0,41.4,32.0,0,0,0,0,0,0,-11.199999999999989,60154.2
L57048,L,25.75,36.75,90.0,1526.0,35.4,135.0,0,0,0,0,0,0,-11.0,54020.4
L49312,L,26.25,35.85000000000002,90.0,1498.0,39.1,9.0,0,0,0,0,0,0,-9.600000000000023,58571.8
H36439,H,27.55000000000001,37.450000000000045,90.0,1608.0,39.7,20.0,0,0,0,0,0,0,-9.900000000000034,63837.600000000006
L47225,L,25.650000000000034,35.950000000000045,90.0,1390.0,50.5,128.0,0,0,0,0,0,0,-10.300000000000011,70195.0
L50508,L,28.350000000000023,37.450000000000045,90.0,1457.0,36.3,127.0,0,0,0,0,0,0,-9.100000000000023,52889.1
L50666,L,28.350000000000023,37.55000000000001,90.0,1650.0,39.2,94.0,0,0,0,0,0,0,-9.199999999999989,64680.00000000001
H35390,H,27.25,37.55000000000001,90.0,1378.0,44.5,166.0,0,0,0,0,0,0,-10.300000000000011,61321.0
L52869,L,29.150000000000034,38.650000000000034,90.0,1543.0,31.1,96.0,0,0,0,0,0,0,-9.5,47987.3
L54452,L,27.05000000000001,37.150000000000034,90.0,1429.0,44.7,40.0,0,0,0,0,0,0,-10.100000000000023,63876.3
L52311,L,30.950000000000045,40.150000000000034,90.0,1452.0,42.5,41.0,0,0,0,0,0,0,-9.199999999999989,61710.0
L53855,L,28.350000000000023,37.35000000000002,90.0,1507.0,40.2,204.0,0,0,0,0,0,0,-9.0,60581.4
M20813,M,27.55000000000001,37.650000000000034,90.0,1486.0,38.9,59.0,0,0,0,0,0,0,-10.100000000000023,57805.4
L50023,L,27.150000000000034,36.05000000000001,90.0,1329.0,54.5,24.0,0,0,0,0,0,0,-8.899999999999977,72430.5
L51394,L,28.75,37.450000000000045,90.0,1524.0,36.6,15.0,0,0,0,0,0,0,-8.700000000000045,55778.4
L50597,L,28.450000000000045,37.450000000000045,90.0,1535.0,39.0,137.0,0,0,0,0,0,0,-9.0,59865.0
M16911,M,26.25,35.85000000000002,90.0,1434.0,50.1,119.0,0,0,0,0,0,0,-9.600000000000023,71843.40000000001
M19287,M,29.450000000000045,36.950000000000045,90.0,1562.0,36.0,107.0,0,0,0,0,0,0,-7.5,56232.0
H35301,H,28.25,37.950000000000045,90.0,1542.0,40.6,101.0,0,0,0,0,0,0,-9.700000000000045,62605.200000000004
L55497,L,25.650000000000034,36.55000000000001,90.0,1450.0,30.4,92.0,0,0,0,0,0,0,-10.899999999999977,44080.0
L51813,L,29.850000000000023,38.05000000000001,90.0,1382.0,20.0,210.0,0,0,0,0,0,0,-8.199999999999989,27640.0
L52763,L,29.450000000000045,38.950000000000045,90.0,1384.0,52.5,42.0,0,0,0,0,0,0,-9.5,72660.0
M22096,M,26.75,36.450000000000045,90.0,1472.0,39.0,152.0,0,0,0,0,0,0,-9.700000000000045,57408.0
M22749,M,27.350000000000023,38.75,90.0,1510.0,41.2,139.0,0,0,0,0,0,0,-11.399999999999977,62212.00000000001
L51647,L,29.650000000000034,37.450000000000045,90.0,1617.0,37.9,9.0,0,0,0,0,0,0,-7.800000000000011,61284.299999999996
L55348,L,26.75,38.25,90.0,1454.0,37.6,148.0,0,0,0,0,0,0,-11.5,54670.4
H35117,H,27.55000000000001,37.05000000000001,90.0,1456.0,50.7,130.0,0,0,0,0,0,0,-9.5,73819.2
L54847,L,27.450000000000045,38.35000000000002,90.0,1456.0,42.4,185.0,0,0,0,0,0,0,-10.899999999999977,61734.4
L47988,L,23.75,34.55000000000001,90.0,1543.0,36.6,120.0,0,0,0,0,0,0,-10.800000000000011,56473.8
L52819,L,29.450000000000045,38.950000000000045,90.0,1668.0,28.8,180.0,0,0,0,0,0,0,-9.5,48038.4
L47591,L,24.350000000000023,35.55000000000001,90.0,1536.0,39.3,201.0,0,0,0,0,0,0,-11.199999999999989,60364.799999999996
L48646,L,24.950000000000045,36.650000000000034,90.0,1365.0,42.4,61.0,0,0,0,0,0,0,-11.699999999999989,57876.0
L50017,L,27.150000000000034,35.950000000000045,90.0,1729.0,29.3,141.0,0,0,0,0,0,0,-8.800000000000011,50659.700000000004
M20955,M,27.75,37.650000000000034,90.0,1603.0,32.2,18.0,0,0,0,0,0,0,-9.900000000000034,51616.600000000006
L53140,L,27.650000000000034,37.650000000000034,90.0,1443.0,44.3,123.0,0,0,0,0,0,0,-10.0,63924.899999999994
M24781,M,25.350000000000023,35.450000000000045,90.0,1347.0,48.5,33.0,0,0,0,0,0,0,-10.100000000000023,65329.5
M18989,M,28.650000000000034,37.650000000000034,90.0,1666.0,34.6,19.0,0,0,0,0,0,0,-9.0,57643.600000000006
L57141,L,25.05000000000001,34.75,90.0,1399.0,47.2,24.0,0,0,0,0,0,0,-9.699999999999989,66032.8
L55950,L,24.25,35.35000000000002,90.0,1432.0,44.7,200.0,0,0,0,0,0,0,-11.100000000000023,64010.4
L49100,L,24.850000000000023,34.55000000000001,90.0,1456.0,50.7,0.0,0,0,0,0,0,0,-9.699999999999989,73819.2
L54362,L,27.150000000000034,37.25,90.0,1448.0,44.4,17.0,0,0,0,0,0,0,-10.099999999999966,64291.2
L49393,L,26.450000000000045,35.950000000000045,90.0,1466.0,49.5,125.0,0,0,0,0,0,0,-9.5,72567.0
L50577,L,28.350000000000023,37.450000000000045,90.0,1648.0,30.7,90.0,0,0,0,0,0,0,-9.100000000000023,50593.6
L55118,L,27.55000000000001,38.55000000000001,90.0,1814.0,26.8,33.0,0,0,0,0,0,0,-11.0,48615.200000000004
L47725,L,24.450000000000045,36.25,90.0,1602.0,36.7,79.0,0,0,0,0,0,0,-11.799999999999955,58793.4
L54369,L,27.25,37.25,90.0,1486.0,32.6,48.0,0,0,0,0,0,0,-10.0,48443.6
L49403,L,26.450000000000045,36.150000000000034,90.0,1413.0,48.7,137.0,0,0,0,0,0,0,-9.699999999999989,68813.1
M22227,M,26.450000000000045,36.950000000000045,90.0,1471.0,45.8,70.0,0,0,0,0,0,0,-10.5,67371.8
L56435,L,25.150000000000034,35.950000000000045,90.0,1614.0,30.0,197.0,0,0,0,0,0,0,-10.800000000000011,48420.0
L47791,L,24.950000000000045,36.85000000000002,90.0,1453.0,41.4,49.0,0,0,0,0,0,0,-11.899999999999977,60154.2
L54533,L,26.650000000000034,37.150000000000034,90.0,1591.0,34.0,5.0,0,0,0,0,0,0,-10.5,54094.0
L53315,L,27.850000000000023,37.75,90.0,1524.0,39.8,129.0,0,0,0,0,0,0,-9.899999999999977,60655.2
L50131,L,27.55000000000001,36.35000000000002,90.0,1530.0,42.5,27.0,0,0,0,0,0,0,-8.800000000000011,65025.0
M18149,M,28.05000000000001,36.950000000000045,90.0,1295.0,56.6,92.0,0,0,0,0,0,0,-8.900000000000034,73297.0
L55970,L,24.25,35.35000000000002,90.0,1391.0,50.9,45.0,0,0,0,0,0,0,-11.100000000000023,70801.9
L51039,L,29.450000000000045,38.35000000000002,90.0,1599.0,37.0,23.0,0,0,0,0,0,0,-8.899999999999977,59163.0
H38582,H,24.75,34.75,90.0,1556.0,36.1,101.0,0,0,0,0,0,0,-10.0,56171.600000000006
L55268,L,27.150000000000034,38.35000000000002,90.0,1642.0,30.3,149.0,0,0,0,0,0,0,-11.199999999999989,49752.6
L53286,L,27.75,37.650000000000034,90.0,1483.0,43.2,160.0,0,0,0,0,0,0,-9.900000000000034,64065.600000000006
L48507,L,25.55000000000001,37.05000000000001,90.0,1459.0,56.8,203.0,1,0,0,0,1,0,-11.5,82871.2
L50147,L,27.450000000000045,36.25,90.0,1418.0,49.4,69.0,0,0,0,0,0,0,-8.799999999999955,70049.2
L48337,L,23.850000000000023,34.650000000000034,90.0,1635.0,33.3,189.0,0,0,0,0,0,0,-10.800000000000011,54445.49999999999
L53361,L,27.850000000000023,37.650000000000034,90.0,1412.0,45.3,17.0,0,0,0,0,0,0,-9.800000000000011,63963.6
L55403,L,25.950000000000045,37.35000000000002,90.0,1487.0,36.6,58.0,0,0,0,0,0,0,-11.399999999999977,54424.200000000004
L55837,L,24.25,35.25,90.0,1643.0,33.6,168.0,0,0,0,0,0,0,-11.0,55204.8
L51851,L,30.150000000000034,38.25,90.0,1802.0,26.8,8.0,0,0,0,0,0,0,-8.099999999999966,48293.6
L55508,L,25.450000000000045,36.35000000000002,90.0,1522.0,37.1,127.0,0,0,0,0,0,0,-10.899999999999977,56466.200000000004
L52982,L,28.25,37.75,90.0,1490.0,38.0,68.0,0,0,0,0,0,0,-9.5,56620.0
L53629,L,27.150000000000034,36.75,90.0,1519.0,44.6,69.0,0,0,0,0,0,0,-9.599999999999966,67747.40000000001
L48646,L,25.55000000000001,36.650000000000034,90.0,1471.0,39.7,111.0,0,0,0,0,0,0,-11.100000000000023,58398.700000000004
L57092,L,25.450000000000045,35.75,90.0,1327.0,58.8,100.0,0,0,0,0,0,0,-10.299999999999955,78027.59999999999
L51410,L,29.05000000000001,37.650000000000034,90.0,1673.0,40.4,52.0,0,0,0,0,0,0,-8.600000000000023,67589.2
L49292,L,26.350000000000023,35.85000000000002,90.0,1513.0,40.7,160.0,0,0,0,0,0,0,-9.5,61579.100000000006
L48325,L,23.850000000000023,34.650000000000034,90.0,1616.0,30.0,155.0,0,0,0,0,0,0,-10.800000000000011,48480.0
L48520,L,25.350000000000023,36.950000000000045,90.0,1422.0,43.3,10.0,0,0,0,0,0,0,-11.600000000000023,61572.6
M21267,M,26.850000000000023,36.450000000000045,90.0,1664.0,29.0,177.0,0,0,0,0,0,0,-9.600000000000023,48256.0
L52724,L,29.05000000000001,38.55000000000001,90.0,1607.0,31.4,9.0,0,0,0,0,0,0,-9.5,50459.799999999996
L49315,L,26.150000000000034,35.75,90.0,1588.0,30.7,25.0,0,0,0,0,0,0,-9.599999999999966,48751.6
L55264,L,27.05000000000001,38.450000000000045,90.0,1673.0,30.3,202.0,0,0,0,0,0,0,-11.400000000000034,50691.9
L50720,L,28.75,37.75,90.0,1471.0,47.4,31.0,0,0,0,0,0,0,-9.0,69725.4
L51443,L,29.450000000000045,37.85000000000002,90.0,1353.0,50.5,137.0,0,0,0,0,0,0,-8.399999999999977,68326.5
L56789,L,25.950000000000045,37.450000000000045,90.0,1470.0,47.7,83.0,0,0,0,0,0,0,-11.5,70119.0
L48795,L,24.650000000000034,34.75,90.0,1496.0,48.6,47.0,0,0,0,0,0,0,-10.099999999999966,72705.6
M22927,M,27.450000000000045,38.650000000000034,90.0,1387.0,50.8,92.0,0,0,0,0,0,0,-11.199999999999989,70459.59999999999
L55257,L,27.150000000000034,38.55000000000001,90.0,1469.0,49.0,113.0,0,0,0,0,0,0,-11.399999999999977,71981.0
L56487,L,25.150000000000034,36.05000000000001,90.0,1691.0,28.1,133.0,0,0,0,0,0,0,-10.899999999999977,47517.100000000006
M20357,M,29.75,39.35000000000002,90.0,1551.0,32.7,192.0,0,0,0,0,0,0,-9.600000000000023,50717.700000000004
L56825,L,25.25,37.35000000000002,90.0,1623.0,33.1,179.0,0,0,0,0,0,0,-12.100000000000023,53721.3
M16671,M,24.950000000000045,34.650000000000034,90.0,1569.0,38.0,131.0,0,0,0,0,0,0,-9.699999999999989,59622.0
M22031,M,27.05000000000001,36.85000000000002,90.0,1373.0,51.5,100.0,0,0,0,0,0,0,-9.800000000000011,70709.5
M17925,M,26.950000000000045,36.05000000000001,90.0,1687.0,27.7,95.0,0,0,0,0,0,0,-9.099999999999966,46729.9
L56890,L,25.950000000000045,36.950000000000045,90.0,1465.0,49.9,106.0,0,0,0,0,0,0,-11.0,73103.5
L55861,L,24.05000000000001,35.25,90.0,1536.0,37.8,188.0,0,0,0,0,0,0,-11.199999999999989,58060.799999999996
M18759,M,28.950000000000045,37.85000000000002,90.0,1410.0,45.1,135.0,0,0,0,0,0,0,-8.899999999999977,63591.0
L47351,L,25.05000000000001,34.950000000000045,90.0,1372.0,49.0,27.0,0,0,0,0,0,0,-9.900000000000034,67228.0
L51853,L,30.25,38.35000000000002,90.0,1434.0,38.9,197.0,0,0,0,0,0,0,-8.100000000000023,55782.6
L47325,L,25.350000000000023,35.35000000000002,90.0,1513.0,33.7,172.0,0,0,0,0,0,0,-10.0,50988.100000000006
L55009,L,26.850000000000023,38.25,90.0,1486.0,41.5,173.0,0,0,0,0,0,0,-11.399999999999977,61669.0
M22349,M,27.05000000000001,38.450000000000045,90.0,1724.0,30.0,162.0,0,0,0,0,0,0,-11.400000000000034,51720.0
L49714,L,25.75,35.55000000000001,90.0,1729.0,26.6,146.0,0,0,0,0,0,0,-9.800000000000011,45991.4
L54107,L,27.950000000000045,38.55000000000001,90.0,1638.0,31.3,168.0,0,0,0,0,0,0,-10.599999999999966,51269.4
M22094,M,26.650000000000034,36.55000000000001,90.0,1472.0,48.1,164.0,0,0,0,0,0,0,-9.899999999999977,70803.2
M15002,M,25.450000000000045,35.25,90.0,1462.0,38.5,161.0,0,0,0,0,0,0,-9.799999999999955,56287.0
M21766,M,27.650000000000034,38.25,90.0,1452.0,46.8,2.0,0,0,0,0,0,0,-10.599999999999966,67953.59999999999
L56406,L,24.950000000000045,35.75,90.0,1418.0,45.2,43.0,0,0,0,0,0,0,-10.799999999999955,64093.600000000006
L49563,L,25.950000000000045,35.25,90.0,1496.0,39.2,123.0,0,0,0,0,0,0,-9.299999999999955,58643.200000000004
L50539,L,28.25,37.450000000000045,90.0,1656.0,31.5,7.0,0,0,0,0,0,0,-9.200000000000045,52164.0
L53202,L,27.55000000000001,37.75,90.0,1521.0,37.9,19.0,0,0,0,0,0,0,-10.199999999999989,57645.9
L52312,L,31.150000000000034,40.35000000000002,90.0,1415.0,50.0,184.0,0,0,0,0,0,0,-9.199999999999989,70750.0
L53860,L,28.350000000000023,37.650000000000034,90.0,1417.0,49.7,28.0,0,0,0,0,0,0,-9.300000000000011,70424.90000000001
L48361,L,24.05000000000001,35.150000000000034,90.0,1379.0,52.1,68.0,0,0,0,0,0,0,-11.100000000000023,71845.90000000001
L53383,L,27.850000000000023,37.650000000000034,90.0,1715.0,30.0,25.0,0,0,0,0,0,0,-9.800000000000011,51450.0
M16863,M,25.350000000000023,35.05000000000001,90.0,1564.0,35.5,15.0,0,0,0,0,0,0,-9.699999999999989,55522.0
L47325,L,25.55000000000001,35.35000000000002,90.0,1548.0,35.2,168.0,0,0,0,0,0,0,-9.800000000000011,54489.600000000006
L49089,L,24.850000000000023,34.55000000000001,90.0,1488.0,40.5,181.0,0,0,0,0,0,0,-9.699999999999989,60264.0
L49903,L,26.55000000000001,36.25,90.0,1458.0,44.9,0.0,0,0,0,0,0,0,-9.699999999999989,65464.2
M17095,M,26.25,35.450000000000045,90.0,1487.0,43.5,0.0,0,0,0,0,0,0,-9.200000000000045,64684.5
H34770,H,30.150000000000034,39.450000000000045,90.0,1357.0,42.9,125.0,0,0,0,0,0,0,-9.300000000000011,58215.299999999996
L54368,L,27.25,37.150000000000034,90.0,1359.0,56.8,46.0,0,0,0,0,0,0,-9.900000000000034,77191.2
L49950,L,26.950000000000045,36.150000000000034,90.0,1364.0,52.5,73.0,0,0,0,0,0,0,-9.199999999999989,71610.0
L52912,L,28.950000000000045,38.450000000000045,90.0,1542.0,37.2,202.0,0,0,0,0,0,0,-9.5,57362.4
M19840,M,30.55000000000001,39.650000000000034,90.0,1685.0,32.8,203.0,0,0,0,0,0,0,-9.100000000000023,55267.99999999999
L49956,L,26.950000000000045,36.25,90.0,1453.0,47.6,197.0,0,0,0,0,0,0,-9.299999999999955,69162.8
L47319,L,25.650000000000034,35.450000000000045,90.0,1439.0,49.6,155.0,0,0,0,0,0,0,-9.800000000000011,71374.40000000001
L56833,L,25.950000000000045,36.950000000000045,90.0,1597.0,36.2,201.0,0,0,0,0,0,0,-11.0,57811.4
H39274,H,25.650000000000034,36.55000000000001,90.0,1443.0,43.9,91.0,0,0,0,0,0,0,-10.899999999999977,63347.7
L56798,L,25.850000000000023,37.150000000000034,90.0,1496.0,42.8,102.0,0,0,0,0,0,0,-11.300000000000011,64028.799999999996
L54255,L,27.55000000000001,37.35000000000002,90.0,1686.0,27.0,192.0,0,0,0,0,0,0,-9.800000000000011,45522.0
L49056,L,25.150000000000034,34.85000000000002,90.0,1350.0,57.0,98.0,0,0,0,0,0,0,-9.699999999999989,76950.0
H34780,H,29.950000000000045,39.450000000000045,90.0,1402.0,45.7,152.0,0,0,0,0,0,0,-9.5,64071.4
L54241,L,27.450000000000045,37.25,90.0,1644.0,36.6,155.0,0,0,0,0,0,0,-9.799999999999955,60170.4
L55125,L,27.650000000000034,38.55000000000001,90.0,1416.0,44.6,12.0,0,0,0,0,0,0,-10.899999999999977,63153.6
L50420,L,27.75,36.35000000000002,90.0,1612.0,53.3,124.0,0,0,0,0,0,0,-8.600000000000023,85919.59999999999
L53340,L,27.850000000000023,37.75,90.0,1477.0,44.0,192.0,0,0,0,0,0,0,-9.899999999999977,64988.0
L48253,L,23.650000000000034,34.75,90.0,1648.0,32.4,168.0,0,0,0,0,0,0,-11.099999999999966,53395.2
L50627,L,28.55000000000001,37.450000000000045,90.0,1426.0,44.6,216.0,0,0,0,0,0,0,-8.900000000000034,63599.6
L48894,L,25.05000000000001,34.650000000000034,90.0,1491.0,48.6,72.0,0,0,0,0,0,0,-9.600000000000023,72462.6
M18567,M,29.150000000000034,38.25,90.0,1627.0,31.4,21.0,0,0,0,0,0,0,-9.099999999999966,51087.799999999996
L54845,L,27.350000000000023,38.450000000000045,90.0,1497.0,40.5,137.0,0,0,0,0,0,0,-11.100000000000023,60628.5
L56589,L,24.850000000000023,35.35000000000002,90.0,1434.0,48.8,196.0,0,0,0,0,0,0,-10.5,69979.2
L54202,L,27.55000000000001,37.35000000000002,90.0,1565.0,33.2,73.0,0,0,0,0,0,0,-9.800000000000011,51958.00000000001
L56705,L,25.950000000000045,37.150000000000034,90.0,1411.0,44.5,74.0,0,0,0,0,0,0,-11.199999999999989,62789.5
M24694,M,24.850000000000023,35.55000000000001,90.0,1370.0,50.0,4.0,0,0,0,0,0,0,-10.699999999999989,68500.0
L56261,L,24.05000000000001,34.950000000000045,90.0,1527.0,47.3,2.0,0,0,0,0,0,0,-10.900000000000034,72227.09999999999
L49381,L,26.650000000000034,35.85000000000002,90.0,1607.0,33.6,5.0,0,0,0,0,0,0,-9.199999999999989,53995.200000000004
L55376,L,26.25,37.650000000000034,90.0,1450.0,43.9,15.0,0,0,0,0,0,0,-11.400000000000034,63655.0
M21319,M,27.450000000000045,36.85000000000002,90.0,1397.0,55.2,92.0,0,0,0,0,0,0,-9.399999999999977,77114.40000000001
L48516,L,25.75,37.05000000000001,90.0,1623.0,34.6,230.0,0,0,0,0,0,0,-11.300000000000011,56155.8
M23323,M,25.55000000000001,36.650000000000034,90.0,1364.0,44.0,17.0,0,0,0,0,0,0,-11.100000000000023,60016.0
L54248,L,27.650000000000034,37.55000000000001,90.0,1596.0,30.9,114.0,0,0,0,0,0,0,-9.899999999999977,49316.399999999994
H35389,H,27.450000000000045,37.55000000000001,90.0,1654.0,28.6,161.0,0,0,0,0,0,0,-10.099999999999966,47304.4
L54827,L,27.25,38.25,90.0,1442.0,47.2,135.0,0,0,0,0,0,0,-11.0,68062.40000000001
M20383,M,29.350000000000023,38.75,90.0,1692.0,30.5,92.0,0,0,0,0,0,0,-9.399999999999977,51606.0
L47982,L,23.75,34.650000000000034,90.0,1571.0,35.0,15.0,0,0,0,0,0,0,-10.900000000000034,54985.0
L47203,L,25.850000000000023,36.25,90.0,1728.0,31.9,143.0,0,0,0,0,0,0,-10.399999999999977,55123.2
L52896,L,29.25,38.85000000000002,90.0,1354.0,52.2,165.0,0,0,0,0,0,0,-9.600000000000023,70678.8
L53537,L,26.950000000000045,36.650000000000034,90.0,1398.0,47.4,39.0,0,0,0,0,0,0,-9.699999999999989,66265.2
L49078,L,24.650000000000034,34.35000000000002,90.0,1372.0,54.1,168.0,0,0,0,0,0,0,-9.699999999999989,74225.2
L53558,L,26.950000000000045,36.450000000000045,90.0,1530.0,37.1,94.0,0,0,0,0,0,0,-9.5,56763.0
L53059,L,28.25,37.85000000000002,90.0,1450.0,38.9,127.0,0,0,0,0,0,0,-9.600000000000023,56405.0
L50643,L,28.450000000000045,37.35000000000002,90.0,1452.0,45.5,42.0,0,0,0,0,0,0,-8.899999999999977,66066.0
L54230,L,27.55000000000001,37.450000000000045,90.0,1390.0,46.4,217.0,0,0,0,0,0,0,-9.900000000000034,64496.0
M21360,M,27.450000000000045,36.85000000000002,90.0,1507.0,33.6,87.0,0,0,0,0,0,0,-9.399999999999977,50635.200000000004
M19344,M,29.450000000000045,37.25,90.0,1451.0,43.1,122.0,0,0,0,0,0,0,-7.7999999999999545,62538.1
L47470,L,24.950000000000045,35.25,90.0,1523.0,38.6,98.0,0,0,0,0,0,0,-10.299999999999955,58787.8
L56887,L,25.850000000000023,36.950000000000045,90.0,1587.0,35.9,87.0,0,0,0,0,0,0,-11.100000000000023,56973.299999999996
L52723,L,29.150000000000034,38.650000000000034,90.0,1420.0,44.6,134.0,0,0,0,0,0,0,-9.5,63332.0
M17553,M,26.950000000000045,36.450000000000045,90.0,1622.0,32.3,91.0,0,0,0,0,0,0,-9.5,52390.6
M21202,M,27.150000000000034,36.650000000000034,90.0,1697.0,30.3,79.0,0,0,0,0,0,0,-9.5,51419.1
L57071,L,25.650000000000034,36.35000000000002,90.0,1356.0,48.1,159.0,0,0,0,0,0,0,-10.699999999999989,65223.6
L54494,L,26.75,37.150000000000034,90.0,1809.0,24.6,146.0,0,0,0,0,0,0,-10.400000000000034,44501.4
L51374,L,29.25,37.85000000000002,90.0,1423.0,45.4,186.0,0,0,0,0,0,0,-8.600000000000023,64604.2
L50316,L,27.25,36.55000000000001,90.0,1615.0,35.7,70.0,0,0,0,0,0,0,-9.300000000000011,57655.50000000001
L52850,L,29.05000000000001,38.35000000000002,90.0,1432.0,44.7,156.0,0,0,0,0,0,0,-9.300000000000011,64010.4
L57126,L,25.150000000000034,34.75,90.0,1704.0,27.4,103.0,0,0,0,0,0,0,-9.599999999999966,46689.6
M15653,M,23.650000000000034,34.75,90.0,1373.0,31.8,121.0,0,0,0,0,0,0,-11.099999999999966,43661.4
L55925,L,24.25,35.650000000000034,90.0,1411.0,46.3,179.0,0,0,0,0,0,0,-11.400000000000034,65329.299999999996
M22284,M,26.950000000000045,38.25,90.0,1475.0,46.9,210.0,0,0,0,0,0,0,-11.299999999999955,69177.5
L51394,L,28.850000000000023,37.35000000000002,90.0,1569.0,30.8,13.0,0,0,0,0,0,0,-8.5,48325.200000000004
L53232,L,27.75,37.650000000000034,90.0,1452.0,42.2,188.0,0,0,0,0,0,0,-9.900000000000034,61274.4
L56257,L,24.150000000000034,34.950000000000045,90.0,1422.0,45.5,152.0,0,0,0,0,0,0,-10.800000000000011,64701.0
L50478,L,28.05000000000001,37.150000000000034,90.0,1641.0,31.7,63.0,0,0,0,0,0,0,-9.100000000000023,52019.7
M22214,M,26.55000000000001,37.25,90.0,1429.0,53.5,98.0,0,0,0,0,0,0,-10.699999999999989,76451.5
L52035,L,30.350000000000023,39.150000000000034,90.0,1511.0,36.1,71.0,0,0,0,0,0,0,-8.800000000000011,54547.1
L51266,L,28.950000000000045,37.450000000000045,90.0,1472.0,47.1,124.0,0,0,0,0,0,0,-8.5,69331.2
L47271,L,25.75,35.75,90.0,1498.0,44.2,9.0,0,0,0,0,0,0,-10.0,66211.6
L56772,L,26.05000000000001,37.25,90.0,1627.0,36.8,39.0,0,0,0,0,0,0,-11.199999999999989,59873.6
L49794,L,26.150000000000034,35.950000000000045,90.0,1604.0,39.0,16.0,0,0,0,0,0,0,-9.800000000000011,62556.0
L51913,L,30.150000000000034,38.450000000000045,90.0,1384.0,44.6,223.0,1,0,1,0,0,0,-8.300000000000011,61726.4
L55161,L,27.850000000000023,39.150000000000034,90.0,1603.0,36.4,15.0,0,0,0,0,0,0,-11.300000000000011,58349.2
L47806,L,25.25,36.950000000000045,90.0,1432.0,46.4,92.0,0,0,0,0,0,0,-11.700000000000045,66444.8
L48271,L,23.850000000000023,34.55000000000001,90.0,1645.0,32.0,8.0,0,0,0,0,0,0,-10.699999999999989,52640.0
M19851,M,30.75,39.85000000000002,90.0,1487.0,41.0,11.0,0,0,0,0,0,0,-9.100000000000023,60967.0
L56225,L,24.450000000000045,35.25,90.0,1501.0,43.0,79.0,0,0,0,0,0,0,-10.799999999999955,64543.0
M22809,M,27.55000000000001,38.35000000000002,90.0,1469.0,36.4,20.0,0,0,0,0,0,0,-10.800000000000011,53471.6
M20529,M,29.05000000000001,38.35000000000002,90.0,1451.0,39.5,32.0,0,0,0,0,0,0,-9.300000000000011,57314.5
L51693,L,29.55000000000001,37.150000000000034,90.0,1681.0,30.8,17.0,0,0,0,0,0,0,-7.600000000000023,51774.8
L48407,L,23.950000000000045,35.25,90.0,1415.0,46.5,148.0,0,0,0,0,0,0,-11.299999999999955,65797.5
M24675,M,25.25,35.950000000000045,90.0,1486.0,36.6,167.0,0,0,0,0,0,0,-10.700000000000045,54387.6
L52315,L,30.950000000000045,40.05000000000001,90.0,1452.0,24.5,116.0,0,0,0,0,0,0,-9.099999999999966,35574.0
L56873,L,25.75,36.85000000000002,90.0,1517.0,44.4,42.0,0,0,0,0,0,0,-11.100000000000023,67354.8
M17810,M,27.55000000000001,36.35000000000002,90.0,1541.0,38.5,24.0,0,0,0,0,0,0,-8.800000000000011,59328.5
M23968,M,24.350000000000023,35.450000000000045,90.0,1631.0,35.8,26.0,0,0,0,0,0,0,-11.100000000000023,58389.799999999996
L50481,L,28.150000000000034,37.35000000000002,90.0,1643.0,34.7,74.0,0,0,0,0,0,0,-9.199999999999989,57012.100000000006
H33001,H,28.650000000000034,37.05000000000001,90.0,1478.0,42.3,50.0,0,0,0,0,0,0,-8.399999999999977,62519.399999999994
L55789,L,24.25,35.25,90.0,1609.0,38.5,222.0,0,0,0,0,0,0,-11.0,61946.5
L56440,L,24.950000000000045,35.75,90.0,1512.0,38.2,74.0,0,0,0,0,0,0,-10.799999999999955,57758.4
M22046,M,27.25,37.35000000000002,90.0,1540.0,36.4,41.0,0,0,0,0,0,0,-10.100000000000023,56056.0
H30802,H,25.75,36.950000000000045,90.0,1491.0,55.1,5.0,0,0,0,0,0,0,-11.200000000000045,82154.1
L53708,L,28.05000000000001,37.35000000000002,90.0,1559.0,35.0,55.0,0,0,0,0,0,0,-9.300000000000011,54565.0
M23502,M,24.350000000000023,35.25,90.0,1496.0,36.6,80.0,0,0,0,0,0,0,-10.899999999999977,54753.6
M19484,M,29.850000000000023,38.150000000000034,90.0,1473.0,45.8,135.0,0,0,0,0,0,0,-8.300000000000011,67463.4
L53104,L,27.150000000000034,37.05000000000001,90.0,1517.0,40.2,36.0,0,0,0,0,0,0,-9.899999999999977,60983.4
L52375,L,30.75,39.85000000000002,90.0,1472.0,36.8,166.0,0,0,0,0,0,0,-9.100000000000023,54169.6
H29957,H,24.350000000000023,36.25,90.0,1623.0,36.1,100.0,0,0,0,0,0,0,-11.899999999999977,58590.3
H30032,H,25.05000000000001,36.150000000000034,90.0,1371.0,44.2,68.0,0,0,0,0,0,0,-11.100000000000023,60598.200000000004
L49195,L,25.350000000000023,35.05000000000001,90.0,1459.0,42.6,42.0,0,0,0,0,0,0,-9.699999999999989,62153.4
M23275,M,25.55000000000001,36.75,90.0,1434.0,45.7,57.0,0,0,0,0,0,0,-11.199999999999989,65533.8
L51758,L,29.850000000000023,38.05000000000001,90.0,1402.0,47.6,63.0,0,0,0,0,0,0,-8.199999999999989,66735.2
M15805,M,22.450000000000045,32.950000000000045,90.0,1246.0,55.8,210.0,0,0,0,0,0,0,-10.5,69526.8
L54552,L,26.450000000000045,37.25,90.0,1356.0,47.6,188.0,0,0,0,0,0,0,-10.799999999999955,64545.6
L50646,L,28.650000000000034,37.55000000000001,90.0,1459.0,40.2,174.0,0,0,0,0,0,0,-8.899999999999977,58651.8
M22278,M,27.05000000000001,38.25,90.0,1479.0,36.2,193.0,0,0,0,0,0,0,-11.199999999999989,53539.8
H34746,H,30.25,39.650000000000034,90.0,1402.0,46.8,113.0,0,0,0,0,0,0,-9.400000000000034,65613.59999999999
L55808,L,24.350000000000023,35.25,90.0,1629.0,31.0,23.0,0,0,0,0,0,0,-10.899999999999977,50499.0
L47239,L,25.650000000000034,35.950000000000045,90.0,1451.0,42.0,7.0,0,0,0,0,0,0,-10.300000000000011,60942.0
L55161,L,27.850000000000023,39.150000000000034,90.0,1570.0,34.9,107.0,0,0,0,0,0,0,-11.300000000000011,54793.0
M15174,M,24.75,35.35000000000002,90.0,1452.0,44.4,5.0,0,0,0,0,0,0,-10.600000000000023,64468.799999999996
M21505,M,28.25,37.25,90.0,1576.0,36.6,121.0,0,0,0,0,0,0,-9.0,57681.600000000006
L48365,L,24.150000000000034,35.25,90.0,1595.0,30.9,26.0,0,0,0,0,0,0,-11.099999999999966,49285.5
M20601,M,28.55000000000001,38.05000000000001,90.0,1542.0,39.4,0.0,0,0,0,0,0,0,-9.5,60754.799999999996
L55118,L,27.650000000000034,38.55000000000001,90.0,1628.0,36.1,221.0,0,0,0,0,0,0,-10.899999999999977,58770.8
M15557,M,24.450000000000045,36.450000000000045,90.0,1412.0,44.0,13.0,0,0,0,0,0,0,-12.0,62128.0
L47278,L,25.75,35.650000000000034,90.0,1455.0,40.7,53.0,0,0,0,0,0,0,-9.900000000000034,59218.50000000001
L50752,L,28.55000000000001,37.55000000000001,90.0,1631.0,31.7,192.0,0,0,0,0,0,0,-9.0,51702.7
L56572,L,24.650000000000034,34.950000000000045,90.0,1437.0,57.3,149.0,0,0,0,0,0,0,-10.300000000000011,82340.09999999999
M17938,M,26.950000000000045,35.85000000000002,90.0,1651.0,31.9,127.0,0,0,0,0,0,0,-8.899999999999977,52666.899999999994
L54973,L,26.950000000000045,38.25,90.0,1576.0,32.5,75.0,0,0,0,0,0,0,-11.299999999999955,51220.0
L54667,L,27.150000000000034,38.450000000000045,90.0,1707.0,33.6,158.0,0,0,0,0,0,0,-11.300000000000011,57355.200000000004
H31628,H,26.25,35.55000000000001,90.0,1655.0,29.2,197.0,0,0,0,0,0,0,-9.300000000000011,48326.0
M22375,M,26.850000000000023,38.35000000000002,90.0,1541.0,35.5,9.0,0,0,0,0,0,0,-11.5,54705.5
L54281,L,27.650000000000034,37.05000000000001,90.0,1498.0,22.8,33.0,0,0,0,0,0,0,-9.399999999999977,34154.4
L47894,L,24.25,35.450000000000045,90.0,1443.0,53.7,156.0,0,0,0,0,0,0,-11.200000000000045,77489.1
L49573,L,26.05000000000001,35.35000000000002,90.0,1544.0,44.3,146.0,0,0,0,0,0,0,-9.300000000000011,68399.2
L56917,L,25.450000000000045,36.450000000000045,90.0,1407.0,50.4,109.0,0,0,0,0,0,0,-11.0,70912.8
L48836,L,25.05000000000001,34.950000000000045,90.0,1615.0,29.4,129.0,0,0,0,0,0,0,-9.900000000000034,47481.0
L50203,L,27.350000000000023,36.35000000000002,90.0,1711.0,29.2,215.0,0,0,0,0,0,0,-9.0,49961.2
L49840,L,26.650000000000034,36.35000000000002,90.0,1724.0,25.9,188.0,0,0,0,0,0,0,-9.699999999999989,44651.6
L49861,L,26.650000000000034,36.35000000000002,90.0,1445.0,42.2,18.0,0,0,0,0,0,0,-9.699999999999989,60979.00000000001
L55897,L,23.950000000000045,35.55000000000001,90.0,1474.0,42.1,64.0,0,0,0,0,0,0,-11.599999999999966,62055.4
L56426,L,25.25,35.950000000000045,90.0,1475.0,48.2,148.0,0,0,0,0,0,0,-10.700000000000045,71095.0
L48892,L,25.350000000000023,34.650000000000034,90.0,1551.0,37.4,72.0,0,0,0,0,0,0,-9.300000000000011,58007.399999999994
M15307,M,24.450000000000045,35.55000000000001,90.0,1477.0,59.9,74.0,0,0,0,0,0,0,-11.099999999999966,88472.3
L53239,L,27.650000000000034,37.85000000000002,90.0,1624.0,34.4,156.0,0,0,0,0,0,0,-10.199999999999989,55865.6
L49465,L,26.25,35.55000000000001,90.0,1476.0,47.5,181.0,0,0,0,0,0,0,-9.300000000000011,70110.0
L54239,L,27.450000000000045,37.450000000000045,90.0,1645.0,32.9,148.0,0,0,0,0,0,0,-10.0,54120.5
L51606,L,29.450000000000045,37.25,90.0,1596.0,35.0,122.0,0,0,0,0,0,0,-7.7999999999999545,55860.0
L54970,L,26.950000000000045,38.25,90.0,1413.0,39.1,71.0,0,0,0,0,0,0,-11.299999999999955,55248.3
L50516,L,28.55000000000001,37.650000000000034,90.0,1535.0,35.4,148.0,0,0,0,0,0,0,-9.100000000000023,54339.0
M21292,M,27.25,36.85000000000002,90.0,1447.0,46.9,13.0,0,0,0,0,0,0,-9.600000000000023,67864.3
L51880,L,30.350000000000023,38.450000000000045,90.0,1492.0,46.1,162.0,0,0,0,0,0,0,-8.100000000000023,68781.2
L50759,L,28.650000000000034,37.55000000000001,90.0,1484.0,39.9,176.0,0,0,0,0,0,0,-8.899999999999977,59211.6
L49270,L,26.350000000000023,36.05000000000001,90.0,1393.0,47.9,20.0,0,0,0,0,0,0,-9.699999999999989,66724.7
M17789,M,27.650000000000034,36.55000000000001,90.0,1469.0,39.0,171.0,0,0,0,0,0,0,-8.899999999999977,57291.0
L57146,L,25.150000000000034,34.75,90.0,1390.0,54.6,147.0,0,0,0,0,0,0,-9.599999999999966,75894.0
M21468,M,28.350000000000023,37.25,90.0,1532.0,36.8,50.0,0,0,0,0,0,0,-8.899999999999977,56377.6
H33499,H,28.850000000000023,37.35000000000002,90.0,1458.0,45.7,119.0,0,0,0,0,0,0,-8.5,66630.6
L56072,L,24.450000000000045,35.450000000000045,90.0,1363.0,45.0,119.0,0,0,0,0,0,0,-11.0,61335.0
L51838,L,30.05000000000001,38.35000000000002,90.0,1523.0,37.1,158.0,0,0,0,0,0,0,-8.300000000000011,56503.3
M21445,M,28.350000000000023,37.55000000000001,90.0,1600.0,37.3,205.0,0,0,0,0,0,0,-9.199999999999989,59679.99999999999
M23864,M,24.05000000000001,34.650000000000034,90.0,1538.0,45.1,186.0,0,0,0,0,0,0,-10.600000000000023,69363.8
L49054,L,25.150000000000034,34.950000000000045,90.0,1598.0,32.7,94.0,0,0,0,0,0,0,-9.800000000000011,52254.600000000006
L50147,L,27.650000000000034,36.55000000000001,90.0,1471.0,47.9,13.0,0,0,0,0,0,0,-8.899999999999977,70460.9
L53890,L,28.25,37.450000000000045,90.0,1488.0,44.0,88.0,0,0,0,0,0,0,-9.200000000000045,65472.0
M24644,M,25.55000000000001,36.75,90.0,1635.0,31.6,64.0,0,0,0,0,0,0,-11.199999999999989,51666.0
L53042,L,28.25,37.85000000000002,90.0,1551.0,40.6,86.0,0,0,0,0,0,0,-9.600000000000023,62970.600000000006
L49414,L,26.25,35.450000000000045,90.0,1492.0,40.5,92.0,0,0,0,0,0,0,-9.200000000000045,60426.0
L56333,L,24.350000000000023,35.450000000000045,90.0,1490.0,43.9,139.0,0,0,0,0,0,0,-11.100000000000023,65411.0
L53141,L,27.150000000000034,37.55000000000001,90.0,1628.0,36.0,123.0,0,0,0,0,0,0,-10.399999999999977,58608.0
L56161,L,23.850000000000023,34.55000000000001,90.0,1415.0,39.4,126.0,0,0,0,0,0,0,-10.699999999999989,55751.0
L48709,L,24.950000000000045,35.85000000000002,90.0,1470.0,37.7,57.0,0,0,0,0,0,0,-10.899999999999977,55419.00000000001
L56922,L,25.75,37.05000000000001,90.0,1623.0,33.9,177.0,0,0,0,0,0,0,-11.300000000000011,55019.7
M17586,M,26.650000000000034,36.150000000000034,90.0,1423.0,35.9,124.0,0,0,0,0,0,0,-9.5,51085.7
L53505,L,27.55000000000001,36.950000000000045,90.0,1721.0,39.0,170.0,0,0,0,0,0,0,-9.400000000000034,67119.0
L52998,L,28.150000000000034,37.85000000000002,90.0,1539.0,33.1,21.0,0,0,0,0,0,0,-9.699999999999989,50940.9
L55431,L,25.950000000000045,37.25,90.0,1435.0,48.9,0.0,0,0,0,0,0,0,-11.299999999999955,70171.5
M21380,M,28.05000000000001,36.950000000000045,90.0,1666.0,36.3,37.0,0,0,0,0,0,0,-8.900000000000034,60475.799999999996
M21663,M,27.950000000000045,37.55000000000001,90.0,1535.0,40.2,109.0,0,0,0,0,0,0,-9.599999999999966,61707.00000000001
L55070,L,27.75,39.25,90.0,1767.0,23.8,137.0,0,0,0,0,0,0,-11.5,42054.6
H32357,H,27.350000000000023,36.25,90.0,1721.0,27.3,156.0,0,0,0,0,0,0,-8.899999999999977,46983.3
L51725,L,29.350000000000023,37.35000000000002,90.0,1591.0,38.1,177.0,0,0,0,0,0,0,-8.0,60617.100000000006
M23536,M,24.350000000000023,35.35000000000002,90.0,1520.0,41.9,171.0,0,0,0,0,0,0,-11.0,63688.0
L53414,L,27.650000000000034,37.25,90.0,1586.0,34.3,139.0,0,0,0,0,0,0,-9.599999999999966,54399.799999999996
L54269,L,27.450000000000045,37.05000000000001,90.0,1498.0,39.4,3.0,0,0,0,0,0,0,-9.599999999999966,59021.2
L56679,L,26.05000000000001,36.950000000000045,90.0,1396.0,52.0,10.0,0,0,0,0,0,0,-10.900000000000034,72592.0
L52127,L,30.55000000000001,39.55000000000001,90.0,1517.0,39.0,120.0,0,0,0,0,0,0,-9.0,59163.0
L53349,L,27.55000000000001,37.35000000000002,90.0,1448.0,45.1,218.0,0,0,0,0,0,0,-9.800000000000011,65304.8
M16136,M,25.05000000000001,36.25,90.0,1693.0,34.4,197.0,0,0,0,0,0,0,-11.199999999999989,58239.2
H37474,H,27.05000000000001,38.35000000000002,90.0,1479.0,35.7,73.0,0,0,0,0,0,0,-11.300000000000011,52800.3
L56731,L,26.450000000000045,37.650000000000034,90.0,1709.0,30.7,139.0,0,0,0,0,0,0,-11.199999999999989,52466.299999999996
H30574,H,25.450000000000045,37.05000000000001,90.0,1419.0,46.4,10.0,0,0,0,0,0,0,-11.599999999999966,65841.59999999999
L51795,L,29.850000000000023,37.950000000000045,90.0,1823.0,27.0,181.0,0,0,0,0,0,0,-8.100000000000023,49221.0
L57088,L,25.450000000000045,35.85000000000002,90.0,1441.0,47.7,0.0,0,0,0,0,0,0,-10.399999999999977,68735.7
L50343,L,27.25,36.650000000000034,90.0,1533.0,32.6,158.0,0,0,0,0,0,0,-9.400000000000034,49975.8
M21049,M,27.850000000000023,37.75,90.0,1511.0,37.1,7.0,0,0,0,0,0,0,-9.899999999999977,56058.1
L51509,L,29.450000000000045,38.25,90.0,1445.0,45.3,171.0,0,0,0,0,0,0,-8.799999999999955,65458.49999999999
L50197,L,27.350000000000023,36.650000000000034,90.0,1417.0,43.0,189.0,0,0,0,0,0,0,-9.300000000000011,60931.0
L56747,L,26.650000000000034,37.950000000000045,90.0,1383.0,46.9,181.0,0,0,0,0,0,0,-11.300000000000011,64862.7
M21748,M,27.850000000000023,38.25,90.0,1496.0,40.5,116.0,0,0,0,0,0,0,-10.399999999999977,60588.0
M23441,M,24.350000000000023,34.85000000000002,90.0,1429.0,45.8,49.0,0,0,0,0,0,0,-10.5,65448.2
L53851,L,28.55000000000001,37.450000000000045,90.0,1617.0,34.1,212.0,0,0,0,0,0,0,-8.900000000000034,55139.700000000004
L54714,L,26.850000000000023,38.05000000000001,90.0,1544.0,35.6,59.0,0,0,0,0,0,0,-11.199999999999989,54966.4
L56225,L,24.150000000000034,35.25,90.0,1556.0,36.7,65.0,0,0,0,0,0,0,-11.099999999999966,57105.200000000004
M24783,M,25.350000000000023,36.25,90.0,1548.0,35.5,33.0,0,0,0,0,0,0,-10.899999999999977,54954.0
L54261,L,27.55000000000001,37.25,90.0,1366.0,52.4,98.0,0,0,0,0,0,0,-9.699999999999989,71578.4
L51242,L,28.850000000000023,37.75,90.0,1409.0,44.0,64.0,0,0,0,0,0,0,-8.899999999999977,61996.0
L56272,L,24.05000000000001,34.950000000000045,90.0,1468.0,39.4,59.0,0,0,0,0,0,0,-10.900000000000034,57839.2
L54839,L,27.350000000000023,38.25,90.0,1528.0,42.4,53.0,0,0,0,0,0,0,-10.899999999999977,64787.2
L50873,L,29.05000000000001,38.35000000000002,90.0,1758.0,24.2,202.0,0,0,0,0,0,0,-9.300000000000011,42543.6
M16151,M,25.450000000000045,36.55000000000001,90.0,1458.0,48.2,115.0,0,0,0,0,0,0,-11.099999999999966,70275.6
L48836,L,25.05000000000001,34.950000000000045,90.0,1526.0,42.5,110.0,0,0,0,0,0,0,-9.900000000000034,64855.0
L54327,L,27.05000000000001,36.650000000000034,90.0,1566.0,36.6,152.0,0,0,0,0,0,0,-9.600000000000023,57315.600000000006
L53657,L,27.350000000000023,36.55000000000001,90.0,1548.0,24.6,59.0,0,0,0,0,0,0,-9.199999999999989,38080.8
L55897,L,23.950000000000045,35.55000000000001,90.0,1474.0,42.4,64.0,0,0,0,0,0,0,-11.599999999999966,62497.6
M17577,M,26.350000000000023,35.85000000000002,90.0,1330.0,56.8,103.0,0,0,0,0,0,0,-9.5,75544.0
L55512,L,25.650000000000034,36.55000000000001,90.0,1450.0,40.2,147.0,0,0,0,0,0,0,-10.899999999999977,58290.00000000001
L53758,L,28.25,37.25,90.0,1497.0,40.9,190.0,0,0,0,0,0,0,-9.0,61227.299999999996
M24217,M,25.05000000000001,35.650000000000034,90.0,1459.0,39.2,39.0,0,0,0,0,0,0,-10.600000000000023,57192.8
L55983,L,24.25,35.55000000000001,90.0,1355.0,56.9,73.0,0,0,0,0,0,0,-11.300000000000011,77099.5
L51622,L,29.350000000000023,37.05000000000001,90.0,1564.0,38.5,150.0,0,0,0,0,0,0,-7.699999999999989,60214.0
M20965,M,27.75,37.650000000000034,90.0,1540.0,46.2,76.0,0,0,0,0,0,0,-9.900000000000034,71148.0
M24447,M,26.150000000000034,37.35000000000002,90.0,1493.0,38.5,148.0,0,0,0,0,0,0,-11.199999999999989,57480.5
L54248,L,27.650000000000034,37.450000000000045,90.0,1557.0,36.3,131.0,0,0,0,0,0,0,-9.800000000000011,56519.1
L55621,L,25.450000000000045,36.85000000000002,90.0,1565.0,39.4,2.0,0,0,0,0,0,0,-11.399999999999977,61661.0
H38513,H,24.150000000000034,35.05000000000001,90.0,1677.0,34.9,21.0,0,0,0,0,0,0,-10.899999999999977,58527.299999999996
L54815,L,27.25,38.35000000000002,90.0,1374.0,54.6,101.0,0,0,0,0,0,0,-11.100000000000023,75020.40000000001
L57153,L,25.350000000000023,35.05000000000001,90.0,1344.0,50.5,170.0,0,0,0,0,0,0,-9.699999999999989,67872.0
L51050,L,29.55000000000001,38.650000000000034,90.0,1491.0,50.2,10.0,0,0,0,0,0,0,-9.100000000000023,74848.2
L56544,L,24.75,35.35000000000002,90.0,1610.0,39.2,63.0,0,0,0,0,0,0,-10.600000000000023,63112.00000000001
H36453,H,27.450000000000045,37.450000000000045,90.0,1554.0,37.0,91.0,0,0,0,0,0,0,-10.0,57498.0
M17173,M,26.05000000000001,35.35000000000002,90.0,1441.0,40.1,74.0,0,0,0,0,0,0,-9.300000000000011,57784.1
L54648,L,27.150000000000034,38.150000000000034,90.0,1479.0,40.3,153.0,0,0,0,0,0,0,-11.0,59603.7
M20857,M,27.350000000000023,37.150000000000034,90.0,1426.0,46.9,197.0,0,0,0,0,0,0,-9.800000000000011,66879.4
L55567,L,25.75,36.650000000000034,90.0,1753.0,30.0,73.0,0,0,0,0,0,0,-10.900000000000034,52590.0
M16981,M,26.05000000000001,35.650000000000034,90.0,1503.0,37.4,92.0,0,0,0,0,0,0,-9.600000000000023,56212.2
L47187,L,24.950000000000045,35.450000000000045,90.0,1611.0,35.2,16.0,0,0,0,0,0,0,-10.5,56707.200000000004
L48938,L,25.25,35.05000000000001,90.0,1608.0,33.9,193.0,0,0,0,0,0,0,-9.800000000000011,54511.2
L53257,L,27.75,37.55000000000001,90.0,1339.0,59.3,201.0,1,0,0,0,1,0,-9.800000000000011,79402.7
L50307,L,26.850000000000023,36.35000000000002,90.0,1469.0,28.3,48.0,0,0,0,0,0,0,-9.5,41572.700000000004
M16791,M,25.05000000000001,34.950000000000045,90.0,1569.0,31.3,51.0,0,0,0,0,0,0,-9.900000000000034,49109.700000000004
L47844,L,24.450000000000045,35.75,90.0,1543.0,37.5,2.0,0,0,0,0,0,0,-11.299999999999955,57862.5
L55127,L,27.650000000000034,38.55000000000001,90.0,1569.0,34.3,201.0,0,0,0,0,0,0,-10.899999999999977,53816.7
M22418,M,27.150000000000034,38.25,90.0,1602.0,48.1,79.0,0,0,0,0,0,0,-11.099999999999966,77056.2
L53537,L,26.950000000000045,36.650000000000034,90.0,1398.0,54.8,39.0,0,0,0,0,0,0,-9.699999999999989,76610.4
M20427,M,29.55000000000001,39.05000000000001,90.0,1472.0,46.5,0.0,0,0,0,0,0,0,-9.5,68448.0
L47264,L,25.75,35.75,90.0,1567.0,35.6,15.0,0,0,0,0,0,0,-10.0,55785.200000000004
L50088,L,27.55000000000001,36.450000000000045,90.0,1633.0,36.5,120.0,0,0,0,0,0,0,-8.900000000000034,59604.5
M15532,M,24.55000000000001,35.75,90.0,1539.0,43.2,196.0,0,0,0,0,0,0,-11.199999999999989,66484.8
L54665,L,27.150000000000034,38.450000000000045,90.0,1705.0,27.5,154.0,0,0,0,0,0,0,-11.300000000000011,46887.5
L52821,L,29.450000000000045,38.950000000000045,90.0,1380.0,37.3,184.0,0,0,0,0,0,0,-9.5,51473.99999999999
L53705,L,28.25,37.450000000000045,90.0,1470.0,43.7,49.0,0,0,0,0,0,0,-9.200000000000045,64239.00000000001
L48523,L,25.350000000000023,37.05000000000001,90.0,1676.0,32.7,26.0,0,0,0,0,0,0,-11.699999999999989,54805.200000000004
L48339,L,23.850000000000023,34.650000000000034,90.0,1564.0,37.0,193.0,0,0,0,0,0,0,-10.800000000000011,57868.0
L54272,L,27.450000000000045,37.05000000000001,90.0,1488.0,42.5,14.0,0,0,0,0,0,0,-9.599999999999966,63240.0
L53878,L,28.55000000000001,37.650000000000034,90.0,1496.0,36.5,46.0,0,0,0,0,0,0,-9.100000000000023,54604.0
M23226,M,25.650000000000034,36.650000000000034,90.0,1624.0,34.5,18.0,0,0,0,0,0,0,-11.0,56028.0
L47786,L,23.850000000000023,34.75,90.0,1474.0,39.2,113.0,0,0,0,0,0,0,-10.899999999999977,57780.8
L55122,L,27.650000000000034,38.75,90.0,1623.0,33.3,198.0,0,0,0,0,0,0,-11.099999999999966,54045.899999999994
L49209,L,25.55000000000001,35.35000000000002,90.0,1668.0,31.9,79.0,0,0,0,0,0,0,-9.800000000000011,53209.2
L55145,L,27.950000000000045,39.150000000000034,90.0,1336.0,58.2,65.0,0,0,0,0,0,0,-11.199999999999989,77755.2
L55628,L,25.450000000000045,36.85000000000002,90.0,1426.0,41.2,19.0,0,0,0,0,0,0,-11.399999999999977,58751.200000000004
L50190,L,27.25,36.450000000000045,90.0,1425.0,49.8,187.0,0,0,0,0,0,0,-9.200000000000045,70965.0
L47267,L,25.850000000000023,35.85000000000002,90.0,1743.0,26.9,25.0,0,0,0,0,0,0,-10.0,46886.7
L53482,L,27.950000000000045,37.650000000000034,90.0,1353.0,55.2,166.0,0,0,0,0,0,0,-9.699999999999989,74685.6
L49880,L,26.75,36.150000000000034,90.0,1260.0,56.4,57.0,0,0,0,0,0,0,-9.400000000000034,71064.0
L51496,L,28.350000000000023,37.85000000000002,90.0,1408.0,47.5,38.0,0,0,0,0,0,0,-9.5,66880.0
M22255,M,26.55000000000001,37.450000000000045,90.0,1572.0,46.5,127.0,0,0,0,0,0,0,-10.900000000000034,73098.0
L47875,L,24.450000000000045,35.85000000000002,90.0,1487.0,38.8,64.0,0,0,0,0,0,0,-11.399999999999977,57695.6
L49220,L,25.850000000000023,35.75,90.0,1494.0,38.5,127.0,0,0,0,0,0,0,-9.899999999999977,57519.0
L51025,L,29.25,38.150000000000034,90.0,1309.0,61.5,76.0,0,0,0,0,0,0,-8.900000000000034,80503.5
L47436,L,24.850000000000023,35.150000000000034,90.0,1479.0,42.5,23.0,0,0,0,0,0,0,-10.300000000000011,62857.5
H36610,H,26.850000000000023,36.950000000000045,90.0,1426.0,40.7,74.0,0,0,0,0,0,0,-10.100000000000023,58038.200000000004
L48185,L,23.05000000000001,34.25,90.0,1418.0,52.0,185.0,0,0,0,0,0,0,-11.199999999999989,73736.0
L55410,L,25.950000000000045,37.35000000000002,90.0,1675.0,30.3,146.0,0,0,0,0,0,0,-11.399999999999977,50752.5
M17531,M,26.55000000000001,36.150000000000034,90.0,1614.0,35.9,221.0,0,0,0,0,0,0,-9.600000000000023,57942.6
M16235,M,25.650000000000034,37.150000000000034,90.0,1635.0,32.0,92.0,0,0,0,0,0,0,-11.5,52320.0
L49410,L,26.350000000000023,35.450000000000045,90.0,1446.0,47.4,173.0,0,0,0,0,0,0,-9.100000000000023,68540.4
L49885,L,26.55000000000001,35.85000000000002,90.0,1432.0,42.0,71.0,0,0,0,0,0,0,-9.300000000000011,60144.0
M15556,M,24.450000000000045,36.05000000000001,90.0,1815.0,25.3,173.0,0,0,0,0,0,0,-11.599999999999966,45919.5
L51843,L,30.150000000000034,38.450000000000045,90.0,1589.0,34.4,39.0,0,0,0,0,0,0,-8.300000000000011,54661.6
M23238,M,25.650000000000034,36.75,90.0,1510.0,46.6,46.0,0,0,0,0,0,0,-11.099999999999966,70366.0
L56906,L,25.650000000000034,36.55000000000001,90.0,1408.0,47.7,139.0,0,0,0,0,0,0,-10.899999999999977,67161.6
L47518,L,24.350000000000023,35.25,90.0,1727.0,27.1,93.0,0,0,0,0,0,0,-10.899999999999977,46801.700000000004
L50080,L,27.350000000000023,36.150000000000034,90.0,1500.0,45.3,101.0,0,0,0,0,0,0,-8.800000000000011,67950.0
L55897,L,24.05000000000001,35.55000000000001,90.0,1550.0,45.3,64.0,0,0,0,0,0,0,-11.5,70215.0
L53947,L,28.25,37.650000000000034,90.0,1463.0,50.1,11.0,0,0,0,0,0,0,-9.400000000000034,73296.3
L47730,L,24.25,36.25,90.0,1585.0,32.1,116.0,0,0,0,0,0,0,-12.0,50878.5
L49102,L,24.950000000000045,34.650000000000034,90.0,1627.0,34.6,9.0,0,0,0,0,0,0,-9.699999999999989,56294.200000000004
L50002,L,27.150000000000034,36.150000000000034,90.0,1487.0,44.4,140.0,0,0,0,0,0,0,-9.0,66022.8
L51648,L,29.25,37.35000000000002,90.0,1448.0,46.5,209.0,0,0,0,0,0,0,-8.100000000000023,67332.0
L51766,L,29.650000000000034,38.05000000000001,90.0,1461.0,32.3,80.0,0,0,0,0,0,0,-8.399999999999977,47190.299999999996
L49794,L,26.150000000000034,35.950000000000045,90.0,1581.0,35.5,62.0,0,0,0,0,0,0,-9.800000000000011,56125.5
M16199,M,25.450000000000045,37.05000000000001,90.0,1553.0,31.5,39.0,0,0,0,0,0,0,-11.599999999999966,48919.5
L48892,L,25.150000000000034,34.75,90.0,1551.0,33.8,48.0,0,0,0,0,0,0,-9.599999999999966,52423.799999999996
L49124,L,24.950000000000045,34.950000000000045,90.0,1442.0,47.6,63.0,0,0,0,0,0,0,-10.0,68639.2
L57067,L,25.650000000000034,36.35000000000002,90.0,1553.0,34.7,147.0,0,0,0,0,0,0,-10.699999999999989,53889.100000000006
L52722,L,29.55000000000001,38.950000000000045,90.0,1530.0,34.0,158.0,0,0,0,0,0,0,-9.400000000000034,52020.0
L51890,L,30.25,38.55000000000001,90.0,1509.0,36.5,74.0,0,0,0,0,0,0,-8.300000000000011,55078.5
L57125,L,25.150000000000034,34.85000000000002,90.0,1578.0,37.8,11.0,0,0,0,0,0,0,-9.699999999999989,59648.399999999994
L47544,L,24.450000000000045,35.25,90.0,1367.0,57.5,86.0,0,0,0,0,0,0,-10.799999999999955,78602.5
L54441,L,27.25,37.05000000000001,90.0,1818.0,25.1,14.0,0,0,0,0,0,0,-9.800000000000011,45631.8
L48254,L,23.850000000000023,34.75,90.0,1428.0,41.7,170.0,0,0,0,0,0,0,-10.899999999999977,59547.600000000006
L53197,L,27.650000000000034,37.650000000000034,90.0,1540.0,38.5,78.0,0,0,0,0,0,0,-10.0,59290.0
M18688,M,28.850000000000023,37.650000000000034,90.0,1738.0,25.2,0.0,0,0,0,0,0,0,-8.800000000000011,43797.6
L52041,L,30.350000000000023,39.150000000000034,90.0,1445.0,47.5,124.0,0,0,0,0,0,0,-8.800000000000011,68637.5
L50216,L,27.25,36.450000000000045,90.0,1319.0,48.7,26.0,0,0,0,0,0,0,-9.200000000000045,64235.3
L53433,L,27.650000000000034,37.25,90.0,1510.0,30.9,200.0,0,0,0,0,0,0,-9.599999999999966,46659.0
H38789,H,24.55000000000001,35.25,90.0,1629.0,32.5,91.0,0,0,0,0,0,0,-10.699999999999989,52942.5
L53115,L,27.350000000000023,37.35000000000002,90.0,1384.0,52.4,71.0,0,0,0,0,0,0,-10.0,72521.59999999999
M23751,M,24.55000000000001,35.75,90.0,1498.0,32.9,192.0,0,0,0,0,0,0,-11.199999999999989,49284.2
H30130,H,24.450000000000045,35.75,90.0,1689.0,30.8,54.0,0,0,0,0,0,0,-11.299999999999955,52021.200000000004
L53852,L,28.450000000000045,37.450000000000045,90.0,1563.0,37.2,214.0,0,0,0,0,0,0,-9.0,58143.600000000006
L51322,L,28.75,36.950000000000045,90.0,1498.0,37.2,54.0,0,0,0,0,0,0,-8.200000000000045,55725.600000000006
L54238,L,27.55000000000001,37.450000000000045,90.0,1382.0,50.9,143.0,0,0,0,0,0,0,-9.900000000000034,70343.8
H37675,H,26.05000000000001,37.450000000000045,90.0,1434.0,47.7,98.0,0,0,0,0,0,0,-11.400000000000034,68401.8
L54725,L,27.05000000000001,38.25,90.0,1516.0,39.1,158.0,0,0,0,0,0,0,-11.199999999999989,59275.6
L47410,L,25.150000000000034,35.35000000000002,90.0,1570.0,34.8,175.0,0,0,0,0,0,0,-10.199999999999989,54635.99999999999
M22402,M,27.25,38.450000000000045,90.0,1486.0,41.1,184.0,0,0,0,0,0,0,-11.200000000000045,61074.6
H38289,H,24.150000000000034,34.950000000000045,90.0,1364.0,47.3,150.0,0,0,0,0,0,0,-10.800000000000011,64517.2
L54280,L,27.55000000000001,37.05000000000001,90.0,1569.0,22.3,34.0,0,0,0,0,0,0,-9.5,34988.700000000004
L55922,L,24.150000000000034,35.450000000000045,90.0,1629.0,31.5,76.0,0,0,0,0,0,0,-11.300000000000011,51313.5
L54667,L,26.150000000000034,38.55000000000001,90.0,1763.0,33.6,158.0,0,0,0,0,0,0,-12.399999999999977,59236.8
L52586,L,29.55000000000001,39.25,90.0,1556.0,39.9,11.0,0,0,0,0,0,0,-9.699999999999989,62084.399999999994
M24325,M,25.450000000000045,36.25,90.0,1450.0,47.8,138.0,0,0,0,0,0,0,-10.799999999999955,69310.0
M24298,M,24.950000000000045,35.35000000000002,90.0,1578.0,34.6,56.0,0,0,0,0,0,0,-10.399999999999977,54598.8
M15766,M,22.450000000000045,32.950000000000045,90.0,1569.0,35.2,158.0,0,0,0,0,0,0,-10.5,55228.8
M19822,M,30.850000000000023,39.55000000000001,90.0,1568.0,41.2,160.0,0,0,0,0,0,0,-8.699999999999989,64601.600000000006
H31834,H,25.650000000000034,35.35000000000002,90.0,1803.0,25.2,26.0,0,0,0,0,0,0,-9.699999999999989,45435.6
M15474,M,24.55000000000001,36.450000000000045,90.0,1544.0,38.5,55.0,0,0,0,0,0,0,-11.900000000000034,59444.0
L55674,L,25.150000000000034,36.35000000000002,90.0,1542.0,36.7,158.0,0,0,0,0,0,0,-11.199999999999989,56591.4
M23846,M,23.950000000000045,34.650000000000034,90.0,1443.0,47.2,165.0,0,0,0,0,0,0,-10.699999999999989,68109.6
L49940,L,26.650000000000034,36.05000000000001,90.0,1679.0,28.8,181.0,0,0,0,0,0,0,-9.399999999999977,48355.200000000004
L53589,L,26.850000000000023,36.450000000000045,90.0,1423.0,40.8,155.0,0,0,0,0,0,0,-9.600000000000023,58058.399999999994
L55282,L,27.150000000000034,38.650000000000034,90.0,1483.0,45.8,182.0,0,0,0,0,0,0,-11.5,67921.4
H35158,H,28.05000000000001,37.85000000000002,90.0,1589.0,35.7,121.0,0,0,0,0,0,0,-9.800000000000011,56727.3
L47748,L,24.650000000000034,36.650000000000034,90.0,1734.0,31.1,151.0,0,0,0,0,0,0,-12.0,53927.4
L52033,L,30.55000000000001,39.150000000000034,90.0,1491.0,35.5,94.0,0,0,0,0,0,0,-8.600000000000023,52930.5
M21496,M,28.350000000000023,37.35000000000002,90.0,1742.0,25.3,112.0,0,0,0,0,0,0,-9.0,44072.6
L51117,L,29.350000000000023,38.25,90.0,1532.0,41.8,192.0,0,0,0,0,0,0,-8.899999999999977,64037.6
M18028,M,27.25,36.55000000000001,90.0,1616.0,31.8,181.0,0,0,0,0,0,0,-9.300000000000011,51388.8
L50251,L,26.850000000000023,35.950000000000045,90.0,1437.0,44.7,199.0,0,0,0,0,0,0,-9.100000000000023,64233.9
L47295,L,25.650000000000034,35.55000000000001,90.0,1591.0,32.0,97.0,0,0,0,0,0,0,-9.899999999999977,50912.0
L55795,L,24.450000000000045,35.25,90.0,1619.0,32.4,9.0,0,0,0,0,0,0,-10.799999999999955,52455.6
L54976,L,27.05000000000001,38.55000000000001,90.0,1433.0,52.4,90.0,0,0,0,0,0,0,-11.5,75089.2
M17806,M,27.450000000000045,36.35000000000002,90.0,1543.0,30.5,94.0,0,0,0,0,0,0,-8.899999999999977,47061.5
L51612,L,29.25,37.05000000000001,90.0,1492.0,45.7,5.0,0,0,0,0,0,0,-7.800000000000011,68184.40000000001
L47286,L,25.650000000000034,35.75,90.0,1526.0,36.9,70.0,0,0,0,0,0,0,-10.099999999999966,56309.4
L51691,L,29.25,36.950000000000045,90.0,1563.0,34.1,117.0,0,0,0,0,0,0,-7.7000000000000455,53298.3
L48677,L,24.850000000000023,35.55000000000001,90.0,1453.0,45.7,202.0,0,0,0,0,0,0,-10.699999999999989,66402.1
M20700,M,28.150000000000034,37.85000000000002,90.0,1734.0,27.6,181.0,0,0,0,0,0,0,-9.699999999999989,47858.4
L49772,L,25.75,35.450000000000045,90.0,1326.0,53.3,4.0,0,0,0,0,0,0,-9.700000000000045,70675.8
L48028,L,23.450000000000045,34.25,90.0,1465.0,47.1,204.0,0,0,0,0,0,0,-10.799999999999955,69001.5
L56930,L,25.450000000000045,36.85000000000002,90.0,1556.0,35.7,197.0,0,0,0,0,0,0,-11.399999999999977,55549.200000000004
M22669,M,26.950000000000045,38.25,90.0,1537.0,37.1,120.0,0,0,0,0,0,0,-11.299999999999955,57022.700000000004
L48428,L,24.05000000000001,35.450000000000045,90.0,1348.0,58.7,204.0,0,0,0,0,0,0,-11.400000000000034,79127.6
M18105,M,27.850000000000023,36.450000000000045,90.0,1624.0,32.8,138.0,0,0,0,0,0,0,-8.600000000000023,53267.2
M23124,M,25.850000000000023,37.450000000000045,90.0,1448.0,43.8,165.0,0,0,0,0,0,0,-11.600000000000023,63422.399999999994
L52937,L,28.75,37.75,90.0,1366.0,55.6,56.0,0,0,0,0,0,0,-9.0,75949.6
L49025,L,24.55000000000001,34.05000000000001,90.0,1444.0,40.0,5.0,0,0,0,0,0,0,-9.5,57760.0
L56436,L,25.05000000000001,35.75,90.0,1326.0,57.3,181.0,0,0,0,0,0,0,-10.699999999999989,75979.8
L57048,L,25.650000000000034,36.650000000000034,90.0,1403.0,46.3,130.0,0,0,0,0,0,0,-11.0,64958.899999999994
M19549,M,30.25,38.35000000000002,90.0,1560.0,45.3,114.0,0,0,0,0,0,0,-8.100000000000023,70668.0
L47502,L,24.650000000000034,36.85000000000002,90.0,1448.0,40.0,192.0,0,0,0,0,0,0,-12.199999999999989,57920.0
L51790,L,29.850000000000023,38.150000000000034,90.0,1356.0,48.1,88.0,0,0,0,0,0,0,-8.300000000000011,65223.6
M16600,M,25.350000000000023,34.75,90.0,1640.0,41.9,146.0,0,0,0,0,0,0,-9.399999999999977,68716.0
L54099,L,27.850000000000023,37.950000000000045,90.0,1539.0,39.8,135.0,0,0,0,0,0,0,-10.100000000000023,61252.2
L56947,L,25.450000000000045,36.450000000000045,90.0,1563.0,42.0,5.0,0,0,0,0,0,0,-11.0,65646.0
L48818,L,24.75,34.650000000000034,90.0,1472.0,43.8,104.0,0,0,0,0,0,0,-9.900000000000034,64473.6
L49657,L,25.75,35.35000000000002,90.0,1387.0,57.3,0.0,0,0,0,0,0,0,-9.600000000000023,79475.09999999999
L49954,L,26.650000000000034,36.05000000000001,90.0,1668.0,30.1,33.0,0,0,0,0,0,0,-9.399999999999977,50206.8
L54152,L,27.55000000000001,37.85000000000002,90.0,1601.0,33.1,157.0,0,0,0,0,0,0,-10.300000000000011,52993.100000000006
M19972,M,30.950000000000045,40.450000000000045,90.0,1441.0,43.7,48.0,0,0,0,0,0,0,-9.5,62971.700000000004
L47782,L,24.55000000000001,35.75,90.0,1488.0,40.3,84.0,0,0,0,0,0,0,-11.199999999999989,59966.399999999994
L53562,L,26.950000000000045,36.650000000000034,90.0,1480.0,47.7,106.0,0,0,0,0,0,0,-9.699999999999989,70596.0
H33389,H,29.25,37.950000000000045,90.0,1426.0,45.6,76.0,0,0,0,0,0,0,-8.700000000000045,65025.6
L56302,L,24.25,35.450000000000045,90.0,1580.0,41.2,66.0,0,0,0,0,0,0,-11.200000000000045,65096.00000000001
L51614,L,29.25,37.05000000000001,90.0,1422.0,47.3,132.0,0,0,0,0,0,0,-7.800000000000011,67260.59999999999
L49073,L,24.650000000000034,34.35000000000002,90.0,1434.0,41.7,202.0,0,0,0,0,0,0,-9.699999999999989,59797.8
L48656,L,25.650000000000034,36.35000000000002,90.0,1364.0,53.9,136.0,0,0,0,0,0,0,-10.699999999999989,73519.59999999999
L54459,L,26.850000000000023,36.950000000000045,90.0,1620.0,31.0,60.0,0,0,0,0,0,0,-10.100000000000023,50220.0
L56449,L,25.05000000000001,35.650000000000034,90.0,1354.0,60.9,47.0,0,0,0,0,0,0,-10.600000000000023,82458.59999999999
L55770,L,24.25,34.75,90.0,1634.0,32.3,169.0,0,0,0,0,0,0,-10.5,52778.2
M20902,M,27.650000000000034,37.85000000000002,90.0,1500.0,36.6,109.0,0,0,0,0,0,0,-10.199999999999989,54900.0
L54188,L,27.350000000000023,37.35000000000002,90.0,1435.0,49.6,25.0,0,0,0,0,0,0,-10.0,71176.0
L47230,L,25.650000000000034,35.950000000000045,90.0,1526.0,37.2,143.0,0,0,0,0,0,0,-10.300000000000011,56767.200000000004
M24803,M,25.25,34.950000000000045,90.0,1395.0,44.0,92.0,0,0,0,0,0,0,-9.700000000000045,61380.0
L54228,L,27.450000000000045,37.25,90.0,1469.0,41.9,116.0,0,0,0,0,0,0,-9.799999999999955,61551.1
H38354,H,24.05000000000001,35.450000000000045,90.0,1622.0,34.4,42.0,0,0,0,0,0,0,-11.400000000000034,55796.799999999996
L55071,L,27.650000000000034,39.35000000000002,90.0,1541.0,36.7,107.0,0,0,0,0,0,0,-11.699999999999989,56554.700000000004
L56516,L,25.350000000000023,35.75,90.0,1781.0,28.9,30.0,0,0,0,0,0,0,-10.399999999999977,51470.899999999994
L55885,L,24.05000000000001,35.450000000000045,90.0,1523.0,52.4,37.0,0,0,0,0,0,0,-11.400000000000034,79805.2
L55139,L,27.850000000000023,38.950000000000045,90.0,1578.0,32.3,50.0,0,0,0,0,0,0,-11.100000000000023,50969.399999999994
L47389,L,25.150000000000034,35.450000000000045,90.0,1523.0,44.0,124.0,0,0,0,0,0,0,-10.300000000000011,67012.0
M24447,M,26.05000000000001,37.35000000000002,90.0,1634.0,33.8,0.0,0,0,0,0,0,0,-11.300000000000011,55229.2
M18047,M,27.05000000000001,36.25,90.0,1439.0,47.3,208.0,0,0,0,0,0,0,-9.199999999999989,68064.7
M18248,M,28.55000000000001,37.55000000000001,90.0,1435.0,48.0,66.0,0,0,0,0,0,0,-9.0,68880.0
M15024,M,25.25,35.05000000000001,90.0,1490.0,42.5,194.0,0,0,0,0,0,0,-9.800000000000011,63325.0
H36416,H,27.55000000000001,37.450000000000045,90.0,1412.0,47.2,201.0,0,0,0,0,0,0,-9.900000000000034,66646.40000000001
M20445,M,29.25,38.85000000000002,90.0,1495.0,42.8,125.0,0,0,0,0,0,0,-9.600000000000023,63985.99999999999
L48520,L,25.450000000000045,37.05000000000001,90.0,1521.0,40.2,146.0,0,0,0,0,0,0,-11.599999999999966,61144.200000000004
H35040,H,29.55000000000001,38.950000000000045,90.0,1457.0,32.5,148.0,0,0,0,0,0,0,-9.400000000000034,47352.5
L56161,L,23.850000000000023,34.55000000000001,90.0,1453.0,39.4,0.0,0,0,0,0,0,0,-10.699999999999989,57248.2
H32366,H,27.75,36.55000000000001,90.0,1551.0,38.5,149.0,0,0,0,0,0,0,-8.800000000000011,59713.5
L54630,L,27.150000000000034,38.650000000000034,90.0,1590.0,35.5,146.0,0,0,0,0,0,0,-11.5,56445.0
L49197,L,25.55000000000001,35.35000000000002,90.0,1483.0,46.4,46.0,0,0,0,0,0,0,-9.800000000000011,68811.2
M20956,M,27.650000000000034,37.55000000000001,90.0,1435.0,40.8,28.0,0,0,0,0,0,0,-9.899999999999977,58547.99999999999
M23197,M,25.75,36.650000000000034,90.0,1589.0,39.0,110.0,0,0,0,0,0,0,-10.900000000000034,61971.0
L56161,L,23.850000000000023,34.55000000000001,90.0,1502.0,36.7,126.0,0,0,0,0,0,0,-10.699999999999989,55123.4
L56674,L,26.05000000000001,36.75,90.0,1519.0,40.0,219.0,0,0,0,0,0,0,-10.699999999999989,60760.0
L53232,L,27.75,37.650000000000034,90.0,1542.0,37.2,0.0,0,0,0,0,0,0,-9.900000000000034,57362.4
L56725,L,26.450000000000045,37.85000000000002,90.0,1608.0,34.9,124.0,0,0,0,0,0,0,-11.399999999999977,56119.2
L48825,L,24.950000000000045,34.650000000000034,90.0,1624.0,29.8,123.0,0,0,0,0,0,0,-9.699999999999989,48395.200000000004
L54104,L,27.55000000000001,37.950000000000045,90.0,1486.0,39.8,39.0,0,0,0,0,0,0,-10.400000000000034,59142.799999999996
L54856,L,27.350000000000023,38.55000000000001,90.0,1448.0,42.0,206.0,0,0,0,0,0,0,-11.199999999999989,60816.0
M17609,M,26.55000000000001,36.05000000000001,90.0,1577.0,35.2,169.0,0,0,0,0,0,0,-9.5,55510.4
L48825,L,24.75,34.650000000000034,90.0,1492.0,38.5,123.0,0,0,0,0,0,0,-9.900000000000034,57442.0
L56260,L,24.05000000000001,34.85000000000002,90.0,1544.0,37.3,174.0,0,0,0,0,0,0,-10.800000000000011,57591.2
L56487,L,25.150000000000034,35.85000000000002,90.0,1459.0,49.8,114.0,0,0,0,0,0,0,-10.699999999999989,72658.2
H31153,H,25.25,34.75,90.0,1260.0,54.2,141.0,0,0,0,0,0,0,-9.5,68292.0
L55656,L,25.350000000000023,36.35000000000002,90.0,1390.0,48.6,153.0,0,0,0,0,0,0,-11.0,67554.0
L56176,L,24.05000000000001,34.75,90.0,1499.0,36.9,71.0,0,0,0,0,0,0,-10.699999999999989,55313.1
L56470,L,25.05000000000001,35.85000000000002,90.0,1550.0,44.2,16.0,0,0,0,0,0,0,-10.800000000000011,68510.0
M16079,M,23.75,34.950000000000045,90.0,1469.0,41.8,150.0,0,0,0,0,0,0,-11.200000000000045,61404.2
L50728,L,28.450000000000045,37.75,90.0,1478.0,39.8,137.0,0,0,0,0,0,0,-9.299999999999955,58824.399999999994
H32274,H,27.25,36.150000000000034,90.0,1693.0,32.1,209.0,0,0,0,0,0,0,-8.900000000000034,54345.3
L48332,L,23.950000000000045,34.75,90.0,1350.0,56.6,110.0,0,0,0,0,0,0,-10.799999999999955,76410.0
L49402,L,26.55000000000001,35.85000000000002,90.0,1412.0,33.0,151.0,0,0,0,0,0,0,-9.300000000000011,46596.0
L48894,L,25.05000000000001,34.650000000000034,90.0,1388.0,48.6,68.0,0,0,0,0,0,0,-9.600000000000023,67456.8
L56576,L,24.55000000000001,35.05000000000001,90.0,1357.0,47.3,160.0,0,0,0,0,0,0,-10.5,64186.1
L54285,L,27.650000000000034,37.150000000000034,90.0,1420.0,45.8,45.0,0,0,0,0,0,0,-9.5,65035.99999999999
M18097,M,27.650000000000034,36.35000000000002,90.0,1821.0,26.8,116.0,0,0,0,0,0,0,-8.699999999999989,48802.8
L47641,L,24.150000000000034,35.55000000000001,90.0,1712.0,27.3,116.0,0,0,0,0,0,0,-11.399999999999977,46737.6
L54271,L,27.55000000000001,37.450000000000045,90.0,1557.0,32.6,7.0,0,0,0,0,0,0,-9.900000000000034,50758.200000000004
L55258,L,27.150000000000034,38.55000000000001,90.0,1571.0,31.2,127.0,0,0,0,0,0,0,-11.399999999999977,49015.2
L48578,L,25.650000000000034,36.950000000000045,90.0,1720.0,27.7,49.0,0,0,0,0,0,0,-11.300000000000011,47644.0
L48825,L,25.05000000000001,34.85000000000002,90.0,1379.0,49.5,59.0,0,0,0,0,0,0,-9.800000000000011,68260.5
L52442,L,30.25,39.650000000000034,90.0,1573.0,35.8,94.0,0,0,0,0,0,0,-9.400000000000034,56313.399999999994
M16837,M,24.950000000000045,34.55000000000001,90.0,1556.0,38.7,145.0,0,0,0,0,0,0,-9.599999999999966,60217.200000000004
L48499,L,25.650000000000034,36.950000000000045,90.0,1576.0,33.2,180.0,0,0,0,0,0,0,-11.300000000000011,52323.200000000004
M24207,M,24.850000000000023,35.450000000000045,90.0,1435.0,43.4,23.0,0,0,0,0,0,0,-10.600000000000023,62279.0
L51096,L,29.450000000000045,38.450000000000045,90.0,1806.0,24.0,135.0,0,0,0,0,0,0,-9.0,43344.0
H32359,H,27.55000000000001,36.35000000000002,90.0,1653.0,31.4,9.0,0,0,0,0,0,0,-8.800000000000011,51904.2
M23266,M,25.450000000000045,36.25,90.0,1539.0,37.7,41.0,0,0,0,0,0,0,-10.799999999999955,58020.3
L52724,L,29.25,38.55000000000001,90.0,1484.0,45.6,154.0,0,0,0,0,0,0,-9.300000000000011,67670.40000000001
L54443,L,27.25,37.450000000000045,90.0,1448.0,47.5,19.0,0,0,0,0,0,0,-10.200000000000045,68780.0
L49882,L,26.55000000000001,36.05000000000001,90.0,1549.0,38.7,61.0,0,0,0,0,0,0,-9.5,59946.3
L53142,L,27.350000000000023,37.650000000000034,90.0,1372.0,54.5,0.0,0,0,0,0,0,0,-10.300000000000011,74774.0
M16590,M,25.05000000000001,34.55000000000001,90.0,1405.0,45.1,114.0,0,0,0,0,0,0,-9.5,63365.5
M22016,M,27.05000000000001,36.85000000000002,90.0,1648.0,29.0,179.0,0,0,0,0,0,0,-9.800000000000011,47792.0
M20248,M,29.650000000000034,39.150000000000034,90.0,1385.0,49.0,218.0,0,0,0,0,0,0,-9.5,67865.0
L50343,L,27.25,36.650000000000034,90.0,1549.0,38.9,13.0,0,0,0,0,0,0,-9.400000000000034,60256.1
M23754,M,24.150000000000034,35.55000000000001,90.0,1448.0,49.1,123.0,0,0,0,0,0,0,-11.399999999999977,71096.8
L48165,L,23.150000000000034,33.950000000000045,90.0,1566.0,34.1,144.0,0,0,0,0,0,0,-10.800000000000011,53400.600000000006
L55336,L,26.450000000000045,37.55000000000001,90.0,1517.0,40.3,121.0,0,0,0,0,0,0,-11.099999999999966,61135.1
L51023,L,29.350000000000023,38.05000000000001,90.0,1513.0,37.1,169.0,0,0,0,0,0,0,-8.699999999999989,56132.3
M23812,M,24.150000000000034,34.85000000000002,90.0,1478.0,42.5,56.0,0,0,0,0,0,0,-10.699999999999989,62815.0
L56257,L,24.150000000000034,34.950000000000045,90.0,1562.0,36.2,154.0,0,0,0,0,0,0,-10.800000000000011,56544.4
M16591,M,25.150000000000034,34.75,90.0,1603.0,32.1,135.0,0,0,0,0,0,0,-9.599999999999966,51456.3
L53140,L,27.350000000000023,37.55000000000001,90.0,1413.0,52.0,121.0,0,0,0,0,0,0,-10.199999999999989,73476.0
M22859,M,27.75,38.950000000000045,90.0,1617.0,37.4,146.0,0,0,0,0,0,0,-11.200000000000045,60475.799999999996
L53232,L,27.75,37.75,90.0,1685.0,30.5,175.0,0,0,0,0,0,0,-10.0,51392.5
H33553,H,28.55000000000001,37.05000000000001,90.0,1620.0,46.1,42.0,0,0,0,0,0,0,-8.5,74682.0
L54805,L,27.450000000000045,38.55000000000001,90.0,1533.0,32.6,72.0,0,0,0,0,0,0,-11.099999999999966,49975.8
L52847,L,29.150000000000034,38.25,90.0,1471.0,45.2,31.0,0,0,0,0,0,0,-9.099999999999966,66489.2
L49437,L,26.05000000000001,35.25,90.0,1512.0,41.2,34.0,0,0,0,0,0,0,-9.199999999999989,62294.4
L52285,L,30.950000000000045,39.450000000000045,90.0,1374.0,42.1,115.0,0,0,0,0,0,0,-8.5,57845.4
M15683,M,23.55000000000001,34.35000000000002,90.0,1465.0,48.5,161.0,0,0,0,0,0,0,-10.800000000000011,71052.5
L47320,L,25.650000000000034,35.450000000000045,90.0,1511.0,36.0,157.0,0,0,0,0,0,0,-9.800000000000011,54396.0
M17597,M,26.55000000000001,35.950000000000045,90.0,1445.0,41.2,196.0,0,0,0,0,0,0,-9.400000000000034,59534.00000000001
L56161,L,23.850000000000023,34.55000000000001,90.0,1324.0,51.2,126.0,0,0,0,0,0,0,-10.699999999999989,67788.8
L53957,L,28.05000000000001,37.55000000000001,90.0,1364.0,54.3,44.0,0,0,0,0,0,0,-9.5,74065.2
L49414,L,26.25,35.450000000000045,90.0,1492.0,41.4,150.0,0,0,0,0,0,0,-9.200000000000045,61768.799999999996
L51822,L,30.05000000000001,38.25,90.0,1546.0,42.1,226.0,0,0,0,0,0,0,-8.199999999999989,65086.600000000006
L50646,L,28.55000000000001,37.35000000000002,90.0,1644.0,32.1,148.0,0,0,0,0,0,0,-8.800000000000011,52772.4
L54903,L,27.25,38.55000000000001,90.0,1751.0,27.7,142.0,0,0,0,0,0,0,-11.300000000000011,48502.7
L54741,L,27.150000000000034,37.85000000000002,90.0,1388.0,53.3,96.0,0,0,0,0,0,0,-10.699999999999989,73980.4
L49759,L,26.25,36.150000000000034,90.0,1401.0,56.1,187.0,0,0,0,0,0,0,-9.900000000000034,78596.1
L54255,L,27.55000000000001,37.35000000000002,90.0,1519.0,39.0,191.0,0,0,0,0,0,0,-9.800000000000011,59241.0
L50318,L,27.25,36.75,90.0,1376.0,43.5,122.0,0,0,0,0,0,0,-9.5,59856.0
L53933,L,28.55000000000001,37.85000000000002,90.0,1385.0,50.4,195.0,0,0,0,0,0,0,-9.300000000000011,69804.0
L50548,L,28.150000000000034,37.75,90.0,1385.0,52.9,13.0,0,0,0,0,0,0,-9.599999999999966,73266.5
L49077,L,24.650000000000034,34.25,90.0,1618.0,33.5,5.0,0,0,0,0,0,0,-9.599999999999966,54203.0
L53118,L,27.350000000000023,37.25,90.0,1518.0,33.1,96.0,0,0,0,0,0,0,-9.899999999999977,50245.8
M24026,M,24.450000000000045,35.35000000000002,90.0,1372.0,46.5,179.0,0,0,0,0,0,0,-10.899999999999977,63798.0
L52950,L,28.450000000000045,37.75,90.0,1584.0,40.7,5.0,0,0,0,0,0,0,-9.299999999999955,64468.8
M16148,M,25.350000000000023,36.35000000000002,90.0,1444.0,48.2,118.0,0,0,0,0,0,0,-11.0,69600.8
M17382,M,26.150000000000034,35.950000000000045,90.0,1782.0,25.6,173.0,0,0,0,0,0,0,-9.800000000000011,45619.200000000004
L47581,L,24.450000000000045,35.35000000000002,90.0,1722.0,29.5,37.0,0,0,0,0,0,0,-10.899999999999977,50799.0
L52334,L,31.05000000000001,40.25,90.0,1748.0,25.1,117.0,0,0,0,0,0,0,-9.199999999999989,43874.8
L56834,L,25.850000000000023,36.950000000000045,90.0,1568.0,39.1,216.0,0,0,0,0,0,0,-11.100000000000023,61308.8
L55308,L,27.05000000000001,38.35000000000002,90.0,1433.0,45.8,41.0,0,0,0,0,0,0,-11.300000000000011,65631.4
L49197,L,25.55000000000001,35.35000000000002,90.0,1614.0,42.5,46.0,0,0,0,0,0,0,-9.800000000000011,68595.0
L47923,L,23.55000000000001,34.85000000000002,90.0,1658.0,31.3,166.0,0,0,0,0,0,0,-11.300000000000011,51895.4
L49787,L,26.25,36.05000000000001,90.0,1523.0,41.0,156.0,0,0,0,0,0,0,-9.800000000000011,62443.0
M16264,M,25.650000000000034,37.05000000000001,90.0,1555.0,40.6,176.0,0,0,0,0,0,0,-11.399999999999977,63133.0
L54630,L,26.850000000000023,38.150000000000034,90.0,1757.0,29.3,116.0,0,0,0,0,0,0,-11.300000000000011,51480.1
L57110,L,25.150000000000034,35.150000000000034,90.0,1452.0,45.5,11.0,0,0,0,0,0,0,-10.0,66066.0
L48894,L,25.350000000000023,34.650000000000034,90.0,1609.0,36.2,76.0,0,0,0,0,0,0,-9.300000000000011,58245.8
L49201,L,25.55000000000001,35.450000000000045,90.0,1480.0,42.2,58.0,0,0,0,0,0,0,-9.900000000000034,62456.00000000001
M21406,M,27.950000000000045,37.150000000000034,90.0,1409.0,51.1,66.0,0,0,0,0,0,0,-9.199999999999989,71999.90000000001
L54724,L,27.05000000000001,38.25,90.0,1692.0,30.9,55.0,0,0,0,0,0,0,-11.199999999999989,52282.799999999996
M17972,M,26.75,35.950000000000045,90.0,1452.0,44.8,98.0,0,0,0,0,0,0,-9.200000000000045,65049.6
L51826,L,30.150000000000034,38.150000000000034,90.0,1526.0,36.2,234.0,0,0,0,0,0,0,-8.0,55241.200000000004
L53030,L,28.150000000000034,37.950000000000045,90.0,1560.0,35.3,26.0,0,0,0,0,0,0,-9.800000000000011,55067.99999999999
L53040,L,28.150000000000034,37.75,90.0,1566.0,35.8,2.0,0,0,0,0,0,0,-9.599999999999966,56062.799999999996
L53623,L,27.650000000000034,37.150000000000034,90.0,1537.0,39.2,52.0,0,0,0,0,0,0,-9.5,60250.4
L50422,L,27.75,36.450000000000045,90.0,1533.0,42.4,131.0,0,0,0,0,0,0,-8.700000000000045,64999.2
M15826,M,22.650000000000034,33.35000000000002,90.0,1532.0,32.2,101.0,0,0,0,0,0,0,-10.699999999999989,49330.4
L55871,L,23.950000000000045,35.35000000000002,90.0,1555.0,36.2,119.0,0,0,0,0,0,0,-11.399999999999977,56291.00000000001
M21563,M,28.350000000000023,37.450000000000045,90.0,1495.0,36.1,2.0,0,0,0,0,0,0,-9.100000000000023,53969.5
M17591,M,26.55000000000001,36.05000000000001,90.0,1819.0,24.0,127.0,0,0,0,0,0,0,-9.5,43656.0
L54148,L,27.55000000000001,37.85000000000002,90.0,1789.0,25.5,111.0,0,0,0,0,0,0,-10.300000000000011,45619.5
L47993,L,23.650000000000034,34.450000000000045,90.0,1338.0,52.5,130.0,0,0,0,0,0,0,-10.800000000000011,70245.0
L56559,L,24.350000000000023,35.150000000000034,90.0,1419.0,48.5,174.0,0,0,0,0,0,0,-10.800000000000011,68821.5
L49187,L,25.450000000000045,35.25,90.0,1593.0,34.4,25.0,0,0,0,0,0,0,-9.799999999999955,54799.2
L50781,L,28.55000000000001,37.35000000000002,90.0,1377.0,44.1,183.0,0,0,0,0,0,0,-8.800000000000011,60725.700000000004
L56037,L,24.55000000000001,35.650000000000034,90.0,1349.0,51.4,174.0,0,0,0,0,0,0,-11.100000000000023,69338.59999999999
M19447,M,29.650000000000034,38.25,90.0,1436.0,43.2,82.0,0,0,0,0,0,0,-8.599999999999966,62035.200000000004
M17355,M,25.950000000000045,35.650000000000034,90.0,1488.0,39.2,209.0,0,0,0,0,0,0,-9.699999999999989,58329.600000000006
L49498,L,26.05000000000001,35.650000000000034,90.0,1679.0,31.4,183.0,0,0,0,0,0,0,-9.600000000000023,52720.6
L47713,L,24.350000000000023,36.150000000000034,90.0,1429.0,50.5,72.0,0,0,0,0,0,0,-11.800000000000011,72164.5
L55976,L,24.150000000000034,35.150000000000034,90.0,1469.0,41.0,63.0,0,0,0,0,0,0,-11.0,60229.0
L51159,L,29.150000000000034,38.05000000000001,90.0,1551.0,35.7,184.0,0,0,0,0,0,0,-8.899999999999977,55370.700000000004
L56938,L,25.450000000000045,36.650000000000034,90.0,1499.0,42.3,218.0,0,0,0,0,0,0,-11.199999999999989,63407.7
L52885,L,29.25,38.75,90.0,1431.0,42.8,124.0,0,0,0,0,0,0,-9.5,61246.799999999996
L48892,L,25.150000000000034,34.75,90.0,1369.0,52.0,72.0,0,0,0,0,0,0,-9.599999999999966,71188.0
L50122,L,27.55000000000001,36.450000000000045,90.0,1467.0,46.1,0.0,0,0,0,0,0,0,-8.900000000000034,67628.7
L48112,L,22.450000000000045,33.05000000000001,90.0,1419.0,45.5,14.0,0,0,0,0,0,0,-10.599999999999966,64564.5
L52830,L,29.05000000000001,38.450000000000045,90.0,1383.0,52.9,213.0,0,0,0,0,0,0,-9.400000000000034,73160.7
M17574,M,26.450000000000045,35.950000000000045,90.0,1457.0,55.2,95.0,0,0,0,0,0,0,-9.5,80426.40000000001
M17735,M,27.450000000000045,36.25,90.0,1511.0,37.0,49.0,0,0,0,0,0,0,-8.799999999999955,55907.0
L50633,L,28.350000000000023,37.450000000000045,90.0,1393.0,54.4,124.0,0,0,0,0,0,0,-9.100000000000023,75779.2
M18047,M,27.05000000000001,36.25,90.0,1469.0,39.5,208.0,0,0,0,0,0,0,-9.199999999999989,58025.5
L55827,L,24.350000000000023,35.35000000000002,90.0,1540.0,37.7,93.0,0,0,0,0,0,0,-11.0,58058.00000000001
L47964,L,23.75,34.75,90.0,1443.0,45.8,55.0,0,0,0,0,0,0,-11.0,66089.4
L48364,L,24.150000000000034,35.35000000000002,90.0,1465.0,42.5,27.0,0,0,0,0,0,0,-11.199999999999989,62262.5
L56906,L,25.650000000000034,36.650000000000034,90.0,1387.0,50.9,119.0,0,0,0,0,0,0,-11.0,70598.3
L51056,L,29.450000000000045,38.650000000000034,90.0,1627.0,38.2,23.0,0,0,0,0,0,0,-9.199999999999989,62151.4
L56255,L,24.150000000000034,34.950000000000045,90.0,1662.0,31.2,150.0,0,0,0,0,0,0,-10.800000000000011,51854.4
M22857,M,27.850000000000023,39.05000000000001,90.0,1609.0,33.1,143.0,0,0,0,0,0,0,-11.199999999999989,53257.9
L55571,L,25.450000000000045,36.450000000000045,90.0,1470.0,37.2,82.0,0,0,0,0,0,0,-11.0,54684.00000000001
L52442,L,30.25,39.650000000000034,90.0,1429.0,47.0,94.0,0,0,0,0,0,0,-9.400000000000034,67163.0
H38884,H,25.350000000000023,36.150000000000034,90.0,1530.0,42.8,131.0,0,0,0,0,0,0,-10.800000000000011,65483.99999999999
L50907,L,29.150000000000034,38.05000000000001,90.0,1786.0,43.9,81.0,0,0,0,0,0,0,-8.899999999999977,78405.4
L47975,L,23.650000000000034,34.75,90.0,1382.0,49.5,155.0,0,0,0,0,0,0,-11.099999999999966,68409.0
L56865,L,25.950000000000045,36.85000000000002,90.0,1749.0,26.1,68.0,0,0,0,0,0,0,-10.899999999999977,45648.9
L55320,L,26.450000000000045,37.75,90.0,1548.0,42.5,0.0,0,0,0,0,0,0,-11.299999999999955,65790.0
L50616,L,28.350000000000023,37.650000000000034,90.0,1449.0,48.7,168.0,0,0,0,0,0,0,-9.300000000000011,70566.3
L53757,L,28.25,37.25,90.0,1548.0,45.3,87.0,0,0,0,0,0,0,-9.0,70124.4
L50276,L,26.75,36.05000000000001,90.0,1370.0,58.2,177.0,0,0,0,0,0,0,-9.300000000000011,79734.0
L49496,L,26.05000000000001,35.650000000000034,90.0,1432.0,39.2,179.0,0,0,0,0,0,0,-9.600000000000023,56134.4
M16886,M,25.350000000000023,35.150000000000034,90.0,1449.0,42.9,69.0,0,0,0,0,0,0,-9.800000000000011,62162.1
L53061,L,28.25,37.950000000000045,90.0,1692.0,28.9,131.0,0,0,0,0,0,0,-9.700000000000045,48898.799999999996
L53889,L,28.150000000000034,37.450000000000045,90.0,1559.0,41.3,77.0,0,0,0,0,0,0,-9.300000000000011,64386.7
L52347,L,31.150000000000034,40.35000000000002,90.0,1348.0,54.1,59.0,0,0,0,0,0,0,-9.199999999999989,72926.8
M24320,M,25.25,36.05000000000001,90.0,1399.0,43.7,125.0,0,0,0,0,0,0,-10.800000000000011,61136.3
L54654,L,27.150000000000034,38.55000000000001,90.0,1423.0,46.7,137.0,0,0,0,0,0,0,-11.399999999999977,66454.1
L51279,L,28.75,37.25,90.0,1445.0,45.5,157.0,0,0,0,0,0,0,-8.5,65747.5
M20971,M,27.55000000000001,37.650000000000034,90.0,1672.0,34.5,7.0,0,0,0,0,0,0,-10.100000000000023,57684.0
M22923,M,27.25,38.75,90.0,1551.0,39.9,84.0,0,0,0,0,0,0,-11.5,61884.899999999994
M18141,M,28.05000000000001,36.85000000000002,90.0,1445.0,45.9,215.0,0,0,0,0,0,0,-8.800000000000011,66325.5
L49680,L,25.950000000000045,35.75,90.0,1617.0,35.5,223.0,0,0,0,0,0,0,-9.799999999999955,57403.5
H33896,H,29.55000000000001,37.35000000000002,90.0,1568.0,32.7,28.0,0,0,0,0,0,0,-7.800000000000011,51273.600000000006
L49896,L,26.55000000000001,35.950000000000045,90.0,1587.0,34.4,174.0,0,0,0,0,0,0,-9.400000000000034,54592.799999999996
L53428,L,27.650000000000034,37.150000000000034,90.0,1376.0,47.6,180.0,0,0,0,0,0,0,-9.5,65497.6
L51470,L,28.650000000000034,36.85000000000002,90.0,1498.0,40.1,68.0,0,0,0,0,0,0,-8.199999999999989,60069.8
L52234,L,30.75,39.85000000000002,90.0,1740.0,26.9,7.0,0,0,0,0,0,0,-9.100000000000023,46806.0
L48282,L,23.850000000000023,34.35000000000002,90.0,1694.0,30.4,146.0,0,0,0,0,0,0,-10.5,51497.6
L47484,L,24.75,35.25,90.0,1737.0,32.9,176.0,0,0,0,0,0,0,-10.5,57147.299999999996
L55706,L,25.150000000000034,36.150000000000034,90.0,1553.0,35.2,14.0,0,0,0,0,0,0,-11.0,54665.600000000006
L54189,L,27.450000000000045,37.35000000000002,90.0,1435.0,36.2,12.0,0,0,0,0,0,0,-9.899999999999977,51947.00000000001
L54264,L,27.450000000000045,37.150000000000034,90.0,1494.0,41.0,211.0,0,0,0,0,0,0,-9.699999999999989,61254.0
L54411,L,26.650000000000034,36.75,90.0,1553.0,31.4,188.0,0,0,0,0,0,0,-10.099999999999966,48764.2
L53448,L,27.75,37.35000000000002,90.0,1377.0,53.7,25.0,0,0,0,0,0,0,-9.600000000000023,73944.90000000001
L55922,L,24.25,35.650000000000034,90.0,1314.0,39.0,168.0,0,0,0,0,0,0,-11.400000000000034,51246.0
L54404,L,26.650000000000034,36.450000000000045,90.0,1487.0,41.4,139.0,0,0,0,0,0,0,-9.800000000000011,61561.799999999996
L49124,L,24.950000000000045,34.950000000000045,90.0,1452.0,42.7,59.0,0,0,0,0,0,0,-10.0,62000.4
L50119,L,27.55000000000001,36.55000000000001,90.0,1431.0,41.4,199.0,0,0,0,0,0,0,-9.0,59243.4
M18265,M,28.25,37.55000000000001,90.0,1567.0,33.5,101.0,0,0,0,0,0,0,-9.300000000000011,52494.5
H32557,H,27.25,36.85000000000002,90.0,1550.0,32.0,17.0,0,0,0,0,0,0,-9.600000000000023,49600.0
M18824,M,29.150000000000034,38.450000000000045,90.0,1627.0,33.2,52.0,0,0,0,0,0,0,-9.300000000000011,54016.4
L48404,L,23.650000000000034,34.75,90.0,1521.0,35.1,98.0,0,0,0,0,0,0,-11.099999999999966,53387.1
M24097,M,24.950000000000045,35.650000000000034,90.0,1386.0,49.0,137.0,0,0,0,0,0,0,-10.699999999999989,67914.0
M21957,M,27.450000000000045,37.05000000000001,90.0,1606.0,34.1,14.0,0,0,0,0,0,0,-9.599999999999966,54764.600000000006
L51228,L,28.75,37.650000000000034,90.0,1552.0,37.9,7.0,0,0,0,0,0,0,-8.900000000000034,58820.799999999996
L48364,L,24.150000000000034,35.35000000000002,90.0,1491.0,46.5,74.0,0,0,0,0,0,0,-11.199999999999989,69331.5
M23979,M,24.150000000000034,35.25,90.0,1396.0,39.2,64.0,0,0,0,0,0,0,-11.099999999999966,54723.200000000004
L54138,L,27.450000000000045,37.85000000000002,90.0,1464.0,49.9,87.0,0,0,0,0,0,0,-10.399999999999977,73053.59999999999
L56275,L,24.25,34.950000000000045,90.0,1438.0,42.3,0.0,0,0,0,0,0,0,-10.700000000000045,60827.399999999994
L50529,L,28.150000000000034,37.650000000000034,90.0,1392.0,50.2,174.0,0,0,0,0,0,0,-9.5,69878.40000000001
L50046,L,27.350000000000023,36.55000000000001,90.0,1388.0,51.5,5.0,0,0,0,0,0,0,-9.199999999999989,71482.0
L57070,L,25.650000000000034,36.35000000000002,90.0,1452.0,48.8,167.0,0,0,0,0,0,0,-10.699999999999989,70857.59999999999
L56552,L,24.55000000000001,35.150000000000034,90.0,1386.0,49.3,84.0,0,0,0,0,0,0,-10.600000000000023,68329.8
L53257,L,27.75,37.55000000000001,90.0,1483.0,43.3,201.0,0,0,0,0,0,0,-9.800000000000011,64213.899999999994
L50600,L,28.350000000000023,37.450000000000045,90.0,1450.0,44.5,84.0,0,0,0,0,0,0,-9.100000000000023,64525.0
M19822,M,30.850000000000023,39.55000000000001,90.0,1577.0,35.6,160.0,0,0,0,0,0,0,-8.699999999999989,56141.200000000004
M16584,M,25.150000000000034,34.55000000000001,90.0,1457.0,43.1,104.0,0,0,0,0,0,0,-9.399999999999977,62796.700000000004
L52450,L,30.350000000000023,39.75,90.0,1611.0,35.0,114.0,0,0,0,0,0,0,-9.399999999999977,56385.0
M24809,M,25.05000000000001,34.650000000000034,90.0,1422.0,53.4,110.0,0,0,0,0,0,0,-9.600000000000023,75934.8
M23411,M,25.05000000000001,35.950000000000045,90.0,1553.0,37.3,96.0,0,0,0,0,0,0,-10.900000000000034,57926.899999999994
M24432,M,26.150000000000034,37.650000000000034,90.0,1409.0,46.9,192.0,0,0,0,0,0,0,-11.5,66082.09999999999
L56200,L,24.150000000000034,35.05000000000001,90.0,1392.0,43.2,2.0,0,0,0,0,0,0,-10.899999999999977,60134.4
M20347,M,29.450000000000045,38.950000000000045,90.0,1611.0,43.2,210.0,0,0,0,0,0,0,-9.5,69595.20000000001
M23954,M,24.150000000000034,34.950000000000045,90.0,1387.0,57.3,199.0,0,0,0,0,0,0,-10.800000000000011,79475.09999999999
L56746,L,26.650000000000034,37.25,90.0,1411.0,38.0,179.0,0,0,0,0,0,0,-10.599999999999966,53618.0
L53292,L,27.55000000000001,37.55000000000001,90.0,1520.0,36.9,98.0,0,0,0,0,0,0,-10.0,56088.0
L51586,L,28.55000000000001,36.950000000000045,90.0,1408.0,47.4,106.0,0,0,0,0,0,0,-8.400000000000034,66739.2
L55124,L,27.650000000000034,38.55000000000001,90.0,1414.0,44.6,10.0,0,0,0,0,0,0,-10.899999999999977,63064.4
L55678,L,25.25,36.450000000000045,90.0,1479.0,38.5,144.0,0,0,0,0,0,0,-11.200000000000045,56941.5
L56060,L,24.850000000000023,36.05000000000001,90.0,1558.0,34.6,94.0,0,0,0,0,0,0,-11.199999999999989,53906.8
L54603,L,26.850000000000023,38.25,90.0,1484.0,42.4,213.0,0,0,0,0,0,0,-11.399999999999977,62921.6
L56908,L,25.650000000000034,36.650000000000034,90.0,1573.0,33.7,143.0,0,0,0,0,0,0,-11.0,53010.100000000006
H37740,H,25.55000000000001,36.55000000000001,90.0,1523.0,34.9,106.0,0,0,0,0,0,0,-11.0,53152.7
M18670,M,29.05000000000001,37.650000000000034,90.0,1774.0,24.8,78.0,0,0,0,0,0,0,-8.600000000000023,43995.200000000004
L57060,L,25.650000000000034,36.650000000000034,90.0,1443.0,43.9,130.0,0,0,0,0,0,0,-11.0,63347.7
M16628,M,25.150000000000034,34.450000000000045,90.0,1385.0,51.4,13.0,0,0,0,0,0,0,-9.300000000000011,71189.0
L55548,L,25.75,36.650000000000034,90.0,1511.0,42.1,195.0,0,0,0,0,0,0,-10.900000000000034,63613.1
L48677,L,25.850000000000023,35.55000000000001,90.0,1521.0,37.5,181.0,0,0,0,0,0,0,-9.699999999999989,57037.5
M23157,M,25.650000000000034,37.05000000000001,90.0,1483.0,33.1,137.0,0,0,0,0,0,0,-11.399999999999977,49087.3
L53480,L,27.75,37.55000000000001,90.0,1517.0,39.4,137.0,0,0,0,0,0,0,-9.800000000000011,59769.799999999996
M15545,M,24.55000000000001,35.85000000000002,90.0,1432.0,48.5,32.0,0,0,0,0,0,0,-11.300000000000011,69452.0
L55795,L,24.350000000000023,35.450000000000045,90.0,1539.0,36.8,15.0,0,0,0,0,0,0,-11.100000000000023,56635.2
M16914,M,26.150000000000034,36.25,90.0,1457.0,41.3,142.0,0,0,0,0,0,0,-10.099999999999966,60174.1
L56740,L,26.450000000000045,37.650000000000034,90.0,1487.0,36.9,0.0,0,0,0,0,0,0,-11.199999999999989,54870.299999999996
L47854,L,24.650000000000034,35.85000000000002,90.0,1446.0,41.2,0.0,0,0,0,0,0,0,-11.199999999999989,59575.200000000004
L56939,L,25.450000000000045,36.650000000000034,90.0,1634.0,37.5,0.0,0,0,0,0,0,0,-11.199999999999989,61275.0
L49505,L,26.150000000000034,35.650000000000034,90.0,1567.0,40.7,92.0,0,0,0,0,0,0,-9.5,63776.9
M23807,M,24.150000000000034,35.05000000000001,90.0,1595.0,31.5,33.0,0,0,0,0,0,0,-10.899999999999977,50242.5
M22124,M,27.25,37.25,90.0,1389.0,48.2,21.0,0,0,0,0,0,0,-10.0,66949.8
M22862,M,27.55000000000001,38.85000000000002,90.0,1427.0,45.3,160.0,0,0,0,0,0,0,-11.300000000000011,64643.1
M17209,M,26.150000000000034,35.450000000000045,90.0,1501.0,42.2,30.0,0,0,0,0,0,0,-9.300000000000011,63342.200000000004
L53455,L,28.05000000000001,37.55000000000001,90.0,1528.0,39.2,47.0,0,0,0,0,0,0,-9.5,59897.600000000006
L55784,L,24.25,35.05000000000001,90.0,1447.0,41.9,204.0,0,0,0,0,0,0,-10.800000000000011,60629.299999999996
L53542,L,26.850000000000023,36.450000000000045,90.0,1457.0,44.7,51.0,0,0,0,0,0,0,-9.600000000000023,65127.9
H32389,H,27.450000000000045,36.25,90.0,1360.0,46.2,93.0,0,0,0,0,0,0,-8.799999999999955,62832.00000000001
L52466,L,30.650000000000034,39.950000000000045,90.0,1431.0,43.0,96.0,0,0,0,0,0,0,-9.300000000000011,61533.0
L51854,L,30.25,38.55000000000001,90.0,1556.0,34.5,71.0,0,0,0,0,0,0,-8.300000000000011,53682.0
L56332,L,24.450000000000045,35.450000000000045,90.0,1526.0,46.5,137.0,0,0,0,0,0,0,-11.0,70959.0
L47370,L,25.05000000000001,35.35000000000002,90.0,1352.0,52.1,72.0,0,0,0,0,0,0,-10.300000000000011,70439.2
L56957,L,25.450000000000045,36.450000000000045,90.0,1702.0,27.6,140.0,0,0,0,0,0,0,-11.0,46975.200000000004
M23918,M,24.05000000000001,35.150000000000034,90.0,1465.0,57.2,23.0,0,0,0,0,0,0,-11.100000000000023,83798.0
M19348,M,29.350000000000023,37.25,90.0,1465.0,40.7,60.0,0,0,0,0,0,0,-7.899999999999977,59625.50000000001
L56888,L,25.75,36.950000000000045,90.0,1486.0,42.9,89.0,0,0,0,0,0,0,-11.200000000000045,63749.4
L56939,L,25.350000000000023,36.55000000000001,90.0,1483.0,43.6,0.0,0,0,0,0,0,0,-11.199999999999989,64658.8
L48025,L,23.150000000000034,34.25,90.0,1353.0,45.5,57.0,0,0,0,0,0,0,-11.099999999999966,61561.5
L49066,L,24.950000000000045,34.450000000000045,90.0,1606.0,30.8,124.0,0,0,0,0,0,0,-9.5,49464.8
M16346,M,25.05000000000001,36.05000000000001,90.0,1514.0,34.6,161.0,0,0,0,0,0,0,-11.0,52384.4
L52371,L,30.850000000000023,40.05000000000001,90.0,1543.0,37.6,7.0,0,0,0,0,0,0,-9.199999999999989,58016.8
L48989,L,24.950000000000045,34.650000000000034,90.0,1408.0,46.9,133.0,0,0,0,0,0,0,-9.699999999999989,66035.2
M19774,M,30.650000000000034,39.450000000000045,90.0,1600.0,33.3,35.0,0,0,0,0,0,0,-8.800000000000011,53279.99999999999
L52470,L,30.650000000000034,39.85000000000002,90.0,1526.0,40.7,140.0,0,0,0,0,0,0,-9.199999999999989,62108.200000000004
L55679,L,25.25,36.450000000000045,90.0,1802.0,26.2,146.0,0,0,0,0,0,0,-11.200000000000045,47212.4
L56692,L,26.05000000000001,37.150000000000034,90.0,1427.0,45.7,42.0,0,0,0,0,0,0,-11.100000000000023,65213.9
L51001,L,29.150000000000034,37.75,90.0,1386.0,50.0,104.0,0,0,0,0,0,0,-8.599999999999966,69300.0
H38884,H,25.450000000000045,36.25,90.0,1459.0,47.1,149.0,0,0,0,0,0,0,-10.799999999999955,68718.90000000001
L49076,L,24.75,34.35000000000002,90.0,1574.0,35.8,16.0,0,0,0,0,0,0,-9.600000000000023,56349.2
H30313,H,22.450000000000045,32.950000000000045,90.0,1546.0,36.0,156.0,0,0,0,0,0,0,-10.5,55656.0
L50502,L,28.450000000000045,37.450000000000045,90.0,1331.0,45.5,116.0,0,0,0,0,0,0,-9.0,60560.5
L52813,L,29.350000000000023,39.05000000000001,90.0,1386.0,47.5,166.0,0,0,0,0,0,0,-9.699999999999989,65835.0
L49718,L,25.950000000000045,35.950000000000045,90.0,1429.0,60.0,45.0,0,0,0,0,0,0,-10.0,85740.0
L51070,L,29.150000000000034,38.55000000000001,90.0,1512.0,37.2,92.0,0,0,0,0,0,0,-9.399999999999977,56246.4
L54221,L,27.450000000000045,37.25,90.0,1309.0,61.8,106.0,0,0,0,0,0,0,-9.799999999999955,80896.2
L48531,L,25.55000000000001,36.950000000000045,90.0,1525.0,40.2,34.0,0,0,0,0,0,0,-11.400000000000034,61305.00000000001
M21662,M,27.850000000000023,37.55000000000001,90.0,1567.0,38.5,108.0,0,0,0,0,0,0,-9.699999999999989,60329.5
L50177,L,27.350000000000023,36.650000000000034,90.0,1457.0,45.7,155.0,0,0,0,0,0,0,-9.300000000000011,66584.90000000001
L52979,L,28.25,37.85000000000002,90.0,1362.0,46.8,96.0,0,0,0,0,0,0,-9.600000000000023,63741.6
L53132,L,27.55000000000001,37.650000000000034,90.0,1501.0,33.8,104.0,0,0,0,0,0,0,-10.100000000000023,50733.799999999996
L53128,L,27.55000000000001,37.650000000000034,90.0,1523.0,39.9,95.0,0,0,0,0,0,0,-10.100000000000023,60767.7
L53559,L,27.150000000000034,36.55000000000001,90.0,1485.0,45.9,100.0,0,0,0,0,0,0,-9.399999999999977,68161.5
L47854,L,24.450000000000045,35.85000000000002,90.0,1511.0,41.2,0.0,0,0,0,0,0,0,-11.399999999999977,62253.200000000004
L55551,L,25.55000000000001,36.55000000000001,90.0,1357.0,48.5,165.0,0,0,0,0,0,0,-11.0,65814.5
M21926,M,27.650000000000034,37.450000000000045,90.0,1346.0,61.1,167.0,0,0,0,0,0,0,-9.800000000000011,82240.6
L52792,L,29.850000000000023,39.150000000000034,90.0,1431.0,42.4,98.0,0,0,0,0,0,0,-9.300000000000011,60674.4
L50112,L,27.75,36.35000000000002,90.0,1373.0,42.0,181.0,0,0,0,0,0,0,-8.600000000000023,57666.0
L49703,L,25.650000000000034,35.55000000000001,90.0,1469.0,44.4,170.0,0,0,0,0,0,0,-9.899999999999977,65223.6
L56073,L,24.350000000000023,35.55000000000001,90.0,1371.0,48.6,121.0,0,0,0,0,0,0,-11.199999999999989,66630.6
L50509,L,28.450000000000045,37.55000000000001,90.0,1521.0,29.7,65.0,0,0,0,0,0,0,-9.099999999999966,45173.7
H32866,H,28.450000000000045,37.35000000000002,90.0,1602.0,32.3,2.0,0,0,0,0,0,0,-8.899999999999977,51744.6
H35397,H,27.650000000000034,37.650000000000034,90.0,1466.0,35.1,0.0,0,0,0,0,0,0,-10.0,51456.6
L54754,L,27.25,37.950000000000045,90.0,1544.0,40.8,162.0,0,0,0,0,0,0,-10.700000000000045,62995.2
L49577,L,26.05000000000001,35.450000000000045,90.0,1582.0,38.8,85.0,0,0,0,0,0,0,-9.400000000000034,61381.6
L51574,L,29.05000000000001,36.950000000000045,90.0,1404.0,50.7,20.0,0,0,0,0,0,0,-7.900000000000034,71182.8
L50443,L,28.150000000000034,37.05000000000001,90.0,1344.0,54.8,124.0,0,0,0,0,0,0,-8.899999999999977,73651.2
L49520,L,25.950000000000045,34.950000000000045,90.0,1479.0,49.9,10.0,0,0,0,0,0,0,-9.0,73802.09999999999
L53042,L,28.150000000000034,37.85000000000002,90.0,1648.0,28.7,85.0,0,0,0,0,0,0,-9.699999999999989,47297.6
H36801,H,26.650000000000034,37.450000000000045,90.0,1572.0,31.6,116.0,0,0,0,0,0,0,-10.800000000000011,49675.200000000004
L56467,L,25.05000000000001,35.75,90.0,1645.0,30.5,9.0,0,0,0,0,0,0,-10.699999999999989,50172.5
M17661,M,27.05000000000001,36.35000000000002,90.0,1513.0,44.6,92.0,0,0,0,0,0,0,-9.300000000000011,67479.8
L51282,L,28.850000000000023,37.75,90.0,1621.0,33.0,155.0,0,0,0,0,0,0,-8.899999999999977,53493.0
M21085,M,28.05000000000001,37.85000000000002,90.0,1424.0,41.4,44.0,0,0,0,0,0,0,-9.800000000000011,58953.6
L51427,L,29.450000000000045,37.85000000000002,90.0,1474.0,39.1,93.0,0,0,0,0,0,0,-8.399999999999977,57633.4
M21224,M,26.75,36.450000000000045,90.0,1685.0,27.7,92.0,0,0,0,0,0,0,-9.700000000000045,46674.5
L54551,L,26.450000000000045,37.05000000000001,90.0,1534.0,37.6,77.0,0,0,0,0,0,0,-10.599999999999966,57678.4
L56070,L,24.75,35.85000000000002,90.0,1408.0,47.6,0.0,0,0,0,0,0,0,-11.100000000000023,67020.8
M18846,M,29.05000000000001,38.150000000000034,90.0,1610.0,32.6,57.0,0,0,0,0,0,0,-9.100000000000023,52486.0
L50592,L,28.150000000000034,37.150000000000034,90.0,1412.0,55.6,139.0,0,0,0,0,0,0,-9.0,78507.2
L53365,L,27.850000000000023,37.75,90.0,1558.0,41.4,5.0,0,0,0,0,0,0,-9.899999999999977,64501.2
L54248,L,27.650000000000034,37.450000000000045,90.0,1461.0,51.9,173.0,0,0,0,0,0,0,-9.800000000000011,75825.9
M20651,M,28.25,37.85000000000002,90.0,1334.0,53.3,157.0,0,0,0,0,0,0,-9.600000000000023,71102.2
L53026,L,28.25,38.150000000000034,90.0,1471.0,44.6,96.0,0,0,0,0,0,0,-9.900000000000034,65606.6
L54128,L,27.55000000000001,37.85000000000002,90.0,1511.0,41.2,150.0,0,0,0,0,0,0,-10.300000000000011,62253.200000000004
L55232,L,27.350000000000023,38.75,90.0,1408.0,45.7,54.0,0,0,0,0,0,0,-11.399999999999977,64345.600000000006
M16489,M,24.950000000000045,34.55000000000001,90.0,1398.0,48.4,175.0,0,0,0,0,0,0,-9.599999999999966,67663.2
L54493,L,27.150000000000034,37.25,90.0,1483.0,46.5,197.0,0,0,0,0,0,0,-10.099999999999966,68959.5
M21648,M,27.950000000000045,37.450000000000045,90.0,1310.0,44.9,119.0,0,0,0,0,0,0,-9.5,58819.0
L52122,L,30.350000000000023,39.450000000000045,90.0,1350.0,50.0,108.0,0,0,0,0,0,0,-9.100000000000023,67500.0
L55706,L,25.150000000000034,36.150000000000034,90.0,1422.0,53.7,14.0,0,0,0,0,0,0,-11.0,76361.40000000001
L49665,L,25.650000000000034,35.450000000000045,90.0,1593.0,42.5,146.0,0,0,0,0,0,0,-9.800000000000011,67702.5
L55253,L,27.350000000000023,38.85000000000002,90.0,1441.0,36.7,64.0,0,0,0,0,0,0,-11.5,52884.700000000004
L54023,L,28.150000000000034,38.150000000000034,90.0,1499.0,35.8,213.0,0,0,0,0,0,0,-10.0,53664.2
M17816,M,27.55000000000001,36.450000000000045,90.0,1404.0,46.7,155.0,0,0,0,0,0,0,-8.900000000000034,65566.8
L55508,L,25.55000000000001,36.35000000000002,90.0,1446.0,45.7,9.0,0,0,0,0,0,0,-10.800000000000011,66082.2
L54755,L,27.25,38.05000000000001,90.0,1469.0,46.5,2.0,0,0,0,0,0,0,-10.800000000000011,68308.5
L50650,L,28.650000000000034,37.650000000000034,90.0,1378.0,51.6,56.0,0,0,0,0,0,0,-9.0,71104.8
L50542,L,28.25,37.25,90.0,1469.0,48.9,127.0,0,0,0,0,0,0,-9.0,71834.09999999999
L55571,L,25.450000000000045,36.450000000000045,90.0,1423.0,45.3,64.0,0,0,0,0,0,0,-11.0,64461.899999999994
L50746,L,28.650000000000034,37.55000000000001,90.0,1546.0,39.1,91.0,0,0,0,0,0,0,-8.899999999999977,60448.600000000006
L50643,L,28.350000000000023,37.25,90.0,1424.0,53.9,40.0,0,0,0,0,0,0,-8.899999999999977,76753.59999999999
L50850,L,29.150000000000034,38.55000000000001,90.0,1736.0,26.2,145.0,0,0,0,0,0,0,-9.399999999999977,45483.2
M21465,M,28.350000000000023,37.55000000000001,90.0,1460.0,43.6,2.0,0,0,0,0,0,0,-9.199999999999989,63656.0
M16073,M,23.650000000000034,34.650000000000034,90.0,1453.0,50.3,126.0,0,0,0,0,0,0,-11.0,73085.9
H31178,H,25.05000000000001,34.450000000000045,90.0,1466.0,43.6,0.0,0,0,0,0,0,0,-9.400000000000034,63917.6
L56447,L,25.05000000000001,35.650000000000034,90.0,1362.0,53.4,28.0,0,0,0,0,0,0,-10.600000000000023,72730.8
M17492,M,26.850000000000023,36.55000000000001,90.0,1543.0,40.8,121.0,0,0,0,0,0,0,-9.699999999999989,62954.399999999994
M22155,M,26.75,37.150000000000034,90.0,1499.0,37.8,7.0,0,0,0,0,0,0,-10.400000000000034,56662.2
L52072,L,30.450000000000045,39.650000000000034,90.0,1542.0,39.4,47.0,0,0,0,0,0,0,-9.199999999999989,60754.799999999996
M16463,M,24.75,34.650000000000034,90.0,1527.0,37.7,113.0,0,0,0,0,0,0,-9.900000000000034,57567.9
H36734,H,26.650000000000034,37.05000000000001,90.0,1431.0,49.9,98.0,0,0,0,0,0,0,-10.399999999999977,71406.9
M23706,M,24.25,35.650000000000034,90.0,1425.0,46.4,212.0,0,0,0,0,0,0,-11.400000000000034,66120.0
M20519,M,29.05000000000001,38.35000000000002,90.0,1530.0,30.0,3.0,0,0,0,0,0,0,-9.300000000000011,45900.0
M18621,M,29.25,37.85000000000002,90.0,1542.0,35.1,100.0,0,0,0,0,0,0,-8.600000000000023,54124.200000000004
L51984,L,30.350000000000023,39.25,90.0,1394.0,48.0,141.0,0,0,0,0,0,0,-8.899999999999977,66912.0
M23954,M,24.150000000000034,34.950000000000045,90.0,1486.0,38.2,196.0,0,0,0,0,0,0,-10.800000000000011,56765.200000000004
M20543,M,29.150000000000034,38.55000000000001,90.0,1672.0,30.5,137.0,0,0,0,0,0,0,-9.399999999999977,50996.0
L52914,L,29.150000000000034,38.650000000000034,90.0,1369.0,56.2,204.0,0,0,0,0,0,0,-9.5,76937.8
L51733,L,29.450000000000045,37.35000000000002,90.0,1563.0,39.2,2.0,0,0,0,0,0,0,-7.899999999999977,61269.600000000006
M17053,M,26.350000000000023,35.55000000000001,90.0,1681.0,28.9,37.0,0,0,0,0,0,0,-9.199999999999989,48580.899999999994
M22511,M,27.25,38.450000000000045,90.0,1372.0,55.5,68.0,0,0,0,0,0,0,-11.200000000000045,76146.0
M23380,M,25.150000000000034,36.450000000000045,90.0,1490.0,49.9,199.0,0,0,0,0,0,0,-11.300000000000011,74351.0
L54318,L,27.450000000000045,36.75,90.0,1297.0,50.0,130.0,0,0,0,0,0,0,-9.299999999999955,64850.0
L47452,L,24.950000000000045,34.950000000000045,90.0,1570.0,35.7,94.0,0,0,0,0,0,0,-10.0,56049.00000000001
M21927,M,27.55000000000001,37.55000000000001,90.0,1417.0,48.8,74.0,0,0,0,0,0,0,-10.0,69149.59999999999
H35398,H,27.55000000000001,37.650000000000034,90.0,1346.0,41.8,0.0,0,0,0,0,0,0,-10.100000000000023,56262.799999999996
L56302,L,24.25,35.25,90.0,1392.0,50.9,66.0,0,0,0,0,0,0,-11.0,70852.8
L55275,L,27.150000000000034,38.35000000000002,90.0,1313.0,55.7,167.0,0,0,0,0,0,0,-11.199999999999989,73134.1
L53633,L,27.55000000000001,37.05000000000001,90.0,1807.0,24.2,85.0,0,0,0,0,0,0,-9.5,43729.4
M18483,M,29.05000000000001,38.25,90.0,1466.0,48.7,2.0,0,0,0,0,0,0,-9.199999999999989,71394.2
H38257,H,24.150000000000034,35.650000000000034,90.0,1387.0,57.1,206.0,0,0,0,0,0,0,-11.5,79197.7
L51970,L,30.650000000000034,39.650000000000034,90.0,1543.0,40.8,145.0,0,0,0,0,0,0,-9.0,62954.399999999994
H32389,H,27.450000000000045,36.55000000000001,90.0,1692.0,28.9,198.0,0,0,0,0,0,0,-9.099999999999966,48898.799999999996
M23751,M,24.55000000000001,35.75,90.0,1681.0,28.3,44.0,0,0,0,0,0,0,-11.199999999999989,47572.3
L56253,L,24.05000000000001,34.950000000000045,90.0,1689.0,43.2,145.0,0,0,0,0,0,0,-10.900000000000034,72964.8
M24248,M,24.350000000000023,35.55000000000001,90.0,1544.0,37.9,2.0,0,0,0,0,0,0,-11.199999999999989,58517.6
L49054,L,25.25,34.950000000000045,90.0,1598.0,37.6,94.0,0,0,0,0,0,0,-9.700000000000045,60084.8
H32279,H,27.55000000000001,36.450000000000045,90.0,1399.0,43.2,0.0,0,0,0,0,0,0,-8.900000000000034,60436.8
M21189,M,27.55000000000001,36.85000000000002,90.0,1553.0,39.9,189.0,0,0,0,0,0,0,-9.300000000000011,61964.7
L47875,L,24.450000000000045,35.85000000000002,90.0,1487.0,43.9,2.0,0,0,0,0,0,0,-11.399999999999977,65279.299999999996
L49703,L,25.650000000000034,35.55000000000001,90.0,1543.0,35.2,47.0,0,0,0,0,0,0,-9.899999999999977,54313.600000000006
H30617,H,23.850000000000023,34.55000000000001,90.0,1318.0,51.1,155.0,0,0,0,0,0,0,-10.699999999999989,67349.8
L56616,L,24.850000000000023,36.450000000000045,90.0,1470.0,45.4,54.0,0,0,0,0,0,0,-11.600000000000023,66738.0
M15174,M,24.75,35.05000000000001,90.0,1387.0,47.8,172.0,0,0,0,0,0,0,-10.300000000000011,66298.59999999999
M16135,M,24.950000000000045,36.25,90.0,1603.0,40.6,70.0,0,0,0,0,0,0,-11.299999999999955,65081.8
L48752,L,25.05000000000001,35.150000000000034,90.0,1390.0,47.7,162.0,0,0,0,0,0,0,-10.100000000000023,66303.0
M22079,M,26.650000000000034,36.55000000000001,90.0,1725.0,26.1,124.0,0,0,0,0,0,0,-9.899999999999977,45022.5
M17730,M,27.350000000000023,36.55000000000001,90.0,1597.0,33.7,10.0,0,0,0,0,0,0,-9.199999999999989,53818.9
L49077,L,24.650000000000034,34.25,90.0,1761.0,41.2,176.0,0,0,0,0,0,0,-9.599999999999966,72553.20000000001
L56572,L,24.55000000000001,34.950000000000045,90.0,1490.0,38.3,184.0,0,0,0,0,0,0,-10.400000000000034,57066.99999999999
M17598,M,26.650000000000034,35.950000000000045,90.0,1798.0,23.2,131.0,0,0,0,0,0,0,-9.300000000000011,41713.6
M16856,M,24.850000000000023,35.25,90.0,1478.0,39.4,168.0,0,0,0,0,0,0,-10.399999999999977,58233.2
L53162,L,27.55000000000001,37.55000000000001,90.0,1488.0,40.3,98.0,0,0,0,0,0,0,-10.0,59966.399999999994
L52697,L,29.25,38.650000000000034,90.0,1379.0,44.8,72.0,0,0,0,0,0,0,-9.400000000000034,61779.2
L55257,L,27.150000000000034,38.650000000000034,90.0,1547.0,39.7,179.0,0,0,0,0,0,0,-11.5,61415.9
M24261,M,24.950000000000045,35.35000000000002,90.0,1404.0,46.7,201.0,0,0,0,0,0,0,-10.399999999999977,65566.8
M19078,M,28.850000000000023,37.650000000000034,90.0,1565.0,33.6,39.0,0,0,0,0,0,0,-8.800000000000011,52584.0
L54238,L,27.450000000000045,37.35000000000002,90.0,1520.0,45.9,146.0,0,0,0,0,0,0,-9.899999999999977,69768.0
M21631,M,28.55000000000001,37.85000000000002,90.0,1419.0,49.8,33.0,0,0,0,0,0,0,-9.300000000000011,70666.2
L56264,L,24.150000000000034,34.85000000000002,90.0,1558.0,37.7,204.0,0,0,0,0,0,0,-10.699999999999989,58736.600000000006
L53901,L,28.150000000000034,37.55000000000001,90.0,1280.0,47.5,98.0,0,0,0,0,0,0,-9.399999999999977,60800.0
L56317,L,24.55000000000001,35.55000000000001,90.0,1470.0,43.4,104.0,0,0,0,0,0,0,-11.0,63798.0
L52696,L,29.450000000000045,38.85000000000002,90.0,1674.0,32.2,60.0,0,0,0,0,0,0,-9.399999999999977,53902.8
M20553,M,29.05000000000001,38.450000000000045,90.0,1492.0,38.2,38.0,0,0,0,0,0,0,-9.400000000000034,56994.4
H36081,H,28.55000000000001,37.85000000000002,90.0,1715.0,24.8,17.0,0,0,0,0,0,0,-9.300000000000011,42532.0
L56547,L,24.75,35.35000000000002,90.0,1472.0,44.5,70.0,0,0,0,0,0,0,-10.600000000000023,65504.0
L56753,L,26.55000000000001,37.75,90.0,1555.0,40.1,195.0,0,0,0,0,0,0,-11.199999999999989,62355.5
L55795,L,24.450000000000045,35.35000000000002,90.0,1496.0,39.1,11.0,0,0,0,0,0,0,-10.899999999999977,58493.6
L55036,L,27.25,38.650000000000034,90.0,1528.0,42.2,204.0,0,0,0,0,0,0,-11.400000000000034,64481.600000000006
L47249,L,25.650000000000034,36.05000000000001,90.0,1692.0,28.7,25.0,0,0,0,0,0,0,-10.399999999999977,48560.4
L56498,L,25.350000000000023,35.85000000000002,90.0,1564.0,35.7,162.0,0,0,0,0,0,0,-10.5,55834.8
L54123,L,27.450000000000045,38.150000000000034,90.0,1643.0,34.3,2.0,0,0,0,0,0,0,-10.699999999999989,56354.899999999994
L51840,L,30.05000000000001,38.05000000000001,90.0,1538.0,36.1,20.0,0,0,0,0,0,0,-8.0,55521.8
L55228,L,27.25,38.75,90.0,1547.0,41.5,41.0,0,0,0,0,0,0,-11.5,64200.5
L47662,L,24.150000000000034,35.85000000000002,90.0,1402.0,37.4,94.0,0,0,0,0,0,0,-11.699999999999989,52434.799999999996
M22333,M,27.05000000000001,38.450000000000045,90.0,1373.0,53.4,160.0,0,0,0,0,0,0,-11.400000000000034,73318.2
L51651,L,29.55000000000001,37.450000000000045,90.0,1670.0,34.0,2.0,0,0,0,0,0,0,-7.900000000000034,56780.0
L51158,L,29.05000000000001,38.150000000000034,90.0,1496.0,46.4,94.0,0,0,0,0,0,0,-9.100000000000023,69414.4
L56814,L,26.05000000000001,37.05000000000001,90.0,1425.0,45.5,154.0,0,0,0,0,0,0,-11.0,64837.5
L55402,L,25.850000000000023,37.150000000000034,90.0,1399.0,53.9,55.0,0,0,0,0,0,0,-11.300000000000011,75406.09999999999
M18355,M,28.75,37.85000000000002,90.0,1592.0,35.2,121.0,0,0,0,0,0,0,-9.100000000000023,56038.4
H34780,H,29.950000000000045,39.450000000000045,90.0,1403.0,45.1,0.0,0,0,0,0,0,0,-9.5,63275.3
L53255,L,27.850000000000023,37.75,90.0,1573.0,38.5,199.0,0,0,0,0,0,0,-9.899999999999977,60560.5
L55308,L,26.850000000000023,38.150000000000034,90.0,1499.0,41.5,21.0,0,0,0,0,0,0,-11.300000000000011,62208.5
L48491,L,25.75,37.150000000000034,90.0,1587.0,30.2,162.0,1,0,0,0,1,0,-11.400000000000034,47927.4
L53271,L,27.75,37.55000000000001,90.0,1412.0,57.5,16.0,0,0,0,0,0,0,-9.800000000000011,81190.0
M19950,M,30.55000000000001,40.05000000000001,90.0,1570.0,40.7,74.0,0,0,0,0,0,0,-9.5,63899.00000000001
L54620,L,26.950000000000045,38.25,90.0,1529.0,29.6,30.0,0,0,0,0,0,0,-11.299999999999955,45258.4
L52041,L,30.350000000000023,39.150000000000034,90.0,1453.0,21.1,182.0,0,0,0,0,0,0,-8.800000000000011,30658.300000000003
L54848,L,27.350000000000023,38.650000000000034,90.0,1539.0,37.0,187.0,0,0,0,0,0,0,-11.300000000000011,56943.0
L56716,L,26.05000000000001,37.35000000000002,90.0,1602.0,26.0,23.0,0,0,0,0,0,0,-11.300000000000011,41652.0
M18660,M,29.05000000000001,37.75,90.0,1413.0,41.2,51.0,0,0,0,0,0,0,-8.699999999999989,58215.600000000006
M15281,M,24.150000000000034,35.05000000000001,90.0,1667.0,28.6,148.0,0,0,0,0,0,0,-10.899999999999977,47676.200000000004
L55040,L,27.350000000000023,38.85000000000002,90.0,1801.0,25.4,23.0,0,0,0,0,0,0,-11.5,45745.399999999994
L55946,L,24.350000000000023,35.55000000000001,90.0,1821.0,24.3,9.0,0,0,0,0,0,0,-11.199999999999989,44250.3
L51327,L,28.75,37.450000000000045,90.0,1532.0,38.5,65.0,0,0,0,0,0,0,-8.700000000000045,58982.0
L50111,L,27.650000000000034,36.55000000000001,90.0,1478.0,41.3,170.0,0,0,0,0,0,0,-8.899999999999977,61041.399999999994
L56116,L,24.150000000000034,35.05000000000001,90.0,1274.0,54.0,171.0,0,0,0,0,0,0,-10.899999999999977,68796.0
M20446,M,29.25,38.650000000000034,90.0,1491.0,51.5,203.0,0,0,0,0,0,0,-9.400000000000034,76786.5
L50419,L,27.850000000000023,36.35000000000002,90.0,1636.0,48.5,33.0,0,0,0,0,0,0,-8.5,79346.0
L52166,L,30.55000000000001,39.75,90.0,1502.0,40.5,148.0,0,0,0,0,0,0,-9.199999999999989,60831.0
L57152,L,25.350000000000023,35.05000000000001,90.0,1469.0,47.4,168.0,0,0,0,0,0,0,-9.699999999999989,69630.59999999999
M21058,M,27.850000000000023,37.75,90.0,1429.0,48.9,52.0,0,0,0,0,0,0,-9.899999999999977,69878.09999999999
L51734,L,29.55000000000001,37.450000000000045,90.0,1496.0,28.2,82.0,0,0,0,0,0,0,-7.900000000000034,42187.2
H39228,H,25.150000000000034,35.950000000000045,90.0,1465.0,43.2,157.0,0,0,0,0,0,0,-10.800000000000011,63288.00000000001
L56712,L,26.05000000000001,37.35000000000002,90.0,1650.0,31.3,91.0,0,0,0,0,0,0,-11.300000000000011,51645.0
L53101,L,27.350000000000023,37.150000000000034,90.0,1454.0,45.8,29.0,0,0,0,0,0,0,-9.800000000000011,66593.2
L54849,L,27.55000000000001,38.650000000000034,90.0,1336.0,39.9,189.0,0,0,0,0,0,0,-11.100000000000023,53306.4
L54261,L,27.55000000000001,37.25,90.0,1566.0,31.8,205.0,0,0,0,0,0,0,-9.699999999999989,49798.8
L50296,L,26.850000000000023,36.05000000000001,90.0,1528.0,34.4,18.0,0,0,0,0,0,0,-9.199999999999989,52563.2
L53364,L,27.850000000000023,37.75,90.0,1553.0,35.8,26.0,0,0,0,0,0,0,-9.899999999999977,55597.399999999994
L53953,L,28.150000000000034,37.650000000000034,90.0,1650.0,32.3,68.0,0,0,0,0,0,0,-9.5,53294.99999999999
L55376,L,26.25,37.650000000000034,90.0,1385.0,44.6,217.0,0,0,0,0,0,0,-11.400000000000034,61771.0
L49385,L,26.650000000000034,35.85000000000002,90.0,1492.0,40.4,105.0,0,0,0,0,0,0,-9.199999999999989,60276.799999999996
L51657,L,29.450000000000045,37.150000000000034,90.0,1365.0,49.0,59.0,1,0,1,0,0,0,-7.699999999999989,66885.0
L52900,L,29.350000000000023,38.75,90.0,1434.0,47.6,176.0,0,0,0,0,0,0,-9.399999999999977,68258.40000000001
M17795,M,27.650000000000034,36.55000000000001,90.0,1542.0,46.2,189.0,0,0,0,0,0,0,-8.899999999999977,71240.40000000001
L56326,L,24.450000000000045,35.450000000000045,90.0,1446.0,40.7,124.0,0,0,0,0,0,0,-11.0,58852.200000000004
L54395,L,26.75,36.650000000000034,90.0,1466.0,43.1,146.0,0,0,0,0,0,0,-9.900000000000034,63184.6
M22401,M,27.150000000000034,38.25,90.0,1437.0,45.0,76.0,0,0,0,0,0,0,-11.099999999999966,64665.0
L53474,L,27.850000000000023,37.35000000000002,90.0,1540.0,37.7,192.0,0,0,0,0,0,0,-9.5,58058.00000000001
M23683,M,24.150000000000034,35.650000000000034,90.0,1451.0,44.3,204.0,0,0,0,0,0,0,-11.5,64279.299999999996
L47982,L,23.75,34.75,90.0,1518.0,37.2,102.0,0,0,0,0,0,0,-11.0,56469.600000000006
M16370,M,24.950000000000045,35.450000000000045,90.0,1543.0,37.6,0.0,0,0,0,0,0,0,-10.5,58016.8
M19098,M,29.05000000000001,37.85000000000002,90.0,1530.0,33.5,154.0,0,0,0,0,0,0,-8.800000000000011,51255.0
M19135,M,29.25,37.35000000000002,90.0,1445.0,42.3,164.0,0,0,0,0,0,0,-8.100000000000023,61123.49999999999
M24409,M,26.450000000000045,37.75,90.0,1649.0,33.8,79.0,0,0,0,0,0,0,-11.299999999999955,55736.2
H29909,H,24.450000000000045,36.450000000000045,90.0,1433.0,49.7,10.0,0,0,0,0,0,0,-12.0,71220.1
H32059,H,26.650000000000034,36.25,90.0,1672.0,29.2,46.0,0,0,0,0,0,0,-9.599999999999966,48822.4
L53595,L,26.950000000000045,36.950000000000045,90.0,1430.0,49.4,205.0,0,0,0,0,0,0,-10.0,70642.0
L56037,L,24.55000000000001,35.75,90.0,1662.0,28.3,24.0,0,0,0,0,0,0,-11.199999999999989,47034.6
L55686,L,25.25,36.450000000000045,90.0,1710.0,27.3,163.0,1,0,0,0,0,1,-11.200000000000045,46683.0
L55158,L,27.850000000000023,38.85000000000002,90.0,1593.0,32.1,79.0,0,0,0,0,0,0,-11.0,51135.3
L49377,L,26.25,35.950000000000045,90.0,1641.0,32.1,99.0,0,0,0,0,0,0,-9.700000000000045,52676.100000000006
L49562,L,25.950000000000045,35.35000000000002,90.0,1786.0,24.9,37.0,0,0,0,0,0,0,-9.399999999999977,44471.399999999994
M22145,M,27.55000000000001,37.650000000000034,90.0,1542.0,34.6,81.0,0,0,0,0,0,0,-10.100000000000023,53353.200000000004
M16463,M,24.650000000000034,34.650000000000034,90.0,1528.0,32.1,192.0,0,0,0,0,0,0,-10.0,49048.8
L52200,L,30.75,39.950000000000045,90.0,1556.0,36.3,110.0,0,0,0,0,0,0,-9.200000000000045,56482.799999999996
H38805,H,24.450000000000045,35.05000000000001,90.0,1560.0,37.3,144.0,0,0,0,0,0,0,-10.599999999999966,58187.99999999999
L55255,L,27.350000000000023,38.85000000000002,90.0,1366.0,50.0,117.0,0,0,0,0,0,0,-11.5,68300.0
H38338,H,24.25,35.35000000000002,90.0,1692.0,27.9,59.0,0,0,0,0,0,0,-11.100000000000023,47206.799999999996
L49810,L,26.850000000000023,36.650000000000034,90.0,1416.0,48.9,119.0,0,0,0,0,0,0,-9.800000000000011,69242.4
L56970,L,25.450000000000045,36.35000000000002,90.0,1427.0,43.2,92.0,0,0,0,0,0,0,-10.899999999999977,61646.4
M20553,M,29.25,38.650000000000034,90.0,1570.0,36.1,93.0,0,0,0,0,0,0,-9.400000000000034,56677.0
L56303,L,24.150000000000034,35.450000000000045,90.0,1447.0,48.7,72.0,0,0,0,0,0,0,-11.300000000000011,70468.90000000001
M21443,M,28.350000000000023,37.35000000000002,90.0,1673.0,29.6,200.0,0,0,0,0,0,0,-9.0,49520.8
M17209,M,26.05000000000001,35.150000000000034,90.0,1466.0,46.8,53.0,0,0,0,0,0,0,-9.100000000000023,68608.8
M22146,M,26.950000000000045,37.25,90.0,1510.0,41.4,168.0,0,0,0,0,0,0,-10.299999999999955,62514.0
L47850,L,24.55000000000001,36.55000000000001,90.0,1435.0,41.8,219.0,0,0,0,0,0,0,-12.0,59982.99999999999
M18537,M,29.150000000000034,38.55000000000001,90.0,1260.0,53.6,165.0,0,0,0,0,0,0,-9.399999999999977,67536.0
L49657,L,25.75,35.35000000000002,90.0,1387.0,57.3,158.0,0,0,0,0,0,0,-9.600000000000023,79475.09999999999
M23767,M,24.05000000000001,35.450000000000045,90.0,1809.0,25.4,158.0,0,0,0,0,0,0,-11.400000000000034,45948.6
L54298,L,27.75,37.35000000000002,90.0,1457.0,47.0,81.0,0,0,0,0,0,0,-9.600000000000023,68479.0
L55218,L,27.55000000000001,38.75,90.0,1486.0,39.6,19.0,0,0,0,0,0,0,-11.199999999999989,58845.6
M24388,M,26.150000000000034,37.35000000000002,90.0,1525.0,42.4,2.0,0,0,0,0,0,0,-11.199999999999989,64660.0
L53944,L,28.25,37.75,90.0,1496.0,38.3,9.0,0,0,0,0,0,0,-9.5,57296.799999999996
L53978,L,27.850000000000023,37.650000000000034,90.0,1471.0,40.3,0.0,0,0,0,0,0,0,-9.800000000000011,59281.299999999996
L48453,L,24.950000000000045,36.150000000000034,90.0,1397.0,48.2,63.0,0,0,0,0,0,0,-11.199999999999989,67335.40000000001
L47884,L,24.55000000000001,35.75,90.0,1529.0,41.9,170.0,0,0,0,0,0,0,-11.199999999999989,64065.1
M24155,M,25.05000000000001,35.85000000000002,90.0,1513.0,31.1,97.0,0,0,0,0,0,0,-10.800000000000011,47054.3
L53271,L,27.75,37.55000000000001,90.0,1418.0,45.5,18.0,0,0,0,0,0,0,-9.800000000000011,64519.0
L49633,L,25.850000000000023,35.450000000000045,90.0,1533.0,40.7,98.0,0,0,0,0,0,0,-9.600000000000023,62393.100000000006
L48542,L,25.450000000000045,36.85000000000002,90.0,1517.0,43.2,68.0,0,0,0,0,0,0,-11.399999999999977,65534.4
L57012,L,25.450000000000045,36.150000000000034,90.0,1419.0,46.5,210.0,0,0,0,0,0,0,-10.699999999999989,65983.5
L53631,L,27.150000000000034,36.75,90.0,1697.0,30.8,192.0,0,0,0,0,0,0,-9.599999999999966,52267.6
L54684,L,27.25,38.650000000000034,90.0,1430.0,43.8,201.0,0,0,0,0,0,0,-11.400000000000034,62633.99999999999
L49586,L,25.950000000000045,35.450000000000045,90.0,1367.0,41.6,183.0,0,0,0,0,0,0,-9.5,56867.200000000004
M20956,M,27.650000000000034,37.650000000000034,90.0,1662.0,32.7,28.0,0,0,0,0,0,0,-10.0,54347.4
L56978,L,25.350000000000023,36.150000000000034,90.0,1377.0,52.7,119.0,0,0,0,0,0,0,-10.800000000000011,72567.90000000001
L55016,L,26.850000000000023,38.25,90.0,1604.0,35.0,0.0,0,0,0,0,0,0,-11.399999999999977,56140.0
L53987,L,27.850000000000023,37.650000000000034,90.0,1549.0,31.2,121.0,0,0,0,0,0,0,-9.800000000000011,48328.799999999996
L54459,L,26.850000000000023,36.950000000000045,90.0,1390.0,57.4,60.0,0,0,0,0,0,0,-10.100000000000023,79786.0
H35944,H,28.05000000000001,37.450000000000045,90.0,1605.0,32.5,59.0,0,0,0,0,0,0,-9.400000000000034,52162.5
L55541,L,25.450000000000045,36.55000000000001,90.0,1364.0,49.8,161.0,0,0,0,0,0,0,-11.099999999999966,67927.2
L54260,L,27.55000000000001,37.25,90.0,1295.0,47.3,203.0,0,0,0,0,0,0,-9.699999999999989,61253.49999999999
H32292,H,27.350000000000023,36.35000000000002,90.0,1743.0,28.4,174.0,0,0,0,0,0,0,-9.0,49501.2
L49372,L,26.650000000000034,35.950000000000045,90.0,1463.0,46.6,72.0,0,0,0,0,0,0,-9.300000000000011,68175.8
L54248,L,27.55000000000001,37.55000000000001,90.0,1461.0,42.8,173.0,0,0,0,0,0,0,-10.0,62530.799999999996
M23403,M,25.25,36.05000000000001,90.0,1551.0,36.2,76.0,0,0,0,0,0,0,-10.800000000000011,56146.200000000004
L55124,L,27.650000000000034,38.35000000000002,90.0,1622.0,35.2,10.0,0,0,0,0,0,0,-10.699999999999989,57094.4
L51657,L,29.450000000000045,37.150000000000034,90.0,1647.0,34.2,213.0,0,0,0,0,0,0,-7.699999999999989,56327.4
L54434,L,27.150000000000034,37.25,90.0,1394.0,47.1,139.0,0,0,0,0,0,0,-10.099999999999966,65657.40000000001
L47958,L,23.55000000000001,34.85000000000002,90.0,1735.0,28.0,41.0,0,0,0,0,0,0,-11.300000000000011,48580.0
L55067,L,27.55000000000001,39.25,90.0,1480.0,37.9,76.0,0,0,0,0,0,0,-11.699999999999989,56092.0
L50638,L,28.350000000000023,37.25,90.0,1630.0,35.5,2.0,0,0,0,0,0,0,-8.899999999999977,57865.0
M17384,M,25.650000000000034,35.55000000000001,90.0,1445.0,38.8,44.0,0,0,0,0,0,0,-9.899999999999977,56065.99999999999
L53754,L,27.350000000000023,36.650000000000034,90.0,1505.0,37.7,5.0,0,0,0,0,0,0,-9.300000000000011,56738.50000000001
L50314,L,27.05000000000001,36.450000000000045,90.0,1523.0,36.5,66.0,0,0,0,0,0,0,-9.400000000000034,55589.5
L55823,L,24.350000000000023,35.35000000000002,90.0,1478.0,42.3,83.0,0,0,0,0,0,0,-11.0,62519.399999999994
M23714,M,24.55000000000001,35.85000000000002,90.0,1733.0,25.0,16.0,0,0,0,0,0,0,-11.300000000000011,43325.0
L56165,L,23.950000000000045,34.75,90.0,1671.0,29.2,179.0,0,0,0,0,0,0,-10.799999999999955,48793.2
L53153,L,27.350000000000023,37.55000000000001,90.0,1447.0,46.7,121.0,0,0,0,0,0,0,-10.199999999999989,67574.90000000001
L54337,L,27.05000000000001,36.950000000000045,90.0,1486.0,40.7,182.0,0,0,0,0,0,0,-9.900000000000034,60480.200000000004
L54250,L,27.55000000000001,37.55000000000001,90.0,1641.0,32.0,177.0,0,0,0,0,0,0,-10.0,52512.0
M15218,M,24.450000000000045,35.450000000000045,90.0,1467.0,36.7,68.0,0,0,0,0,0,0,-11.0,53838.9
L48571,L,25.75,37.150000000000034,90.0,1577.0,38.3,5.0,0,0,0,0,0,0,-11.400000000000034,60399.1
M16136,M,25.05000000000001,36.35000000000002,90.0,1378.0,46.8,73.0,0,0,0,0,0,0,-11.300000000000011,64490.399999999994
H30117,H,24.55000000000001,35.75,90.0,1479.0,40.9,179.0,0,0,0,0,0,0,-11.199999999999989,60491.1
L50042,L,27.450000000000045,36.35000000000002,90.0,1539.0,43.0,242.0,0,0,0,0,0,0,-8.899999999999977,66177.0
L51793,L,29.950000000000045,38.150000000000034,90.0,1530.0,35.0,17.0,0,0,0,0,0,0,-8.199999999999989,53550.0
M17244,M,25.950000000000045,35.25,90.0,1379.0,54.1,125.0,0,0,0,0,0,0,-9.299999999999955,74603.90000000001
L56372,L,24.75,35.85000000000002,90.0,1562.0,35.8,76.0,0,0,0,0,0,0,-11.100000000000023,55919.6
L55146,L,27.850000000000023,39.05000000000001,90.0,1602.0,30.7,173.0,0,0,0,0,0,0,-11.199999999999989,49181.4
L54051,L,27.850000000000023,38.150000000000034,90.0,1554.0,47.0,71.0,0,0,0,0,0,0,-10.300000000000011,73038.0
L55367,L,26.450000000000045,37.950000000000045,90.0,1630.0,34.3,196.0,0,0,0,0,0,0,-11.5,55908.99999999999
L54263,L,27.25,37.25,90.0,1422.0,46.6,209.0,0,0,0,0,0,0,-10.0,66265.2
L48644,L,25.650000000000034,36.85000000000002,90.0,1568.0,37.6,137.0,0,0,0,0,0,0,-11.199999999999989,58956.8
M18046,M,27.05000000000001,36.25,90.0,1456.0,48.8,173.0,0,0,0,0,0,0,-9.199999999999989,71052.8
L56059,L,24.850000000000023,36.05000000000001,90.0,1332.0,52.5,85.0,0,0,0,0,0,0,-11.199999999999989,69930.0
H30217,H,23.650000000000034,34.75,90.0,1426.0,46.1,108.0,0,0,0,0,0,0,-11.099999999999966,65738.6
M23913,M,24.25,35.35000000000002,90.0,1465.0,32.2,84.0,0,0,0,0,0,0,-11.100000000000023,47173.00000000001
H37674,H,25.950000000000045,37.450000000000045,90.0,1431.0,43.9,148.0,0,0,0,0,0,0,-11.5,62820.9
M18285,M,28.350000000000023,37.35000000000002,90.0,1366.0,55.7,142.0,0,0,0,0,0,0,-9.0,76086.2
L47891,L,24.25,35.55000000000001,90.0,1425.0,46.2,0.0,0,0,0,0,0,0,-11.300000000000011,65835.0
L48755,L,25.05000000000001,35.150000000000034,90.0,1570.0,37.8,164.0,0,0,0,0,0,0,-10.100000000000023,59345.99999999999
L50072,L,27.55000000000001,36.450000000000045,90.0,1782.0,26.3,80.0,0,0,0,0,0,0,-8.900000000000034,46866.6
L51105,L,29.150000000000034,38.35000000000002,90.0,1569.0,36.0,160.0,0,0,0,0,0,0,-9.199999999999989,56484.0
L53070,L,28.25,37.85000000000002,90.0,1513.0,44.0,155.0,0,0,0,0,0,0,-9.600000000000023,66572.0
L54797,L,27.25,38.25,90.0,1556.0,45.3,58.0,0,0,0,0,0,0,-11.0,70486.79999999999
L54690,L,27.350000000000023,38.650000000000034,90.0,1372.0,57.5,214.0,1,0,0,0,1,0,-11.300000000000011,78890.0
L56393,L,24.850000000000023,35.75,90.0,1408.0,42.8,90.0,0,0,0,0,0,0,-10.899999999999977,60262.399999999994
M24668,M,25.05000000000001,36.150000000000034,90.0,1651.0,34.8,147.0,0,0,0,0,0,0,-11.100000000000023,57454.799999999996
M16510,M,25.05000000000001,34.650000000000034,90.0,1459.0,40.7,147.0,0,0,0,0,0,0,-9.600000000000023,59381.3
H38295,H,24.850000000000023,36.05000000000001,90.0,1586.0,34.6,100.0,0,0,0,0,0,0,-11.199999999999989,54875.600000000006
M16408,M,25.05000000000001,35.650000000000034,90.0,1657.0,30.8,104.0,0,0,0,0,0,0,-10.600000000000023,51035.6
L53479,L,28.05000000000001,37.55000000000001,90.0,1385.0,49.2,105.0,0,0,0,0,0,0,-9.5,68142.0
L56158,L,23.75,34.75,90.0,1662.0,35.1,24.0,0,0,0,0,0,0,-11.0,58336.200000000004
H32647,H,27.650000000000034,36.25,90.0,1474.0,40.7,33.0,0,0,0,0,0,0,-8.599999999999966,59991.8
L47492,L,24.55000000000001,35.55000000000001,90.0,1430.0,43.9,168.0,0,0,0,0,0,0,-11.0,62777.0
L56473,L,25.05000000000001,35.85000000000002,90.0,1437.0,38.0,93.0,0,0,0,0,0,0,-10.800000000000011,54606.0
L56376,L,24.850000000000023,35.75,90.0,1607.0,33.6,49.0,0,0,0,0,0,0,-10.899999999999977,53995.200000000004
L56016,L,24.25,35.650000000000034,90.0,1545.0,28.8,166.0,0,0,0,0,0,0,-11.400000000000034,44496.0
H29560,H,25.350000000000023,35.25,90.0,1521.0,37.2,174.0,0,0,0,0,0,0,-9.899999999999977,56581.200000000004
H37110,H,27.25,38.35000000000002,90.0,1474.0,41.6,2.0,0,0,0,0,0,0,-11.100000000000023,61318.4
L48882,L,24.75,34.650000000000034,90.0,1424.0,45.8,166.0,0,0,0,0,0,0,-9.900000000000034,65219.2
M19135,M,28.850000000000023,37.25,90.0,1512.0,39.9,167.0,0,0,0,0,0,0,-8.399999999999977,60328.799999999996
L54628,L,27.150000000000034,38.650000000000034,90.0,1445.0,43.0,193.0,0,0,0,0,0,0,-11.5,62135.0
M24111,M,25.150000000000034,35.950000000000045,90.0,1651.0,28.8,145.0,0,0,0,0,0,0,-10.800000000000011,47548.8
L53040,L,28.150000000000034,37.75,90.0,1469.0,41.9,9.0,0,0,0,0,0,0,-9.599999999999966,61551.1
L55041,L,27.350000000000023,38.85000000000002,90.0,1498.0,42.9,179.0,0,0,0,0,0,0,-11.5,64264.2
L54337,L,26.950000000000045,36.85000000000002,90.0,1314.0,49.7,182.0,0,0,0,0,0,0,-9.899999999999977,65305.8
H32503,H,26.950000000000045,36.05000000000001,90.0,1419.0,38.2,35.0,0,0,0,0,0,0,-9.099999999999966,54205.8
M18485,M,29.05000000000001,38.25,90.0,1351.0,53.0,185.0,0,0,0,0,0,0,-9.199999999999989,71603.0
H34783,H,30.650000000000034,39.35000000000002,90.0,1418.0,44.4,130.0,0,0,0,0,0,0,-8.699999999999989,62959.2
M18468,M,28.55000000000001,37.35000000000002,90.0,1547.0,36.6,59.0,0,0,0,0,0,0,-8.800000000000011,56620.200000000004
L54022,L,27.950000000000045,38.150000000000034,90.0,1510.0,38.0,126.0,0,0,0,0,0,0,-10.199999999999989,57380.0
L47380,L,25.25,35.450000000000045,90.0,1445.0,42.2,103.0,0,0,0,0,0,0,-10.200000000000045,60979.00000000001
L49089,L,24.850000000000023,34.55000000000001,90.0,1357.0,50.7,121.0,0,0,0,0,0,0,-9.699999999999989,68799.90000000001
L50064,L,27.450000000000045,36.450000000000045,90.0,1634.0,28.8,57.0,0,0,0,0,0,0,-9.0,47059.200000000004
L56289,L,24.350000000000023,35.450000000000045,90.0,1711.0,31.1,32.0,0,0,0,0,0,0,-11.100000000000023,53212.100000000006
L47427,L,24.850000000000023,35.150000000000034,90.0,1642.0,32.8,39.0,0,0,0,0,0,0,-10.300000000000011,53857.6
L51526,L,28.75,36.55000000000001,90.0,1598.0,30.4,174.0,0,0,0,0,0,0,-7.800000000000011,48579.2
L54276,L,27.450000000000045,37.05000000000001,90.0,1555.0,36.9,19.0,0,0,0,0,0,0,-9.599999999999966,57379.5
L53142,L,27.55000000000001,37.650000000000034,90.0,1537.0,42.2,125.0,0,0,0,0,0,0,-10.100000000000023,64861.4
H36399,H,27.55000000000001,37.55000000000001,90.0,1417.0,43.6,119.0,0,0,0,0,0,0,-10.0,61781.200000000004
L54192,L,27.25,37.25,90.0,1809.0,27.0,119.0,0,0,0,0,0,0,-10.0,48843.0
M21766,M,27.850000000000023,38.35000000000002,90.0,1505.0,39.5,165.0,0,0,0,0,0,0,-10.5,59447.5
M23088,M,25.950000000000045,37.450000000000045,90.0,1528.0,41.2,69.0,0,0,0,0,0,0,-11.5,62953.600000000006
L51733,L,29.450000000000045,37.35000000000002,90.0,1505.0,41.3,0.0,0,0,0,0,0,0,-7.899999999999977,62156.49999999999
L52437,L,30.350000000000023,39.85000000000002,90.0,1512.0,41.8,82.0,0,0,0,0,0,0,-9.5,63201.6
L53313,L,27.950000000000045,37.950000000000045,90.0,1350.0,58.5,101.0,0,0,0,0,0,0,-10.0,78975.0
L48254,L,23.850000000000023,34.75,90.0,1540.0,35.5,170.0,0,0,0,0,0,0,-10.899999999999977,54670.0
L47655,L,24.25,35.450000000000045,90.0,1582.0,35.7,163.0,0,0,0,0,0,0,-11.200000000000045,56477.4
L55874,L,24.05000000000001,35.35000000000002,90.0,1446.0,25.8,7.0,0,0,0,0,0,0,-11.300000000000011,37306.8
M20054,M,30.75,39.950000000000045,90.0,1393.0,46.4,137.0,0,0,0,0,0,0,-9.200000000000045,64635.2
H38015,H,24.55000000000001,35.75,90.0,1564.0,36.0,121.0,0,0,0,0,0,0,-11.199999999999989,56304.0
L52888,L,29.150000000000034,38.650000000000034,90.0,1753.0,26.7,135.0,0,0,0,0,0,0,-9.5,46805.1
L52417,L,30.650000000000034,39.85000000000002,90.0,1555.0,42.3,38.0,0,0,0,0,0,0,-9.199999999999989,65776.5
M22030,M,26.55000000000001,37.05000000000001,90.0,1447.0,42.7,155.0,0,0,0,0,0,0,-10.5,61786.9
L54839,L,27.350000000000023,38.25,90.0,1635.0,31.0,164.0,0,0,0,0,0,0,-10.899999999999977,50685.0
L49454,L,26.150000000000034,35.450000000000045,90.0,1737.0,28.8,76.0,0,0,0,0,0,0,-9.300000000000011,50025.6
L52792,L,29.850000000000023,39.150000000000034,90.0,1486.0,42.4,0.0,0,0,0,0,0,0,-9.300000000000011,63006.4
L53135,L,27.55000000000001,37.55000000000001,90.0,1557.0,35.6,48.0,0,0,0,0,0,0,-10.0,55429.200000000004
L53337,L,27.950000000000045,37.85000000000002,90.0,1495.0,31.8,186.0,0,0,0,0,0,0,-9.899999999999977,47541.0
M19905,M,30.950000000000045,40.05000000000001,90.0,1510.0,46.9,124.0,0,0,0,0,0,0,-9.099999999999966,70819.0
L54837,L,27.350000000000023,38.450000000000045,90.0,1446.0,49.9,94.0,0,0,0,0,0,0,-11.100000000000023,72155.4
L57013,L,25.150000000000034,35.950000000000045,90.0,1532.0,42.1,212.0,0,0,0,0,0,0,-10.800000000000011,64497.200000000004
L53418,L,28.150000000000034,37.650000000000034,90.0,1479.0,45.3,164.0,0,0,0,0,0,0,-9.5,66998.7
L54577,L,26.55000000000001,37.450000000000045,90.0,1436.0,43.2,144.0,0,0,0,0,0,0,-10.900000000000034,62035.200000000004
L49197,L,25.55000000000001,35.35000000000002,90.0,1483.0,42.6,46.0,0,0,0,0,0,0,-9.800000000000011,63175.8
M18782,M,29.150000000000034,38.25,90.0,1465.0,41.2,17.0,0,0,0,0,0,0,-9.099999999999966,60358.00000000001
L48562,L,25.650000000000034,37.150000000000034,90.0,1723.0,26.3,198.0,0,0,0,0,0,0,-11.5,45314.9
L50766,L,28.55000000000001,37.35000000000002,90.0,1601.0,32.4,139.0,0,0,0,0,0,0,-8.800000000000011,51872.399999999994
L50586,L,28.05000000000001,37.25,90.0,1511.0,36.9,104.0,0,0,0,0,0,0,-9.199999999999989,55755.9
L48889,L,25.05000000000001,34.650000000000034,90.0,1748.0,25.1,66.0,0,0,0,0,0,0,-9.600000000000023,43874.8
H30313,H,22.150000000000034,32.650000000000034,90.0,1644.0,33.1,187.0,0,0,0,0,0,0,-10.5,54416.4
M20887,M,27.55000000000001,37.85000000000002,90.0,1444.0,44.3,82.0,0,0,0,0,0,0,-10.300000000000011,63969.2
L48364,L,24.150000000000034,35.35000000000002,90.0,1465.0,42.5,0.0,0,0,0,0,0,0,-11.199999999999989,62262.5
L54189,L,27.350000000000023,37.35000000000002,90.0,1536.0,44.1,29.0,0,0,0,0,0,0,-10.0,67737.6
L50160,L,27.25,36.35000000000002,90.0,1553.0,39.3,157.0,0,0,0,0,0,0,-9.100000000000023,61032.899999999994
M16752,M,24.950000000000045,34.85000000000002,90.0,1614.0,35.2,141.0,0,0,0,0,0,0,-9.899999999999977,56812.8
L52454,L,30.450000000000045,39.85000000000002,90.0,1469.0,44.8,124.0,0,0,0,0,0,0,-9.399999999999977,65811.2
H39290,H,25.650000000000034,36.55000000000001,90.0,1461.0,46.3,28.0,0,0,0,0,0,0,-10.899999999999977,67644.3
L57128,L,25.25,34.75,90.0,1455.0,41.2,117.0,0,0,0,0,0,0,-9.5,59946.00000000001
L49850,L,26.350000000000023,36.150000000000034,90.0,1523.0,42.2,124.0,0,0,0,0,0,0,-9.800000000000011,64270.600000000006
L53601,L,27.150000000000034,36.75,90.0,1410.0,55.0,0.0,0,0,0,0,0,0,-9.599999999999966,77550.0
L49250,L,26.55000000000001,36.35000000000002,90.0,1352.0,49.7,74.0,0,0,0,0,0,0,-9.800000000000011,67194.40000000001
L52119,L,30.450000000000045,39.35000000000002,90.0,1510.0,62.4,101.0,0,0,0,0,0,0,-8.899999999999977,94224.0
L53237,L,27.650000000000034,37.650000000000034,90.0,1465.0,39.1,146.0,0,0,0,0,0,0,-10.0,57281.5
L52424,L,30.450000000000045,39.85000000000002,90.0,1637.0,31.6,52.0,0,0,0,0,0,0,-9.399999999999977,51729.200000000004
H30030,H,25.25,36.950000000000045,90.0,1554.0,34.6,75.0,0,0,0,0,0,0,-11.700000000000045,53768.4
M21091,M,28.150000000000034,37.85000000000002,90.0,1495.0,37.8,148.0,0,0,0,0,0,0,-9.699999999999989,56510.99999999999
L49358,L,26.350000000000023,35.950000000000045,90.0,1393.0,46.6,31.0,0,0,0,0,0,0,-9.600000000000023,64913.8
H35550,H,27.75,37.650000000000034,90.0,1390.0,43.7,131.0,0,0,0,0,0,0,-9.900000000000034,60743.00000000001
M24157,M,24.950000000000045,35.75,90.0,1589.0,35.2,114.0,0,0,0,0,0,0,-10.799999999999955,55932.8
M22794,M,27.650000000000034,38.85000000000002,90.0,1521.0,39.7,196.0,0,0,0,0,0,0,-11.199999999999989,60383.700000000004
H38574,H,24.25,35.35000000000002,90.0,1488.0,41.4,158.0,0,0,0,0,0,0,-11.100000000000023,61603.2
L52424,L,30.350000000000023,39.75,90.0,1465.0,41.1,98.0,0,0,0,0,0,0,-9.399999999999977,60211.5
L50062,L,27.450000000000045,36.25,90.0,1466.0,43.4,57.0,0,0,0,0,0,0,-8.799999999999955,63624.4
L56436,L,25.05000000000001,35.950000000000045,90.0,1549.0,35.2,199.0,0,0,0,0,0,0,-10.900000000000034,54524.8
M23200,M,25.650000000000034,36.450000000000045,90.0,1597.0,34.5,157.0,0,0,0,0,0,0,-10.800000000000011,55096.5
L50280,L,26.650000000000034,35.950000000000045,90.0,1578.0,30.3,89.0,0,0,0,0,0,0,-9.300000000000011,47813.4
L54978,L,27.350000000000023,38.75,90.0,1712.0,30.8,194.0,0,0,0,0,0,0,-11.399999999999977,52729.6
L54488,L,26.850000000000023,37.25,90.0,1465.0,44.3,131.0,0,0,0,0,0,0,-10.399999999999977,64899.49999999999
L56160,L,23.850000000000023,34.450000000000045,90.0,1609.0,34.3,126.0,0,0,0,0,0,0,-10.600000000000023,55188.7
L48440,L,24.450000000000045,35.85000000000002,90.0,1423.0,38.2,22.0,0,0,0,0,0,0,-11.399999999999977,54358.600000000006
M21254,M,27.05000000000001,36.55000000000001,90.0,1472.0,44.1,144.0,0,0,0,0,0,0,-9.5,64915.200000000004
L54735,L,27.150000000000034,38.150000000000034,90.0,1478.0,36.6,112.0,0,0,0,0,0,0,-11.0,54094.8
M20608,M,29.05000000000001,38.55000000000001,90.0,1422.0,41.9,203.0,0,0,0,0,0,0,-9.5,59581.799999999996
L56731,L,26.150000000000034,37.450000000000045,90.0,1786.0,27.6,139.0,0,0,0,0,0,0,-11.300000000000011,49293.600000000006
L48739,L,25.05000000000001,35.150000000000034,90.0,1412.0,41.8,132.0,0,0,0,0,0,0,-10.100000000000023,59021.6
L55569,L,25.650000000000034,36.450000000000045,90.0,1647.0,39.7,78.0,0,0,0,0,0,0,-10.800000000000011,65385.9
L55256,L,27.25,38.85000000000002,90.0,1527.0,36.7,117.0,0,0,0,0,0,0,-11.600000000000023,56040.9
L52558,L,29.75,39.150000000000034,90.0,1477.0,45.9,194.0,0,0,0,0,0,0,-9.400000000000034,67794.3
L48477,L,25.650000000000034,36.75,90.0,1435.0,42.4,150.0,0,0,0,0,0,0,-11.099999999999966,60844.0
M15566,M,24.75,36.650000000000034,90.0,1542.0,35.2,38.0,0,0,0,0,0,0,-11.900000000000034,54278.4
H39199,H,25.55000000000001,36.55000000000001,90.0,1497.0,29.8,74.0,0,0,0,0,0,0,-11.0,44610.6
L54338,L,27.05000000000001,36.85000000000002,90.0,1465.0,39.8,59.0,0,0,0,0,0,0,-9.800000000000011,58306.99999999999
M22607,M,27.350000000000023,38.35000000000002,90.0,1495.0,47.7,167.0,0,0,0,0,0,0,-11.0,71311.5
L54056,L,27.75,38.05000000000001,90.0,1460.0,47.7,87.0,0,0,0,0,0,0,-10.300000000000011,69642.0
M23917,M,24.150000000000034,35.25,90.0,1686.0,45.9,97.0,0,0,0,0,0,0,-11.099999999999966,77387.4
L53528,L,27.05000000000001,36.650000000000034,90.0,1451.0,43.5,39.0,0,0,0,0,0,0,-9.600000000000023,63118.5
H34710,H,30.650000000000034,40.05000000000001,90.0,1379.0,42.9,180.0,0,0,0,0,0,0,-9.399999999999977,59159.1
M17096,M,26.150000000000034,35.35000000000002,90.0,1565.0,40.2,186.0,0,0,0,0,0,0,-9.199999999999989,62913.00000000001
L51740,L,29.55000000000001,37.55000000000001,90.0,1597.0,45.4,15.0,0,0,0,0,0,0,-8.0,72503.8
M18235,M,28.25,37.35000000000002,90.0,1459.0,42.3,16.0,0,0,0,0,0,0,-9.100000000000023,61715.7
L55983,L,24.25,35.35000000000002,90.0,1671.0,33.1,75.0,0,0,0,0,0,0,-11.100000000000023,55310.100000000006
M16557,M,24.650000000000034,34.450000000000045,90.0,1433.0,44.0,37.0,0,0,0,0,0,0,-9.800000000000011,63052.0
L56731,L,26.25,37.75,90.0,1474.0,41.9,7.0,0,0,0,0,0,0,-11.5,61760.6
L55403,L,25.950000000000045,37.35000000000002,90.0,1435.0,43.4,58.0,0,0,0,0,0,0,-11.399999999999977,62279.0
M21429,M,28.25,37.450000000000045,90.0,1375.0,42.0,168.0,0,0,0,0,0,0,-9.200000000000045,57750.0
M18129,M,28.350000000000023,36.75,90.0,1559.0,36.0,114.0,0,0,0,0,0,0,-8.399999999999977,56124.0
L50676,L,28.75,37.75,90.0,1395.0,48.0,2.0,0,0,0,0,0,0,-9.0,66960.0
L56773,L,26.05000000000001,37.05000000000001,90.0,1804.0,25.6,17.0,0,0,0,0,0,0,-11.0,46182.4
L49410,L,26.350000000000023,35.450000000000045,90.0,1404.0,45.7,92.0,0,0,0,0,0,0,-9.100000000000023,64162.8
L53011,L,28.150000000000034,37.950000000000045,90.0,1474.0,50.7,157.0,0,0,0,0,0,0,-9.800000000000011,74731.8
L49650,L,25.650000000000034,35.35000000000002,90.0,1359.0,46.4,127.0,0,0,0,0,0,0,-9.699999999999989,63057.6
L55052,L,27.450000000000045,39.150000000000034,90.0,1332.0,51.2,9.0,0,0,0,0,0,0,-11.699999999999989,68198.40000000001
L56256,L,24.05000000000001,34.950000000000045,90.0,1474.0,44.3,158.0,0,0,0,0,0,0,-10.900000000000034,65298.2
L56256,L,24.150000000000034,34.950000000000045,90.0,1474.0,44.3,152.0,0,0,0,0,0,0,-10.800000000000011,65298.2
L56316,L,24.55000000000001,35.450000000000045,90.0,1413.0,47.1,119.0,0,0,0,0,0,0,-10.900000000000034,66552.3
L56073,L,24.350000000000023,35.55000000000001,90.0,1466.0,39.7,155.0,0,0,0,0,0,0,-11.199999999999989,58200.200000000004
M18006,M,27.350000000000023,36.75,90.0,1445.0,26.5,181.0,0,0,0,0,0,0,-9.399999999999977,38292.5
L51211,L,28.850000000000023,37.75,90.0,1541.0,37.5,194.0,0,0,0,0,0,0,-8.899999999999977,57787.5
L51631,L,29.350000000000023,37.150000000000034,90.0,1549.0,42.0,170.0,0,0,0,0,0,0,-7.800000000000011,65058.0
L54256,L,27.55000000000001,37.35000000000002,90.0,1318.0,49.7,192.0,0,0,0,0,0,0,-9.800000000000011,65504.600000000006
H33769,H,28.850000000000023,36.650000000000034,90.0,1408.0,47.0,150.0,0,0,0,0,0,0,-7.800000000000011,66176.0
L50553,L,28.25,37.650000000000034,90.0,1376.0,54.0,23.0,0,0,0,0,0,0,-9.400000000000034,74304.0
L54255,L,27.55000000000001,37.35000000000002,90.0,1493.0,40.6,192.0,0,0,0,0,0,0,-9.800000000000011,60615.8
M22489,M,27.05000000000001,38.25,90.0,1552.0,34.3,87.0,0,0,0,0,0,0,-11.199999999999989,53233.6
L52726,L,29.25,38.85000000000002,90.0,1477.0,39.9,147.0,0,0,0,0,0,0,-9.600000000000023,58932.299999999996
L55837,L,24.350000000000023,35.25,90.0,1374.0,46.9,121.0,0,0,0,0,0,0,-10.899999999999977,64440.6
H32832,H,28.650000000000034,37.450000000000045,90.0,1553.0,40.2,96.0,0,0,0,0,0,0,-8.800000000000011,62430.600000000006
L47940,L,23.75,34.85000000000002,90.0,1421.0,42.7,64.0,0,0,0,0,0,0,-11.100000000000023,60676.700000000004
L56303,L,24.25,35.35000000000002,90.0,1637.0,32.9,5.0,0,0,0,0,0,0,-11.100000000000023,53857.299999999996
L49630,L,25.75,35.450000000000045,90.0,1728.0,28.8,150.0,0,0,0,0,0,0,-9.700000000000045,49766.4
L53382,L,27.850000000000023,37.75,90.0,1591.0,32.7,85.0,0,0,0,0,0,0,-9.899999999999977,52025.700000000004
L48082,L,22.350000000000023,32.950000000000045,90.0,1473.0,42.8,147.0,0,0,0,0,0,0,-10.600000000000023,63044.399999999994
L54709,L,26.950000000000045,38.25,90.0,1531.0,40.6,45.0,0,0,0,0,0,0,-11.299999999999955,62158.6
L50540,L,28.350000000000023,37.55000000000001,90.0,1445.0,43.5,2.0,0,0,0,0,0,0,-9.199999999999989,62857.5
L50192,L,27.25,36.450000000000045,90.0,1435.0,44.6,192.0,0,0,0,0,0,0,-9.200000000000045,64001.0
L47642,L,24.350000000000023,35.55000000000001,90.0,1544.0,37.9,204.0,0,0,0,0,0,0,-11.199999999999989,58517.6
L56182,L,23.950000000000045,34.75,90.0,1384.0,36.6,110.0,0,0,0,0,0,0,-10.799999999999955,50654.4
L51267,L,28.75,37.25,90.0,1481.0,40.4,204.0,0,0,0,0,0,0,-8.5,59832.4
L53566,L,27.05000000000001,36.55000000000001,90.0,1372.0,34.3,120.0,0,0,0,0,0,0,-9.5,47059.6
L54687,L,27.350000000000023,38.75,90.0,1601.0,36.2,203.0,0,0,0,0,0,0,-11.399999999999977,57956.200000000004
L56911,L,25.650000000000034,36.85000000000002,90.0,1470.0,40.9,161.0,0,0,0,0,0,0,-11.199999999999989,60123.0
L48433,L,24.350000000000023,35.650000000000034,90.0,1558.0,35.8,0.0,0,0,0,0,0,0,-11.300000000000011,55776.399999999994
M17247,M,26.05000000000001,35.450000000000045,90.0,1326.0,61.0,135.0,0,0,0,0,0,0,-9.400000000000034,80886.0
H33265,H,29.05000000000001,37.75,90.0,1415.0,36.1,142.0,0,0,0,0,0,0,-8.699999999999989,51081.5
M24675,M,25.25,35.950000000000045,90.0,1576.0,36.8,168.0,0,0,0,0,0,0,-10.700000000000045,57996.799999999996
H30365,H,22.450000000000045,33.150000000000034,90.0,1509.0,42.5,179.0,0,0,0,0,0,0,-10.699999999999989,64132.5
M20317,M,29.850000000000023,39.35000000000002,90.0,1422.0,47.0,135.0,0,0,0,0,0,0,-9.5,66834.0
L48797,L,24.650000000000034,34.650000000000034,90.0,1585.0,32.8,53.0,0,0,0,0,0,0,-10.0,51987.99999999999
L53273,L,27.850000000000023,37.650000000000034,90.0,1375.0,57.2,0.0,0,0,0,0,0,0,-9.800000000000011,78650.0
L55812,L,24.150000000000034,35.150000000000034,90.0,1590.0,45.5,59.0,0,0,0,0,0,0,-11.0,72345.0
L51448,L,29.55000000000001,37.85000000000002,90.0,1560.0,37.9,124.0,0,0,0,0,0,0,-8.300000000000011,59124.0
L52887,L,29.25,38.650000000000034,90.0,1543.0,38.4,141.0,0,0,0,0,0,0,-9.400000000000034,59251.2
M21722,M,27.950000000000045,38.05000000000001,90.0,1533.0,35.8,160.0,0,0,0,0,0,0,-10.099999999999966,54881.399999999994
L54038,L,27.850000000000023,38.05000000000001,90.0,1467.0,36.0,111.0,0,0,0,0,0,0,-10.199999999999989,52812.0
L55501,L,25.650000000000034,36.450000000000045,90.0,1525.0,39.7,104.0,0,0,0,0,0,0,-10.800000000000011,60542.50000000001
M20034,M,31.150000000000034,40.35000000000002,90.0,1396.0,44.9,0.0,0,0,0,0,0,0,-9.199999999999989,62680.4
L52702,L,29.450000000000045,38.75,90.0,1453.0,39.1,173.0,0,0,0,0,0,0,-9.299999999999955,56812.3
M19348,M,29.350000000000023,37.25,90.0,1509.0,36.1,95.0,0,0,0,0,0,0,-7.899999999999977,54474.9
H38258,H,24.25,35.75,90.0,1738.0,30.8,196.0,0,0,0,0,0,0,-11.5,53530.4
L56488,L,25.150000000000034,35.950000000000045,90.0,1483.0,38.0,135.0,0,0,0,0,0,0,-10.800000000000011,56354.0
L56160,L,23.850000000000023,34.450000000000045,90.0,1416.0,44.7,126.0,0,0,0,0,0,0,-10.600000000000023,63295.200000000004
H30653,H,25.75,35.55000000000001,90.0,1392.0,46.5,122.0,0,0,0,0,0,0,-9.800000000000011,64728.0
M23613,M,24.350000000000023,35.35000000000002,90.0,1529.0,41.4,2.0,0,0,0,0,0,0,-11.0,63300.6
L52155,L,30.55000000000001,39.450000000000045,90.0,1396.0,45.5,44.0,0,0,0,0,0,0,-8.900000000000034,63518.0
M21607,M,28.650000000000034,37.950000000000045,90.0,1487.0,39.5,177.0,0,0,0,0,0,0,-9.300000000000011,58736.5
M21091,M,28.150000000000034,37.85000000000002,90.0,1352.0,53.8,148.0,0,0,0,0,0,0,-9.699999999999989,72737.59999999999
L54894,L,27.350000000000023,38.35000000000002,90.0,1419.0,55.6,78.0,0,0,0,0,0,0,-11.0,78896.40000000001
L53932,L,28.55000000000001,37.75,90.0,1501.0,44.1,179.0,0,0,0,0,0,0,-9.199999999999989,66194.1
L54673,L,27.05000000000001,38.55000000000001,90.0,1484.0,43.4,156.0,0,0,0,0,0,0,-11.5,64405.6
L56949,L,25.450000000000045,36.35000000000002,90.0,1593.0,34.6,37.0,0,0,0,0,0,0,-10.899999999999977,55117.8
L49216,L,25.850000000000023,35.75,90.0,1437.0,48.3,24.0,0,0,0,0,0,0,-9.899999999999977,69407.09999999999
H38486,H,24.25,35.650000000000034,90.0,1422.0,44.6,0.0,0,0,0,0,0,0,-11.400000000000034,63421.200000000004
L54014,L,27.75,37.85000000000002,90.0,1378.0,51.1,190.0,0,0,0,0,0,0,-10.100000000000023,70415.8
L48897,L,25.05000000000001,34.55000000000001,90.0,1369.0,54.5,82.0,0,0,0,0,0,0,-9.5,74610.5
L56436,L,25.05000000000001,35.950000000000045,90.0,1374.0,47.0,199.0,0,0,0,0,0,0,-10.900000000000034,64578.0
L55269,L,26.950000000000045,37.950000000000045,90.0,1605.0,31.7,185.0,0,0,0,0,0,0,-11.0,50878.5
L55163,L,27.850000000000023,39.150000000000034,90.0,1479.0,43.7,0.0,0,0,0,0,0,0,-11.300000000000011,64632.3
H38258,H,24.25,35.85000000000002,90.0,1645.0,31.8,196.0,0,0,0,0,0,0,-11.600000000000023,52311.0
M17806,M,27.55000000000001,36.35000000000002,90.0,1622.0,30.5,24.0,0,0,0,0,0,0,-8.800000000000011,49471.0
M22881,M,27.650000000000034,38.85000000000002,90.0,1491.0,40.9,156.0,0,0,0,0,0,0,-11.199999999999989,60981.9
M21479,M,28.55000000000001,37.450000000000045,90.0,1501.0,44.3,105.0,0,0,0,0,0,0,-8.900000000000034,66494.3
L56898,L,25.950000000000045,36.950000000000045,90.0,1392.0,44.3,176.0,0,0,0,0,0,0,-11.0,61665.6
M23722,M,24.850000000000023,36.05000000000001,90.0,1558.0,41.7,0.0,0,0,0,0,0,0,-11.199999999999989,64968.600000000006
L56939,L,25.350000000000023,36.55000000000001,90.0,1818.0,24.7,0.0,0,0,0,0,0,0,-11.199999999999989,44904.6
L55499,L,25.55000000000001,36.55000000000001,90.0,1579.0,34.6,99.0,0,0,0,0,0,0,-11.0,54633.4
L55163,L,27.850000000000023,39.150000000000034,90.0,1601.0,33.5,102.0,0,0,0,0,0,0,-11.300000000000011,53633.5
L50042,L,27.450000000000045,36.35000000000002,90.0,1486.0,23.0,242.0,0,0,0,0,0,0,-8.899999999999977,34178.0
M20391,M,29.350000000000023,38.650000000000034,90.0,1653.0,32.9,165.0,0,0,0,0,0,0,-9.300000000000011,54383.7
M20934,M,27.650000000000034,37.650000000000034,90.0,1371.0,52.6,21.0,0,0,0,0,0,0,-10.0,72114.6
L55257,L,27.25,38.650000000000034,90.0,1537.0,39.2,119.0,0,0,0,0,0,0,-11.400000000000034,60250.4
H30492,H,22.450000000000045,33.05000000000001,90.0,1484.0,40.0,72.0,0,0,0,0,0,0,-10.599999999999966,59360.0
L55603,L,25.850000000000023,37.25,90.0,1578.0,33.3,168.0,0,0,0,0,0,0,-11.399999999999977,52547.399999999994
L47721,L,24.25,36.25,90.0,1439.0,52.1,86.0,0,0,0,0,0,0,-12.0,74971.90000000001
L49051,L,25.150000000000034,34.950000000000045,90.0,1469.0,42.7,92.0,0,0,0,0,0,0,-9.800000000000011,62726.3
L56041,L,24.75,35.950000000000045,90.0,1619.0,34.7,30.0,0,0,0,0,0,0,-11.200000000000045,56179.3
M15847,M,23.150000000000034,33.950000000000045,90.0,1526.0,33.8,151.0,0,0,0,0,0,0,-10.800000000000011,51578.799999999996
L54759,L,27.25,38.150000000000034,90.0,1436.0,56.8,173.0,0,0,0,0,0,0,-10.900000000000034,81564.8
L55845,L,24.450000000000045,35.55000000000001,90.0,1638.0,35.1,100.0,0,0,0,0,0,0,-11.099999999999966,57493.8
L49996,L,27.150000000000034,36.25,90.0,1434.0,47.4,127.0,0,0,0,0,0,0,-9.099999999999966,67971.59999999999
L53169,L,27.55000000000001,37.55000000000001,90.0,1615.0,37.0,209.0,0,0,0,0,0,0,-10.0,59755.0
L54490,L,26.75,36.950000000000045,90.0,1427.0,54.8,142.0,0,0,0,0,0,0,-10.200000000000045,78199.59999999999
L53367,L,27.850000000000023,37.650000000000034,90.0,1583.0,32.0,181.0,0,0,0,0,0,0,-9.800000000000011,50656.0
L57141,L,25.05000000000001,34.75,90.0,1499.0,35.0,188.0,0,0,0,0,0,0,-9.699999999999989,52465.0
L50572,L,28.350000000000023,37.450000000000045,90.0,1378.0,54.5,85.0,0,0,0,0,0,0,-9.100000000000023,75101.0
L51760,L,29.850000000000023,38.05000000000001,90.0,1494.0,37.0,69.0,0,0,0,0,0,0,-8.199999999999989,55278.0
L57060,L,25.650000000000034,36.650000000000034,90.0,1357.0,47.7,130.0,0,0,0,0,0,0,-11.0,64728.9
M18457,M,28.55000000000001,37.35000000000002,90.0,1398.0,47.5,135.0,0,0,0,0,0,0,-8.800000000000011,66405.0
L54325,L,27.350000000000023,36.85000000000002,90.0,1413.0,45.2,168.0,0,0,0,0,0,0,-9.5,63867.600000000006
L55988,L,24.25,35.450000000000045,90.0,1536.0,48.1,74.0,0,0,0,0,0,0,-11.200000000000045,73881.6
L50393,L,27.150000000000034,36.05000000000001,90.0,1401.0,48.0,52.0,0,0,0,0,0,0,-8.899999999999977,67248.0
L55143,L,27.850000000000023,39.05000000000001,90.0,1603.0,32.9,52.0,0,0,0,0,0,0,-11.199999999999989,52738.7
M21932,M,27.55000000000001,37.450000000000045,90.0,1439.0,41.7,16.0,0,0,0,0,0,0,-9.900000000000034,60006.3
L50200,L,27.25,36.450000000000045,90.0,1543.0,35.5,209.0,0,0,0,0,0,0,-9.200000000000045,54776.5
L50678,L,28.75,37.85000000000002,90.0,1669.0,32.7,128.0,0,0,0,0,0,0,-9.100000000000023,54576.3
L51566,L,28.75,36.55000000000001,90.0,1719.0,23.5,0.0,0,0,0,0,0,0,-7.800000000000011,40396.5
L49482,L,26.25,35.450000000000045,90.0,1567.0,30.0,141.0,0,0,0,0,0,0,-9.200000000000045,47010.0
L47454,L,24.950000000000045,34.85000000000002,90.0,1490.0,34.1,63.0,0,0,0,0,0,0,-9.899999999999977,50809.0
M20958,M,27.650000000000034,37.650000000000034,90.0,1582.0,33.0,36.0,0,0,0,0,0,0,-10.0,52206.0
L47845,L,24.450000000000045,35.85000000000002,90.0,1348.0,54.6,12.0,0,0,0,0,0,0,-11.399999999999977,73600.8
L48365,L,24.150000000000034,35.25,90.0,1397.0,49.6,29.0,0,0,0,0,0,0,-11.099999999999966,69291.2
H38354,H,24.150000000000034,35.150000000000034,90.0,1442.0,47.0,24.0,0,0,0,0,0,0,-11.0,67774.0
L48345,L,23.950000000000045,34.950000000000045,90.0,1389.0,52.8,208.0,0,0,0,0,0,0,-11.0,73339.2
L48248,L,23.650000000000034,34.650000000000034,90.0,1393.0,47.7,155.0,0,0,0,0,0,0,-11.0,66446.1
L55228,L,27.55000000000001,38.650000000000034,90.0,1435.0,41.7,204.0,0,0,0,0,0,0,-11.100000000000023,59839.50000000001
M23193,M,25.650000000000034,36.55000000000001,90.0,1537.0,37.5,138.0,0,0,0,0,0,0,-10.899999999999977,57637.5
L52528,L,30.25,39.55000000000001,90.0,1378.0,45.5,104.0,0,0,0,0,0,0,-9.300000000000011,62699.0
L53375,L,27.75,37.650000000000034,90.0,1529.0,42.4,100.0,0,0,0,0,0,0,-9.900000000000034,64829.6
M18591,M,29.05000000000001,38.05000000000001,90.0,1538.0,43.0,91.0,0,0,0,0,0,0,-9.0,66134.0
L49211,L,25.650000000000034,35.35000000000002,90.0,1452.0,48.8,81.0,0,0,0,0,0,0,-9.699999999999989,70857.59999999999
L50071,L,26.950000000000045,36.450000000000045,90.0,1545.0,35.2,126.0,0,0,0,0,0,0,-9.5,54384.00000000001
L47897,L,24.25,35.85000000000002,90.0,1459.0,48.7,9.0,0,0,0,0,0,0,-11.600000000000023,71053.3
L53140,L,27.350000000000023,37.55000000000001,90.0,1339.0,52.0,121.0,0,0,0,0,0,0,-10.199999999999989,69628.0
L53413,L,28.05000000000001,37.75,90.0,1467.0,37.1,98.0,0,0,0,0,0,0,-9.699999999999989,54425.700000000004
M16557,M,24.950000000000045,34.450000000000045,90.0,1685.0,44.0,124.0,0,0,0,0,0,0,-9.5,74140.0
L53794,L,28.55000000000001,37.450000000000045,90.0,1494.0,38.2,171.0,0,0,0,0,0,0,-8.900000000000034,57070.8
L52497,L,30.450000000000045,39.75,90.0,1375.0,49.7,20.0,0,0,0,0,0,0,-9.299999999999955,68337.5
L54755,L,27.150000000000034,38.05000000000001,90.0,1351.0,49.3,164.0,0,0,0,0,0,0,-10.899999999999977,66604.3
M15088,M,25.150000000000034,35.450000000000045,90.0,1515.0,38.7,170.0,0,0,0,0,0,0,-10.300000000000011,58630.50000000001
L49505,L,26.150000000000034,35.650000000000034,90.0,1496.0,48.8,199.0,0,0,0,0,0,0,-9.5,73004.8
L54261,L,27.450000000000045,37.25,90.0,1428.0,46.8,75.0,0,0,0,0,0,0,-9.799999999999955,66830.4
L52268,L,30.950000000000045,40.05000000000001,90.0,1668.0,28.9,119.0,0,0,0,0,0,0,-9.099999999999966,48205.2
L49794,L,26.150000000000034,35.950000000000045,90.0,1680.0,30.8,119.0,0,0,0,0,0,0,-9.800000000000011,51744.0
L48632,L,25.850000000000023,37.150000000000034,90.0,1629.0,31.7,101.0,0,0,0,0,0,0,-11.300000000000011,51639.299999999996
L50117,L,27.55000000000001,36.450000000000045,90.0,1434.0,39.4,195.0,0,0,0,0,0,0,-8.900000000000034,56499.6
H33555,H,29.150000000000034,37.650000000000034,90.0,1634.0,36.1,38.0,0,0,0,0,0,0,-8.5,58987.4
H35187,H,27.75,37.650000000000034,90.0,1452.0,41.2,191.0,0,0,0,0,0,0,-9.900000000000034,59822.4
M18055,M,26.850000000000023,36.05000000000001,90.0,1549.0,32.4,4.0,0,0,0,0,0,0,-9.199999999999989,50187.6
M21226,M,27.05000000000001,36.650000000000034,90.0,1754.0,28.4,191.0,0,0,0,0,0,0,-9.600000000000023,49813.6
L51475,L,28.55000000000001,37.05000000000001,90.0,1621.0,34.2,213.0,0,0,0,0,0,0,-8.5,55438.200000000004
L54038,L,27.950000000000045,38.05000000000001,90.0,1373.0,45.4,68.0,0,0,0,0,0,0,-10.099999999999966,62334.2
L51979,L,30.350000000000023,39.35000000000002,90.0,1621.0,42.1,170.0,0,0,0,0,0,0,-9.0,68244.1
L47884,L,23.75,34.55000000000001,90.0,1405.0,49.1,92.0,0,0,0,0,0,0,-10.800000000000011,68985.5
H34252,H,29.25,38.75,90.0,1449.0,46.6,48.0,0,0,0,0,0,0,-9.5,67523.40000000001
L54121,L,27.450000000000045,38.05000000000001,90.0,1388.0,46.3,43.0,0,0,0,0,0,0,-10.599999999999966,64264.399999999994
M20227,M,29.950000000000045,39.35000000000002,90.0,1666.0,26.7,157.0,0,0,0,0,0,0,-9.399999999999977,44482.2
L50024,L,27.150000000000034,35.950000000000045,90.0,1521.0,39.2,196.0,0,0,0,0,0,0,-8.800000000000011,59623.200000000004
L55163,L,27.850000000000023,39.05000000000001,90.0,1491.0,42.0,109.0,0,0,0,0,0,0,-11.199999999999989,62622.0
L50201,L,27.350000000000023,36.35000000000002,90.0,1421.0,34.2,94.0,0,0,0,0,0,0,-9.0,48598.200000000004
M22669,M,26.850000000000023,38.25,90.0,1607.0,31.5,120.0,0,0,0,0,0,0,-11.399999999999977,50620.5
L52182,L,30.55000000000001,39.650000000000034,90.0,1627.0,38.5,40.0,0,0,0,0,0,0,-9.100000000000023,62639.5
L56906,L,25.650000000000034,36.85000000000002,90.0,1383.0,44.2,139.0,0,0,0,0,0,0,-11.199999999999989,61128.600000000006
L55040,L,27.350000000000023,38.85000000000002,90.0,1496.0,38.3,27.0,0,0,0,0,0,0,-11.5,57296.799999999996
M17275,M,25.950000000000045,35.05000000000001,90.0,1467.0,43.0,54.0,0,0,0,0,0,0,-9.099999999999966,63081.0
L47891,L,24.350000000000023,35.55000000000001,90.0,1553.0,37.0,153.0,0,0,0,0,0,0,-11.199999999999989,57461.0
M22719,M,27.350000000000023,38.75,90.0,1370.0,44.8,64.0,0,0,0,0,0,0,-11.399999999999977,61375.99999999999
L57170,L,25.650000000000034,35.35000000000002,90.0,1487.0,46.2,3.0,0,0,0,0,0,0,-9.699999999999989,68699.40000000001
L49482,L,26.05000000000001,35.35000000000002,90.0,1528.0,39.8,173.0,0,0,0,0,0,0,-9.300000000000011,60814.399999999994
L53866,L,28.55000000000001,37.85000000000002,90.0,1375.0,52.9,13.0,0,0,0,0,0,0,-9.300000000000011,72737.5
L53076,L,28.05000000000001,37.650000000000034,90.0,1484.0,44.0,169.0,0,0,0,0,0,0,-9.600000000000023,65296.0
L52190,L,30.55000000000001,39.650000000000034,90.0,1543.0,38.3,33.0,0,0,0,0,0,0,-9.100000000000023,59096.899999999994
L50483,L,28.150000000000034,37.150000000000034,90.0,1542.0,39.6,168.0,0,0,0,0,0,0,-9.0,61063.200000000004
L55061,L,27.55000000000001,39.150000000000034,90.0,1326.0,54.0,79.0,0,0,0,0,0,0,-11.600000000000023,71604.0
L55076,L,27.650000000000034,39.450000000000045,90.0,1441.0,44.2,119.0,0,0,0,0,0,0,-11.800000000000011,63692.200000000004
L50446,L,28.150000000000034,36.950000000000045,90.0,1269.0,56.8,195.0,0,0,0,0,0,0,-8.800000000000011,72079.2
H30815,H,25.75,36.950000000000045,90.0,1458.0,44.1,210.0,0,0,0,0,0,0,-11.200000000000045,64297.8
L56532,L,25.05000000000001,35.650000000000034,90.0,1530.0,37.9,35.0,0,0,0,0,0,0,-10.600000000000023,57987.0
L54955,L,27.150000000000034,38.25,90.0,1399.0,43.5,38.0,0,0,0,0,0,0,-11.099999999999966,60856.5
M19148,M,28.650000000000034,36.85000000000002,90.0,1421.0,45.9,0.0,0,0,0,0,0,0,-8.199999999999989,65223.9
L54065,L,27.55000000000001,38.05000000000001,90.0,1507.0,33.5,111.0,0,0,0,0,0,0,-10.5,50484.5
L55906,L,24.05000000000001,35.450000000000045,90.0,1513.0,41.4,84.0,0,0,0,0,0,0,-11.400000000000034,62638.2
L56546,L,24.850000000000023,35.35000000000002,90.0,1563.0,36.8,68.0,0,0,0,0,0,0,-10.5,57518.399999999994
H31603,H,26.450000000000045,36.05000000000001,90.0,1471.0,43.9,84.0,0,0,0,0,0,0,-9.599999999999966,64576.9
L50548,L,28.25,37.650000000000034,90.0,1711.0,29.9,201.0,0,0,0,0,0,0,-9.400000000000034,51158.899999999994
L53707,L,28.25,37.150000000000034,90.0,1570.0,35.0,53.0,0,0,0,0,0,0,-8.900000000000034,54950.0
L56936,L,25.350000000000023,36.35000000000002,90.0,1727.0,27.2,24.0,0,0,0,0,0,0,-11.0,46974.4
L53153,L,27.350000000000023,37.650000000000034,90.0,1354.0,51.7,7.0,0,0,0,0,0,0,-10.300000000000011,70001.8
L53469,L,27.850000000000023,37.35000000000002,90.0,1368.0,61.4,173.0,0,0,0,0,0,0,-9.5,83995.2
L50443,L,28.150000000000034,36.85000000000002,90.0,1465.0,47.2,186.0,0,0,0,0,0,0,-8.699999999999989,69148.0
L55460,L,25.650000000000034,37.450000000000045,90.0,1602.0,32.8,211.0,0,0,0,0,0,0,-11.800000000000011,52545.6
L50644,L,28.55000000000001,37.450000000000045,90.0,1654.0,29.0,7.0,0,0,0,0,0,0,-8.900000000000034,47966.0
L55237,L,27.05000000000001,38.35000000000002,90.0,1549.0,46.8,67.0,0,0,0,0,0,0,-11.300000000000011,72493.2
M20956,M,27.650000000000034,37.55000000000001,90.0,1487.0,41.7,28.0,0,0,0,0,0,0,-9.899999999999977,62007.9
L55476,L,25.75,37.150000000000034,90.0,1580.0,39.0,32.0,0,0,0,0,0,0,-11.400000000000034,61620.0
L54248,L,27.650000000000034,37.55000000000001,90.0,1461.0,42.8,0.0,0,0,0,0,0,0,-9.899999999999977,62530.799999999996
L52187,L,30.650000000000034,39.55000000000001,90.0,1527.0,40.3,137.0,0,0,0,0,0,0,-8.899999999999977,61538.1
L56636,L,25.25,35.85000000000002,90.0,1422.0,45.2,183.0,0,0,0,0,0,0,-10.600000000000023,64274.4
L49295,L,26.150000000000034,35.75,90.0,1449.0,41.4,94.0,0,0,0,0,0,0,-9.599999999999966,59988.6
L50948,L,29.05000000000001,37.950000000000045,90.0,1555.0,34.2,174.0,0,0,0,0,0,0,-8.900000000000034,53181.00000000001
L50373,L,26.850000000000023,35.950000000000045,90.0,1634.0,33.6,0.0,0,0,0,0,0,0,-9.100000000000023,54902.4
L49520,L,25.950000000000045,35.650000000000034,90.0,1365.0,54.1,12.0,0,0,0,0,0,0,-9.699999999999989,73846.5
L55982,L,24.25,35.450000000000045,90.0,1501.0,43.1,73.0,0,0,0,0,0,0,-11.200000000000045,64693.1
H35901,H,27.450000000000045,36.650000000000034,90.0,1541.0,36.2,150.0,0,0,0,0,0,0,-9.199999999999989,55784.200000000004
L48218,L,23.450000000000045,34.450000000000045,90.0,1550.0,38.3,48.0,0,0,0,0,0,0,-11.0,59364.99999999999
L48786,L,24.75,34.55000000000001,90.0,1507.0,47.3,25.0,0,0,0,0,0,0,-9.800000000000011,71281.09999999999
L55197,L,27.850000000000023,38.75,90.0,1574.0,34.7,196.0,0,0,0,0,0,0,-10.899999999999977,54617.8
L56333,L,24.350000000000023,35.450000000000045,90.0,1623.0,33.7,137.0,0,0,0,0,0,0,-11.100000000000023,54695.100000000006
M18865,M,29.150000000000034,37.950000000000045,90.0,1629.0,32.3,159.0,0,0,0,0,0,0,-8.800000000000011,52616.7
L56264,L,24.05000000000001,34.75,90.0,1426.0,44.4,172.0,0,0,0,0,0,0,-10.699999999999989,63314.4
M21659,M,27.950000000000045,37.55000000000001,90.0,1511.0,34.9,24.0,0,0,0,0,0,0,-9.599999999999966,52733.9
L47677,L,24.25,35.85000000000002,90.0,1602.0,39.2,209.0,0,0,0,0,0,0,-11.600000000000023,62798.4
L53392,L,27.650000000000034,37.450000000000045,90.0,1360.0,53.5,93.0,0,0,0,0,0,0,-9.800000000000011,72760.0
L50787,L,28.55000000000001,37.55000000000001,90.0,1631.0,32.8,139.0,0,0,0,0,0,0,-9.0,53496.799999999996
L47334,L,25.25,35.05000000000001,90.0,1528.0,43.0,16.0,0,0,0,0,0,0,-9.800000000000011,65704.0
L56695,L,25.850000000000023,36.950000000000045,90.0,1540.0,36.6,49.0,0,0,0,0,0,0,-11.100000000000023,56364.0
L49754,L,26.05000000000001,35.35000000000002,90.0,1527.0,36.0,177.0,0,0,0,0,0,0,-9.300000000000011,54972.0
H38812,H,24.950000000000045,35.75,90.0,1472.0,43.3,204.0,0,0,0,0,0,0,-10.799999999999955,63737.6
L47285,L,25.650000000000034,35.55000000000001,90.0,1607.0,33.0,17.0,0,0,0,0,0,0,-9.899999999999977,53031.0
L50748,L,28.650000000000034,37.75,90.0,1363.0,44.5,148.0,0,0,0,0,0,0,-9.099999999999966,60653.5
H37831,H,25.650000000000034,36.450000000000045,90.0,1704.0,30.7,150.0,0,0,0,0,0,0,-10.800000000000011,52312.799999999996
L53184,L,27.350000000000023,37.25,90.0,1642.0,33.2,12.0,0,0,0,0,0,0,-9.899999999999977,54514.4
L49182,L,25.25,34.950000000000045,90.0,1439.0,46.3,10.0,0,0,0,0,0,0,-9.700000000000045,66625.7
L54644,L,27.150000000000034,38.450000000000045,90.0,1535.0,45.6,92.0,0,0,0,0,0,0,-11.300000000000011,69996.0
L55605,L,26.05000000000001,37.450000000000045,90.0,1546.0,37.1,172.0,0,0,0,0,0,0,-11.400000000000034,57356.600000000006
L48143,L,22.650000000000034,33.450000000000045,90.0,1737.0,25.6,95.0,0,0,0,0,0,0,-10.800000000000011,44467.200000000004
L55232,L,27.350000000000023,38.85000000000002,90.0,1557.0,36.2,112.0,0,0,0,0,0,0,-11.5,56363.4
L49830,L,26.75,36.25,90.0,1399.0,53.6,163.0,0,0,0,0,0,0,-9.5,74986.40000000001
L48797,L,24.650000000000034,34.650000000000034,90.0,1435.0,45.5,53.0,0,0,0,0,0,0,-10.0,65292.5
L47461,L,24.850000000000023,34.950000000000045,90.0,1526.0,43.7,23.0,0,0,0,0,0,0,-10.100000000000023,66686.2
L51211,L,28.850000000000023,37.650000000000034,90.0,1464.0,35.8,218.0,0,0,0,0,0,0,-8.800000000000011,52411.2
M16264,M,25.75,36.85000000000002,90.0,1555.0,30.9,176.0,0,0,0,0,0,0,-11.100000000000023,48049.5
L54521,L,26.55000000000001,37.150000000000034,90.0,1505.0,38.5,59.0,0,0,0,0,0,0,-10.600000000000023,57942.5
M21853,M,27.55000000000001,37.950000000000045,90.0,1438.0,42.5,176.0,0,0,0,0,0,0,-10.400000000000034,61115.0
L54998,L,26.950000000000045,38.35000000000002,90.0,1465.0,47.6,20.0,0,0,0,0,0,0,-11.399999999999977,69734.0
L56264,L,24.05000000000001,34.75,90.0,1364.0,54.0,174.0,0,0,0,0,0,0,-10.699999999999989,73656.0
L54281,L,27.650000000000034,37.05000000000001,90.0,1425.0,22.8,33.0,0,0,0,0,0,0,-9.399999999999977,32490.0
L54517,L,26.75,37.35000000000002,90.0,1413.0,32.8,204.0,0,0,0,0,0,0,-10.600000000000023,46346.399999999994
L55277,L,27.05000000000001,38.55000000000001,90.0,1409.0,47.2,159.0,0,0,0,0,0,0,-11.5,66504.8
L50807,L,29.05000000000001,38.150000000000034,90.0,1588.0,37.8,39.0,0,0,0,0,0,0,-9.100000000000023,60026.399999999994
M22277,M,27.05000000000001,38.450000000000045,90.0,1657.0,34.0,162.0,0,0,0,0,0,0,-11.400000000000034,56338.0
L52751,L,29.950000000000045,39.150000000000034,90.0,1548.0,38.5,10.0,0,0,0,0,0,0,-9.199999999999989,59598.0
L53901,L,28.25,37.55000000000001,90.0,1280.0,61.0,74.0,0,0,0,0,0,0,-9.300000000000011,78080.0
L53962,L,28.150000000000034,37.650000000000034,90.0,1502.0,38.5,2.0,0,0,0,0,0,0,-9.5,57827.0
M24635,M,25.450000000000045,36.450000000000045,90.0,1444.0,44.8,44.0,0,0,0,0,0,0,-11.0,64691.2
L55882,L,23.950000000000045,35.450000000000045,90.0,1774.0,40.1,173.0,0,0,0,0,0,0,-11.5,71137.40000000001
M16379,M,24.350000000000023,35.75,90.0,1520.0,39.3,188.0,0,0,0,0,0,0,-11.399999999999977,59735.99999999999
L50022,L,27.150000000000034,36.25,90.0,1545.0,33.7,162.0,0,0,0,0,0,0,-9.099999999999966,52066.50000000001
L51464,L,28.650000000000034,36.85000000000002,90.0,1451.0,40.3,185.0,0,0,0,0,0,0,-8.199999999999989,58475.299999999996
M14930,M,25.75,35.85000000000002,90.0,1542.0,37.2,193.0,0,0,0,0,0,0,-10.100000000000023,57362.4
L51554,L,28.850000000000023,36.75,90.0,1456.0,45.3,205.0,0,0,0,0,0,0,-7.899999999999977,65956.8
L53474,L,27.850000000000023,37.35000000000002,90.0,1529.0,39.6,91.0,0,0,0,0,0,0,-9.5,60548.4
M18667,M,29.05000000000001,37.85000000000002,90.0,1547.0,34.0,39.0,0,0,0,0,0,0,-8.800000000000011,52598.0
H38587,H,24.650000000000034,35.55000000000001,90.0,1650.0,30.4,194.0,0,0,0,0,0,0,-10.899999999999977,50160.0
L55549,L,25.55000000000001,36.650000000000034,90.0,1408.0,46.2,96.0,0,0,0,0,0,0,-11.100000000000023,65049.600000000006
H34720,H,30.850000000000023,40.05000000000001,90.0,1336.0,31.7,206.0,0,0,0,0,0,0,-9.199999999999989,42351.2
M19284,M,29.450000000000045,37.25,90.0,1488.0,39.8,155.0,0,0,0,0,0,0,-7.7999999999999545,59222.399999999994
L56467,L,25.05000000000001,35.85000000000002,90.0,1462.0,50.1,61.0,0,0,0,0,0,0,-10.800000000000011,73246.2
H36351,H,27.650000000000034,37.950000000000045,90.0,1452.0,40.2,28.0,0,0,0,0,0,0,-10.300000000000011,58370.4
M17054,M,26.450000000000045,35.950000000000045,90.0,1548.0,41.3,174.0,0,0,0,0,0,0,-9.5,63932.399999999994
L50553,L,28.25,37.55000000000001,90.0,1568.0,34.5,23.0,0,0,0,0,0,0,-9.300000000000011,54096.0
L56739,L,26.350000000000023,37.950000000000045,90.0,1542.0,36.7,162.0,0,0,0,0,0,0,-11.600000000000023,56591.4
M23950,M,24.05000000000001,34.75,90.0,1541.0,29.0,188.0,0,0,0,0,0,0,-10.699999999999989,44689.0
L47502,L,24.450000000000045,35.35000000000002,90.0,1590.0,33.4,28.0,0,0,0,0,0,0,-10.899999999999977,53106.0
L47993,L,23.650000000000034,34.450000000000045,90.0,1338.0,53.0,130.0,0,0,0,0,0,0,-10.800000000000011,70914.0
L52402,L,30.75,39.950000000000045,90.0,1665.0,29.6,94.0,0,0,0,0,0,0,-9.200000000000045,49284.0
L56151,L,23.950000000000045,34.650000000000034,90.0,1399.0,49.2,100.0,0,0,0,0,0,0,-10.699999999999989,68830.8
L48797,L,24.650000000000034,34.650000000000034,90.0,1447.0,54.5,53.0,0,0,0,0,0,0,-10.0,78861.5
L54241,L,27.450000000000045,37.25,90.0,1677.0,34.3,84.0,0,0,0,0,0,0,-9.799999999999955,57521.1
M23191,M,25.650000000000034,36.55000000000001,90.0,1427.0,45.5,197.0,0,0,0,0,0,0,-10.899999999999977,64928.5
L55526,L,25.55000000000001,36.55000000000001,90.0,1601.0,35.9,176.0,0,0,0,0,0,0,-11.0,57475.899999999994
L50969,L,29.150000000000034,37.85000000000002,90.0,1460.0,38.8,202.0,0,0,0,0,0,0,-8.699999999999989,56647.99999999999
L47371,L,25.05000000000001,35.25,90.0,1666.0,34.6,15.0,0,0,0,0,0,0,-10.199999999999989,57643.600000000006
M23654,M,24.25,35.35000000000002,90.0,1697.0,26.5,54.0,0,0,0,0,0,0,-11.100000000000023,44970.5
L50265,L,26.850000000000023,36.05000000000001,90.0,1363.0,55.3,24.0,0,0,0,0,0,0,-9.199999999999989,75373.9
L54716,L,26.850000000000023,38.05000000000001,90.0,1372.0,51.6,119.0,0,0,0,0,0,0,-11.199999999999989,70795.2
L54959,L,27.150000000000034,38.35000000000002,90.0,1482.0,38.6,62.0,0,0,0,0,0,0,-11.199999999999989,57205.200000000004
L55040,L,27.350000000000023,38.85000000000002,90.0,1383.0,50.6,23.0,0,0,0,0,0,0,-11.5,69979.8
L53565,L,26.950000000000045,36.55000000000001,90.0,1433.0,48.1,85.0,0,0,0,0,0,0,-9.599999999999966,68927.3
M21626,M,28.25,37.950000000000045,90.0,1692.0,29.0,166.0,0,0,0,0,0,0,-9.700000000000045,49068.0
L50363,L,26.950000000000045,36.150000000000034,90.0,1495.0,35.3,199.0,0,0,0,0,0,0,-9.199999999999989,52773.49999999999
L53558,L,26.950000000000045,36.55000000000001,90.0,1479.0,34.6,85.0,0,0,0,0,0,0,-9.599999999999966,51173.4
M18457,M,28.55000000000001,37.55000000000001,90.0,1635.0,33.1,171.0,0,0,0,0,0,0,-9.0,54118.5
L48218,L,23.450000000000045,34.450000000000045,90.0,1435.0,47.2,80.0,0,0,0,0,0,0,-11.0,67732.0
M16124,M,24.850000000000023,36.25,90.0,1506.0,41.1,41.0,0,0,0,0,0,0,-11.399999999999977,61896.6
L54014,L,27.950000000000045,37.85000000000002,90.0,1709.0,51.1,190.0,0,0,0,0,0,0,-9.899999999999977,87329.90000000001
L49858,L,26.650000000000034,36.35000000000002,90.0,1374.0,52.1,0.0,1,0,0,0,1,0,-9.699999999999989,71585.40000000001
L52106,L,30.25,39.150000000000034,90.0,1363.0,54.1,181.0,0,0,0,0,0,0,-8.900000000000034,73738.3
L49052,L,25.150000000000034,34.950000000000045,90.0,1326.0,54.8,90.0,0,0,0,0,0,0,-9.800000000000011,72664.8
M21677,M,27.850000000000023,37.450000000000045,90.0,1481.0,42.9,166.0,0,0,0,0,0,0,-9.600000000000023,63534.9
L56514,L,25.25,35.75,90.0,1491.0,38.3,201.0,0,0,0,0,0,0,-10.5,57105.299999999996
L48381,L,23.850000000000023,34.950000000000045,90.0,1399.0,41.0,190.0,0,0,0,0,0,0,-11.100000000000023,57359.0
L49342,L,26.350000000000023,36.150000000000034,90.0,1517.0,38.8,0.0,0,0,0,0,0,0,-9.800000000000011,58859.6
L49455,L,26.150000000000034,35.55000000000001,90.0,1605.0,31.7,78.0,0,0,0,0,0,0,-9.399999999999977,50878.5
M18655,M,29.05000000000001,37.950000000000045,90.0,1556.0,39.4,76.0,0,0,0,0,0,0,-8.900000000000034,61306.399999999994
H38938,H,25.950000000000045,37.25,90.0,1477.0,44.0,171.0,0,0,0,0,0,0,-11.299999999999955,64988.0
L50331,L,27.25,36.450000000000045,90.0,1517.0,39.9,124.0,0,0,0,0,0,0,-9.200000000000045,60528.299999999996
L53232,L,27.75,37.75,90.0,1764.0,26.7,138.0,0,0,0,0,0,0,-10.0,47098.799999999996
L47381,L,25.150000000000034,35.35000000000002,90.0,1547.0,41.2,105.0,0,0,0,0,0,0,-10.199999999999989,63736.4
L48366,L,24.150000000000034,35.25,90.0,1633.0,30.6,29.0,0,0,0,0,0,0,-11.099999999999966,49969.8
L49794,L,26.150000000000034,35.950000000000045,90.0,1634.0,31.3,49.0,0,0,0,0,0,0,-9.800000000000011,51144.200000000004
L52977,L,28.450000000000045,37.85000000000002,90.0,1431.0,43.6,158.0,0,0,0,0,0,0,-9.399999999999977,62391.6
L55253,L,27.350000000000023,38.85000000000002,90.0,1525.0,39.7,113.0,0,0,0,0,0,0,-11.5,60542.50000000001
L47758,L,24.650000000000034,36.650000000000034,90.0,1483.0,36.8,198.0,0,0,0,0,0,0,-12.0,54574.399999999994
L55237,L,27.05000000000001,38.35000000000002,90.0,1549.0,35.9,67.0,0,0,0,0,0,0,-11.300000000000011,55609.1
L54807,L,27.350000000000023,38.450000000000045,90.0,1415.0,52.2,78.0,0,0,0,0,0,0,-11.100000000000023,73863.0
M24644,M,25.55000000000001,36.650000000000034,90.0,1635.0,29.6,71.0,0,0,0,0,0,0,-11.100000000000023,48396.0
L56337,L,24.350000000000023,35.35000000000002,90.0,1462.0,49.3,148.0,0,0,0,0,0,0,-11.0,72076.59999999999
L53132,L,27.55000000000001,37.450000000000045,90.0,1563.0,33.8,114.0,0,0,0,0,0,0,-9.900000000000034,52829.399999999994
M22418,M,27.150000000000034,38.25,90.0,1551.0,48.1,119.0,0,0,0,0,0,0,-11.099999999999966,74603.1
M16931,M,26.25,35.950000000000045,90.0,1440.0,41.1,176.0,0,0,0,0,0,0,-9.700000000000045,59184.0
L49607,L,25.75,35.35000000000002,90.0,1423.0,38.8,33.0,0,0,0,0,0,0,-9.600000000000023,55212.399999999994
M22573,M,27.350000000000023,38.25,90.0,1444.0,49.0,84.0,0,0,0,0,0,0,-10.899999999999977,70756.0
M24166,M,25.150000000000034,35.950000000000045,90.0,1533.0,35.8,139.0,0,0,0,0,0,0,-10.800000000000011,54881.399999999994
L48172,L,23.05000000000001,33.950000000000045,90.0,1651.0,35.7,167.0,0,0,0,0,0,0,-10.900000000000034,58940.700000000004
L48633,L,25.850000000000023,37.150000000000034,90.0,1459.0,40.9,76.0,0,0,0,0,0,0,-11.300000000000011,59673.1
L48557,L,25.650000000000034,37.05000000000001,90.0,1452.0,46.7,49.0,0,0,0,0,0,0,-11.399999999999977,67808.40000000001
L50755,L,28.650000000000034,37.35000000000002,90.0,1567.0,44.4,119.0,0,0,0,0,0,0,-8.699999999999989,69574.8
M23899,M,24.150000000000034,35.150000000000034,90.0,1341.0,42.1,190.0,0,0,0,0,0,0,-11.0,56456.1
H35580,H,27.75,37.85000000000002,90.0,1540.0,37.7,9.0,0,0,0,0,0,0,-10.100000000000023,58058.00000000001
L53690,L,27.950000000000045,36.950000000000045,90.0,1455.0,55.3,9.0,0,0,0,0,0,0,-9.0,80461.5
L52044,L,30.450000000000045,39.150000000000034,90.0,1630.0,33.3,115.0,0,0,0,0,0,0,-8.699999999999989,54278.99999999999
M17179,M,26.05000000000001,35.650000000000034,90.0,1700.0,37.5,59.0,0,0,0,0,0,0,-9.600000000000023,63750.0
L56778,L,25.850000000000023,36.950000000000045,90.0,1470.0,42.1,0.0,0,0,0,0,0,0,-11.100000000000023,61887.0
L53258,L,27.75,37.55000000000001,90.0,1401.0,43.5,221.0,0,0,0,0,0,0,-9.800000000000011,60943.5
L54924,L,27.25,38.650000000000034,90.0,1523.0,39.0,160.0,0,0,0,0,0,0,-11.400000000000034,59397.0
L49594,L,25.950000000000045,35.35000000000002,90.0,1501.0,40.2,0.0,0,0,0,0,0,0,-9.399999999999977,60340.200000000004
L51448,L,29.55000000000001,37.85000000000002,90.0,1692.0,27.7,98.0,0,0,0,0,0,0,-8.300000000000011,46868.4
L53940,L,28.350000000000023,37.75,90.0,1563.0,35.6,152.0,0,0,0,0,0,0,-9.399999999999977,55642.8
L51634,L,29.25,36.950000000000045,90.0,1470.0,40.2,179.0,0,0,0,0,0,0,-7.7000000000000455,59094.00000000001
L47847,L,24.350000000000023,35.75,90.0,1619.0,32.8,191.0,0,0,0,0,0,0,-11.399999999999977,53103.2
L56719,L,26.150000000000034,37.650000000000034,90.0,1439.0,40.3,96.0,0,0,0,0,0,0,-11.5,57991.7
L49948,L,26.850000000000023,36.35000000000002,90.0,1630.0,31.2,11.0,0,0,0,0,0,0,-9.5,50856.0
M23208,M,25.55000000000001,36.450000000000045,90.0,1452.0,42.7,5.0,0,0,0,0,0,0,-10.900000000000034,62000.4
L49380,L,26.650000000000034,35.950000000000045,90.0,1546.0,44.4,111.0,0,0,0,0,0,0,-9.300000000000011,68642.4
M17862,M,27.450000000000045,36.55000000000001,90.0,1555.0,38.9,7.0,0,0,0,0,0,0,-9.099999999999966,60489.5
L47359,L,25.350000000000023,35.25,90.0,1383.0,47.0,45.0,0,0,0,0,0,0,-9.899999999999977,65001.0
L50120,L,27.650000000000034,36.55000000000001,90.0,1448.0,43.5,201.0,0,0,0,0,0,0,-8.899999999999977,62988.0
M24683,M,25.75,36.150000000000034,90.0,1488.0,47.9,179.0,0,0,0,0,0,0,-10.400000000000034,71275.2
L54903,L,27.450000000000045,38.55000000000001,90.0,1453.0,51.8,10.0,0,0,0,0,0,0,-11.099999999999966,75265.4
L51708,L,28.55000000000001,37.150000000000034,90.0,1553.0,39.8,0.0,0,0,0,0,0,0,-8.600000000000023,61809.399999999994
L50697,L,28.850000000000023,37.85000000000002,90.0,1412.0,53.1,207.0,1,0,0,0,1,0,-9.0,74977.2
L47507,L,24.55000000000001,35.35000000000002,90.0,1418.0,46.7,203.0,0,0,0,0,0,0,-10.800000000000011,66220.6
L53022,L,28.25,38.05000000000001,90.0,1341.0,50.6,37.0,0,0,0,0,0,0,-9.800000000000011,67854.6
L50793,L,28.55000000000001,37.75,90.0,1557.0,43.7,2.0,0,0,0,0,0,0,-9.199999999999989,68040.90000000001
M19146,M,28.55000000000001,36.75,90.0,1346.0,47.9,189.0,0,0,0,0,0,0,-8.199999999999989,64473.4
L56546,L,24.850000000000023,35.35000000000002,90.0,1501.0,48.0,176.0,0,0,0,0,0,0,-10.5,72048.0
H37328,H,26.950000000000045,38.25,90.0,1480.0,43.9,71.0,0,0,0,0,0,0,-11.299999999999955,64972.0
M17247,M,26.05000000000001,35.35000000000002,90.0,1767.0,28.4,196.0,0,0,0,0,0,0,-9.300000000000011,50182.799999999996
L53328,L,27.950000000000045,38.05000000000001,90.0,1592.0,34.3,171.0,0,0,0,0,0,0,-10.099999999999966,54605.6
L54959,L,27.350000000000023,38.650000000000034,90.0,1449.0,42.7,45.0,0,0,0,0,0,0,-11.300000000000011,61872.3
L50443,L,28.150000000000034,36.85000000000002,90.0,1558.0,36.9,186.0,0,0,0,0,0,0,-8.699999999999989,57490.2
M15281,M,24.350000000000023,35.150000000000034,90.0,1531.0,40.9,12.0,0,0,0,0,0,0,-10.800000000000011,62617.9
L52041,L,30.350000000000023,39.150000000000034,90.0,1686.0,34.5,112.0,0,0,0,0,0,0,-8.800000000000011,58167.0
L53343,L,27.75,37.55000000000001,90.0,1486.0,46.1,198.0,0,0,0,0,0,0,-9.800000000000011,68504.6
L51651,L,29.450000000000045,37.150000000000034,90.0,1614.0,32.3,2.0,0,0,0,0,0,0,-7.699999999999989,52132.2
L49305,L,26.150000000000034,35.75,90.0,1379.0,52.4,5.0,0,0,0,0,0,0,-9.599999999999966,72259.59999999999
L47806,L,25.150000000000034,36.950000000000045,90.0,1362.0,55.3,92.0,0,0,0,0,0,0,-11.800000000000011,75318.59999999999
L47863,L,24.75,35.85000000000002,90.0,1556.0,37.6,20.0,0,0,0,0,0,0,-11.100000000000023,58505.600000000006
L52790,L,29.950000000000045,39.25,90.0,1405.0,47.4,107.0,0,0,0,0,0,0,-9.299999999999955,66597.0
M22520,M,27.25,38.450000000000045,90.0,1450.0,52.9,165.0,0,0,0,0,0,0,-11.200000000000045,76705.0
L55088,L,27.55000000000001,39.150000000000034,90.0,1374.0,51.2,155.0,0,0,0,0,0,0,-11.600000000000023,70348.8
M19624,M,30.55000000000001,38.950000000000045,90.0,1367.0,47.3,184.0,0,0,0,0,0,0,-8.400000000000034,64659.1
L54363,L,27.05000000000001,37.150000000000034,90.0,1434.0,50.7,33.0,0,0,0,0,0,0,-10.100000000000023,72703.8
M23757,M,24.150000000000034,35.450000000000045,90.0,1577.0,38.1,121.0,0,0,0,0,0,0,-11.300000000000011,60083.700000000004
L53456,L,28.05000000000001,37.650000000000034,90.0,1538.0,38.7,45.0,0,0,0,0,0,0,-9.600000000000023,59520.600000000006
L57163,L,25.350000000000023,35.25,90.0,1482.0,43.6,195.0,0,0,0,0,0,0,-9.899999999999977,64615.200000000004
L50302,L,26.850000000000023,36.150000000000034,90.0,1396.0,49.7,35.0,0,0,0,0,0,0,-9.300000000000011,69381.2
H33112,H,28.950000000000045,38.05000000000001,90.0,1622.0,35.6,77.0,0,0,0,0,0,0,-9.099999999999966,57743.200000000004
L56008,L,24.150000000000034,35.75,90.0,1555.0,34.7,164.0,0,0,0,0,0,0,-11.599999999999966,53958.50000000001
L53936,L,28.650000000000034,38.05000000000001,90.0,1597.0,33.2,202.0,0,0,0,0,0,0,-9.399999999999977,53020.4
L48916,L,25.25,34.85000000000002,90.0,1738.0,27.3,7.0,0,0,0,0,0,0,-9.600000000000023,47447.4
L47927,L,23.650000000000034,34.950000000000045,90.0,1356.0,52.3,23.0,0,0,0,0,0,0,-11.300000000000011,70918.8
L48951,L,25.25,34.75,90.0,1470.0,45.3,23.0,0,0,0,0,0,0,-9.5,66591.0
M23593,M,24.05000000000001,35.35000000000002,90.0,1374.0,48.6,144.0,0,0,0,0,0,0,-11.300000000000011,66776.40000000001
L50840,L,29.05000000000001,38.450000000000045,90.0,1692.0,32.1,85.0,0,0,0,0,0,0,-9.400000000000034,54313.200000000004
L56407,L,24.950000000000045,35.450000000000045,90.0,1372.0,44.3,0.0,0,0,0,0,0,0,-10.5,60779.6
H38229,H,24.150000000000034,35.55000000000001,90.0,1417.0,55.9,7.0,0,0,0,0,0,0,-11.399999999999977,79210.3
L56448,L,25.05000000000001,35.650000000000034,90.0,1540.0,36.0,30.0,0,0,0,0,0,0,-10.600000000000023,55440.0
H39334,H,25.450000000000045,36.450000000000045,90.0,1555.0,41.0,114.0,0,0,0,0,0,0,-11.0,63755.0
L53887,L,28.150000000000034,37.450000000000045,90.0,1556.0,39.0,15.0,0,0,0,0,0,0,-9.300000000000011,60684.0
L49285,L,26.25,36.05000000000001,90.0,1515.0,35.5,55.0,0,0,0,0,0,0,-9.800000000000011,53782.5
L55081,L,27.650000000000034,39.25,90.0,1459.0,44.5,129.0,0,0,0,0,0,0,-11.599999999999966,64925.5
L47742,L,24.350000000000023,36.35000000000002,90.0,1377.0,30.9,151.0,0,0,0,0,0,0,-12.0,42549.299999999996
L53374,L,27.75,37.75,90.0,1571.0,39.9,5.0,0,0,0,0,0,0,-10.0,62682.899999999994
L52284,L,31.05000000000001,40.35000000000002,90.0,1469.0,44.6,51.0,0,0,0,0,0,0,-9.300000000000011,65517.4
L51123,L,29.150000000000034,38.25,90.0,1578.0,37.2,205.0,0,0,0,0,0,0,-9.099999999999966,58701.600000000006
M17018,M,26.350000000000023,35.85000000000002,90.0,1441.0,49.7,49.0,0,0,0,0,0,0,-9.5,71617.7
L48138,L,22.650000000000034,33.05000000000001,90.0,1486.0,47.6,74.0,0,0,0,0,0,0,-10.399999999999977,70733.6
L53003,L,28.05000000000001,37.55000000000001,90.0,1763.0,25.0,125.0,0,0,0,0,0,0,-9.5,44075.0
M21485,M,28.450000000000045,37.55000000000001,90.0,1421.0,45.3,94.0,0,0,0,0,0,0,-9.099999999999966,64371.299999999996
L55900,L,24.150000000000034,35.450000000000045,90.0,1554.0,36.1,17.0,0,0,0,0,0,0,-11.300000000000011,56099.4
L50252,L,26.950000000000045,35.85000000000002,90.0,1570.0,35.8,114.0,0,0,0,0,0,0,-8.899999999999977,56205.99999999999
L49354,L,26.55000000000001,36.05000000000001,90.0,1611.0,33.4,20.0,0,0,0,0,0,0,-9.5,53807.399999999994
L48908,L,25.05000000000001,34.55000000000001,90.0,1447.0,49.4,109.0,0,0,0,0,0,0,-9.5,71481.8
L54519,L,26.650000000000034,37.150000000000034,90.0,1579.0,36.4,0.0,0,0,0,0,0,0,-10.5,57475.6
L50101,L,27.650000000000034,36.35000000000002,90.0,1657.0,31.1,151.0,0,0,0,0,0,0,-8.699999999999989,51532.700000000004
L49085,L,24.75,34.450000000000045,90.0,1425.0,49.2,178.0,0,0,0,0,0,0,-9.700000000000045,70110.0
H35475,H,27.55000000000001,37.85000000000002,90.0,1309.0,61.0,106.0,0,0,0,0,0,0,-10.300000000000011,79849.0
L50781,L,28.55000000000001,37.55000000000001,90.0,1391.0,47.6,183.0,0,0,0,0,0,0,-9.0,66211.6
L51286,L,28.75,37.25,90.0,1425.0,46.3,173.0,0,0,0,0,0,0,-8.5,65977.5
M20095,M,30.55000000000001,39.75,90.0,1641.0,31.9,33.0,0,0,0,0,0,0,-9.199999999999989,52347.899999999994
L53908,L,28.350000000000023,37.75,90.0,1478.0,39.0,122.0,0,0,0,0,0,0,-9.399999999999977,57642.0
L55674,L,25.150000000000034,36.35000000000002,90.0,1542.0,40.2,139.0,0,0,0,0,0,0,-11.199999999999989,61988.4
L55961,L,24.350000000000023,35.55000000000001,90.0,1556.0,44.7,27.0,0,0,0,0,0,0,-11.199999999999989,69553.20000000001
H35754,H,27.350000000000023,36.75,90.0,1708.0,29.9,119.0,0,0,0,0,0,0,-9.399999999999977,51069.2
M21559,M,28.55000000000001,37.55000000000001,90.0,1456.0,44.3,48.0,0,0,0,0,0,0,-9.0,64500.799999999996
M21465,M,28.450000000000045,37.450000000000045,90.0,1553.0,36.8,33.0,0,0,0,0,0,0,-9.0,57150.399999999994
L56667,L,25.75,36.450000000000045,90.0,1470.0,41.5,189.0,0,0,0,0,0,0,-10.700000000000045,61005.0
L53271,L,27.75,37.55000000000001,90.0,1412.0,57.5,16.0,0,0,0,0,0,0,-9.800000000000011,81190.0
L50560,L,28.25,37.55000000000001,90.0,1454.0,52.4,40.0,0,0,0,0,0,0,-9.300000000000011,76189.59999999999
L49991,L,26.850000000000023,36.25,90.0,1413.0,44.6,115.0,0,0,0,0,0,0,-9.399999999999977,63019.8
L55696,L,25.150000000000034,36.450000000000045,90.0,1527.0,36.7,134.0,0,0,0,0,0,0,-11.300000000000011,56040.9
L55073,L,27.75,39.55000000000001,90.0,1532.0,39.9,107.0,0,0,0,0,0,0,-11.800000000000011,61126.799999999996
L48574,L,25.650000000000034,37.25,90.0,1456.0,40.4,124.0,0,0,0,0,0,0,-11.599999999999966,58822.4
L56507,L,25.55000000000001,36.05000000000001,90.0,1504.0,33.7,108.0,0,0,0,0,0,0,-10.5,50684.8
H34827,H,29.55000000000001,39.450000000000045,90.0,1639.0,36.4,112.0,0,0,0,0,0,0,-9.900000000000034,59659.6
M15838,M,23.05000000000001,33.650000000000034,90.0,1526.0,35.9,129.0,0,0,0,0,0,0,-10.600000000000023,54783.4
L56209,L,24.25,35.150000000000034,90.0,1512.0,38.0,23.0,0,0,0,0,0,0,-10.900000000000034,57456.0
L55934,L,24.25,35.450000000000045,90.0,1484.0,38.5,159.0,0,0,0,0,0,0,-11.200000000000045,57134.0
L50391,L,27.150000000000034,36.05000000000001,90.0,1425.0,49.3,48.0,0,0,0,0,0,0,-8.899999999999977,70252.5
H37537,H,26.950000000000045,38.35000000000002,90.0,1626.0,36.7,27.0,0,0,0,0,0,0,-11.399999999999977,59674.200000000004
L50539,L,28.450000000000045,37.650000000000034,90.0,1377.0,57.5,204.0,0,0,0,0,0,0,-9.199999999999989,79177.5
L53974,L,28.150000000000034,37.55000000000001,90.0,1428.0,55.2,0.0,0,0,0,0,0,0,-9.399999999999977,78825.6
L53146,L,27.25,37.650000000000034,90.0,1603.0,37.2,151.0,0,0,0,0,0,0,-10.400000000000034,59631.600000000006
L55255,L,27.350000000000023,38.85000000000002,90.0,1491.0,41.2,124.0,0,0,0,0,0,0,-11.5,61429.200000000004
L55816,L,24.350000000000023,35.25,90.0,1651.0,29.6,67.0,0,0,0,0,0,0,-10.899999999999977,48869.600000000006
L48437,L,24.350000000000023,35.75,90.0,1386.0,48.5,192.0,0,0,0,0,0,0,-11.399999999999977,67221.0
L54680,L,27.150000000000034,38.450000000000045,90.0,1373.0,51.0,26.0,0,0,0,0,0,0,-11.300000000000011,70023.0
L54159,L,27.450000000000045,37.85000000000002,90.0,1564.0,36.7,139.0,0,0,0,0,0,0,-10.399999999999977,57398.8
M16375,M,25.05000000000001,35.450000000000045,90.0,1614.0,35.5,15.0,0,0,0,0,0,0,-10.400000000000034,57297.0
M24082,M,24.75,35.85000000000002,90.0,1525.0,38.5,28.0,0,0,0,0,0,0,-11.100000000000023,58712.5
H36507,H,27.450000000000045,37.150000000000034,90.0,1392.0,52.3,12.0,0,0,0,0,0,0,-9.699999999999989,72801.59999999999
L56948,L,25.650000000000034,36.85000000000002,90.0,1540.0,36.6,23.0,0,0,0,0,0,0,-11.199999999999989,56364.0
L56344,L,24.450000000000045,35.85000000000002,90.0,1446.0,49.0,116.0,0,0,0,0,0,0,-11.399999999999977,70854.0
L52751,L,29.25,38.85000000000002,90.0,1562.0,40.5,10.0,0,0,0,0,0,0,-9.600000000000023,63261.0
L53476,L,27.950000000000045,37.35000000000002,90.0,1383.0,53.6,2.0,0,0,0,0,0,0,-9.399999999999977,74128.8
L50229,L,27.05000000000001,36.25,90.0,1564.0,34.5,53.0,0,0,0,0,0,0,-9.199999999999989,53958.0
L50099,L,27.450000000000045,36.150000000000034,90.0,1490.0,39.0,147.0,0,0,0,0,0,0,-8.699999999999989,58110.0
L49476,L,26.05000000000001,35.150000000000034,90.0,1532.0,38.0,0.0,0,0,0,0,0,0,-9.100000000000023,58216.0
M23305,M,25.650000000000034,36.85000000000002,90.0,1487.0,46.6,6.0,0,0,0,0,0,0,-11.199999999999989,69294.2
H38406,H,24.25,35.05000000000001,90.0,1580.0,35.9,163.0,0,0,0,0,0,0,-10.800000000000011,56722.0
L49482,L,26.05000000000001,35.35000000000002,90.0,1642.0,31.1,141.0,0,0,0,0,0,0,-9.300000000000011,51066.200000000004
M16252,M,25.850000000000023,37.150000000000034,90.0,1508.0,40.7,144.0,0,0,0,0,0,0,-11.300000000000011,61375.600000000006
H29581,H,25.650000000000034,35.25,90.0,1604.0,31.8,184.0,0,0,0,0,0,0,-9.599999999999966,51007.200000000004
M22026,M,27.150000000000034,37.05000000000001,90.0,1678.0,34.7,203.0,0,0,0,0,0,0,-9.899999999999977,58226.600000000006
L56697,L,25.75,36.950000000000045,90.0,1362.0,39.1,53.0,0,0,0,0,0,0,-11.200000000000045,53254.200000000004
L54220,L,27.55000000000001,37.450000000000045,90.0,1697.0,27.9,100.0,0,0,0,0,0,0,-9.900000000000034,47346.299999999996
L56256,L,24.150000000000034,34.950000000000045,90.0,1462.0,43.2,150.0,0,0,0,0,0,0,-10.800000000000011,63158.4
L48824,L,24.850000000000023,34.650000000000034,90.0,1391.0,52.8,122.0,0,0,0,0,0,0,-9.800000000000011,73444.8
L55410,L,25.850000000000023,37.35000000000002,90.0,1435.0,43.5,98.0,0,0,0,0,0,0,-11.5,62422.5
L53146,L,27.25,37.650000000000034,90.0,1396.0,43.4,5.0,0,0,0,0,0,0,-10.400000000000034,60586.4
L50370,L,26.950000000000045,35.950000000000045,90.0,1622.0,30.3,216.0,0,0,0,0,0,0,-9.0,49146.6
L51243,L,28.55000000000001,37.650000000000034,90.0,1318.0,51.2,66.0,0,0,0,0,0,0,-9.100000000000023,67481.6
M23708,M,24.350000000000023,35.75,90.0,1492.0,35.0,2.0,0,0,0,0,0,0,-11.399999999999977,52220.0
L54253,L,27.55000000000001,37.35000000000002,90.0,1429.0,51.0,187.0,0,0,0,0,0,0,-9.800000000000011,72879.0
L56412,L,25.05000000000001,35.85000000000002,90.0,1506.0,36.0,119.0,0,0,0,0,0,0,-10.800000000000011,54216.0
L52597,L,29.450000000000045,39.25,90.0,1542.0,45.8,38.0,0,0,0,0,0,0,-9.799999999999955,70623.59999999999
M21678,M,27.850000000000023,37.55000000000001,90.0,1757.0,29.9,148.0,0,0,0,0,0,0,-9.699999999999989,52534.299999999996
L52370,L,30.950000000000045,40.05000000000001,90.0,1616.0,31.8,128.0,0,0,0,0,0,0,-9.099999999999966,51388.8
L49477,L,26.05000000000001,35.35000000000002,90.0,1432.0,42.8,14.0,0,0,0,0,0,0,-9.300000000000011,61289.6
L51978,L,30.350000000000023,39.35000000000002,90.0,1557.0,35.6,168.0,0,0,0,0,0,0,-9.0,55429.200000000004
L49073,L,24.650000000000034,34.35000000000002,90.0,1706.0,29.9,144.0,0,0,0,0,0,0,-9.699999999999989,51009.399999999994
L55784,L,24.25,35.05000000000001,90.0,1436.0,43.2,156.0,0,0,0,0,0,0,-10.800000000000011,62035.200000000004
M19678,M,30.450000000000045,38.950000000000045,90.0,1739.0,25.5,85.0,0,0,0,0,0,0,-8.5,44344.5
M17294,M,25.950000000000045,35.05000000000001,90.0,1358.0,42.7,50.0,0,0,0,0,0,0,-9.099999999999966,57986.600000000006
L47992,L,23.75,34.35000000000002,90.0,1544.0,37.6,128.0,0,0,0,0,0,0,-10.600000000000023,58054.4
M16232,M,25.650000000000034,37.150000000000034,90.0,1573.0,47.5,91.0,0,0,0,0,0,0,-11.5,74717.5
L51129,L,29.25,38.25,90.0,1573.0,36.9,13.0,0,0,0,0,0,0,-9.0,58043.7
M21959,M,27.650000000000034,37.05000000000001,90.0,1425.0,50.2,28.0,0,0,0,0,0,0,-9.399999999999977,71535.0
M22411,M,27.25,38.150000000000034,90.0,1622.0,35.4,112.0,0,0,0,0,0,0,-10.900000000000034,57418.799999999996
M17967,M,26.650000000000034,35.950000000000045,90.0,1812.0,24.3,16.0,0,0,0,0,0,0,-9.300000000000011,44031.6
L51096,L,29.450000000000045,38.450000000000045,90.0,1453.0,37.0,35.0,0,0,0,0,0,0,-9.0,53761.0
L51421,L,28.650000000000034,37.150000000000034,90.0,1525.0,35.3,75.0,0,0,0,0,0,0,-8.5,53832.49999999999
M20589,M,29.25,38.650000000000034,90.0,1459.0,47.9,193.0,0,0,0,0,0,0,-9.400000000000034,69886.09999999999
L51421,L,29.25,37.950000000000045,90.0,1469.0,46.0,83.0,0,0,0,0,0,0,-8.700000000000045,67574.0
L49794,L,26.25,35.950000000000045,90.0,1434.0,48.8,62.0,0,0,0,0,0,0,-9.700000000000045,69979.2
M16137,M,24.350000000000023,35.75,90.0,1466.0,46.5,36.0,0,0,0,0,0,0,-11.399999999999977,68169.0
L50411,L,27.55000000000001,36.150000000000034,90.0,1479.0,45.3,100.0,0,0,0,0,0,0,-8.600000000000023,66998.7
L50015,L,27.150000000000034,36.150000000000034,90.0,1411.0,44.5,173.0,0,0,0,0,0,0,-9.0,62789.5
M21006,M,27.950000000000045,37.950000000000045,90.0,1375.0,40.6,159.0,0,0,0,0,0,0,-10.0,55825.0
L50978,L,29.05000000000001,37.75,90.0,1588.0,36.5,45.0,0,0,0,0,0,0,-8.699999999999989,57962.0
L53368,L,27.850000000000023,37.75,90.0,1517.0,39.2,147.0,0,0,0,0,0,0,-9.899999999999977,59466.4
L55354,L,26.450000000000045,37.950000000000045,90.0,1640.0,30.7,126.0,0,0,0,0,0,0,-11.5,50348.0
M16079,M,23.850000000000023,34.950000000000045,90.0,1457.0,47.0,98.0,0,0,0,0,0,0,-11.100000000000023,68479.0
L49044,L,24.650000000000034,34.55000000000001,90.0,1405.0,47.7,14.0,0,0,0,0,0,0,-9.899999999999977,67018.5
L55816,L,24.25,35.55000000000001,90.0,1398.0,53.6,138.0,0,0,0,0,0,0,-11.300000000000011,74932.8
L56552,L,24.55000000000001,35.25,90.0,1487.0,39.4,86.0,0,0,0,0,0,0,-10.699999999999989,58587.799999999996
L55168,L,27.950000000000045,39.150000000000034,90.0,1488.0,45.6,122.0,0,0,0,0,0,0,-11.199999999999989,67852.8
L55331,L,26.75,38.05000000000001,90.0,1523.0,43.7,155.0,0,0,0,0,0,0,-11.300000000000011,66555.1
L50708,L,28.850000000000023,37.75,90.0,1551.0,38.6,2.0,0,0,0,0,0,0,-8.899999999999977,59868.600000000006
H36416,H,27.350000000000023,37.35000000000002,90.0,1411.0,47.2,201.0,0,0,0,0,0,0,-10.0,66599.2
L54803,L,27.25,38.55000000000001,90.0,1530.0,32.3,146.0,0,0,0,0,0,0,-11.300000000000011,49418.99999999999
L53944,L,28.25,37.75,90.0,1555.0,38.5,9.0,0,0,0,0,0,0,-9.5,59867.5
M22358,M,27.05000000000001,38.650000000000034,90.0,1748.0,31.9,184.0,0,0,0,0,0,0,-11.600000000000023,55761.2
L48678,L,24.850000000000023,35.650000000000034,90.0,1448.0,46.3,173.0,0,0,0,0,0,0,-10.800000000000011,67042.4
L48497,L,25.75,37.05000000000001,90.0,1445.0,42.9,17.0,0,0,0,0,0,0,-11.300000000000011,61990.5
L56319,L,24.350000000000023,35.35000000000002,90.0,1336.0,55.1,108.0,0,0,0,0,0,0,-11.0,73613.6
M23210,M,25.55000000000001,36.75,90.0,1685.0,40.1,59.0,0,0,0,0,0,0,-11.199999999999989,67568.5
L54810,L,27.25,38.35000000000002,90.0,1435.0,39.7,90.0,0,0,0,0,0,0,-11.100000000000023,56969.50000000001
L53527,L,27.05000000000001,36.55000000000001,90.0,1421.0,44.7,17.0,0,0,0,0,0,0,-9.5,63518.700000000004
L54634,L,27.05000000000001,38.450000000000045,90.0,1585.0,31.9,79.0,0,0,0,0,0,0,-11.400000000000034,50561.5
M20090,M,30.650000000000034,39.950000000000045,90.0,1491.0,22.6,22.0,0,0,0,0,0,0,-9.300000000000011,33696.6
H38789,H,24.55000000000001,35.75,90.0,1387.0,50.4,110.0,0,0,0,0,0,0,-11.199999999999989,69904.8
L49124,L,24.950000000000045,34.950000000000045,90.0,1488.0,42.9,63.0,0,0,0,0,0,0,-10.0,63835.2
H30011,H,24.450000000000045,36.450000000000045,90.0,1428.0,35.8,13.0,0,0,0,0,0,0,-12.0,51122.399999999994
M17371,M,25.75,35.450000000000045,90.0,1522.0,46.4,15.0,0,0,0,0,0,0,-9.700000000000045,70620.8
M15500,M,24.75,36.450000000000045,90.0,1515.0,43.0,124.0,0,0,0,0,0,0,-11.700000000000045,65145.0
L50933,L,29.05000000000001,37.85000000000002,90.0,1448.0,44.5,150.0,0,0,0,0,0,0,-8.800000000000011,64436.0
M17852,M,27.350000000000023,36.650000000000034,90.0,1435.0,47.6,127.0,0,0,0,0,0,0,-9.300000000000011,68306.0
M22968,M,27.25,38.650000000000034,90.0,1448.0,52.1,190.0,0,0,0,0,0,0,-11.400000000000034,75440.8
L50830,L,29.25,38.25,90.0,1386.0,54.8,15.0,0,0,0,0,0,0,-9.0,75952.8
M19841,M,30.55000000000001,39.650000000000034,90.0,1332.0,37.7,206.0,0,0,0,0,0,0,-9.100000000000023,50216.4
L50984,L,29.150000000000034,37.75,90.0,1575.0,34.4,25.0,0,0,0,0,0,0,-8.599999999999966,54180.0
L49996,L,26.950000000000045,35.950000000000045,90.0,1434.0,47.3,127.0,0,0,0,0,0,0,-9.0,67828.2
L54211,L,27.55000000000001,37.650000000000034,90.0,1480.0,49.1,71.0,0,0,0,0,0,0,-10.100000000000023,72668.0
L52540,L,30.150000000000034,39.450000000000045,90.0,1610.0,30.8,140.0,0,0,0,0,0,0,-9.300000000000011,49588.0
L55534,L,25.650000000000034,36.450000000000045,90.0,1530.0,40.4,196.0,0,0,0,0,0,0,-10.800000000000011,61812.0
L54473,L,27.05000000000001,37.35000000000002,90.0,1802.0,24.3,95.0,0,0,0,0,0,0,-10.300000000000011,43788.6
L53184,L,27.350000000000023,37.25,90.0,1457.0,42.4,183.0,0,0,0,0,0,0,-9.899999999999977,61776.799999999996
L52366,L,30.850000000000023,39.85000000000002,90.0,1466.0,46.6,119.0,0,0,0,0,0,0,-9.0,68315.6
L53255,L,27.850000000000023,37.75,90.0,1615.0,30.3,197.0,0,0,0,0,0,0,-9.899999999999977,48934.5
L57010,L,25.25,36.150000000000034,90.0,1334.0,47.0,206.0,0,0,0,0,0,0,-10.900000000000034,62698.0
M17591,M,26.55000000000001,36.150000000000034,90.0,1641.0,33.5,137.0,0,0,0,0,0,0,-9.600000000000023,54973.5
L54260,L,27.450000000000045,37.25,90.0,1477.0,47.3,203.0,0,0,0,0,0,0,-9.799999999999955,69862.09999999999
L55512,L,25.650000000000034,37.450000000000045,90.0,1465.0,44.0,136.0,0,0,0,0,0,0,-11.800000000000011,64460.0
L53476,L,27.650000000000034,37.35000000000002,90.0,1431.0,45.3,98.0,0,0,0,0,0,0,-9.699999999999989,64824.299999999996
M18248,M,28.55000000000001,37.35000000000002,90.0,1523.0,48.0,66.0,0,0,0,0,0,0,-8.800000000000011,73104.0
L54760,L,26.950000000000045,37.05000000000001,90.0,1384.0,44.4,113.0,0,0,0,0,0,0,-10.099999999999966,61449.6
H39136,H,25.650000000000034,36.650000000000034,90.0,1330.0,57.4,126.0,0,0,0,0,0,0,-11.0,76342.0
L54218,L,27.55000000000001,37.450000000000045,90.0,1477.0,37.3,34.0,0,0,0,0,0,0,-9.900000000000034,55092.1
L54554,L,26.350000000000023,36.85000000000002,90.0,1334.0,53.4,82.0,0,0,0,0,0,0,-10.5,71235.59999999999
H32328,H,27.55000000000001,36.35000000000002,90.0,1601.0,33.1,49.0,0,0,0,0,0,0,-8.800000000000011,52993.100000000006
L52600,L,29.450000000000045,39.150000000000034,90.0,1373.0,34.2,44.0,0,0,0,0,0,0,-9.699999999999989,46956.600000000006
L49650,L,25.75,35.35000000000002,90.0,1608.0,44.7,150.0,0,0,0,0,0,0,-9.600000000000023,71877.6
H30863,H,24.150000000000034,35.650000000000034,90.0,1487.0,40.2,0.0,0,0,0,0,0,0,-11.5,59777.4
L54736,L,27.150000000000034,38.25,90.0,1471.0,39.3,2.0,0,0,0,0,0,0,-11.099999999999966,57810.299999999996
M23943,M,24.05000000000001,34.75,90.0,1369.0,46.3,169.0,0,0,0,0,0,0,-10.699999999999989,63384.7
L55045,L,27.350000000000023,38.75,90.0,1611.0,34.8,74.0,0,0,0,0,0,0,-11.399999999999977,56062.799999999996
L56176,L,24.05000000000001,34.75,90.0,1540.0,37.1,7.0,0,0,0,0,0,0,-10.699999999999989,57134.0
L55508,L,25.55000000000001,36.35000000000002,90.0,1541.0,37.9,127.0,0,0,0,0,0,0,-10.800000000000011,58403.899999999994
L53857,L,28.350000000000023,37.55000000000001,90.0,1383.0,42.9,100.0,0,0,0,0,0,0,-9.199999999999989,59330.7
L47416,L,24.950000000000045,35.05000000000001,90.0,1495.0,38.7,188.0,0,0,0,0,0,0,-10.099999999999966,57856.50000000001
L50247,L,26.850000000000023,35.950000000000045,90.0,1743.0,27.3,101.0,0,0,0,0,0,0,-9.100000000000023,47583.9
M18454,M,28.450000000000045,37.25,90.0,1452.0,39.2,20.0,0,0,0,0,0,0,-8.799999999999955,56918.4
L56576,L,24.55000000000001,35.150000000000034,90.0,1638.0,32.2,160.0,0,0,0,0,0,0,-10.600000000000023,52743.600000000006
H33783,H,28.850000000000023,36.55000000000001,90.0,1432.0,52.0,199.0,0,0,0,0,0,0,-7.699999999999989,74464.0
L48429,L,24.150000000000034,35.55000000000001,90.0,1472.0,46.0,216.0,0,0,0,0,0,0,-11.399999999999977,67712.0
L48775,L,24.850000000000023,35.05000000000001,90.0,1519.0,36.8,213.0,0,0,0,0,0,0,-10.199999999999989,55899.2
L54159,L,27.55000000000001,37.950000000000045,90.0,1484.0,40.4,139.0,0,0,0,0,0,0,-10.400000000000034,59953.6
L52352,L,31.05000000000001,40.25,90.0,1438.0,45.7,92.0,0,0,0,0,0,0,-9.199999999999989,65716.6
L52562,L,29.650000000000034,39.150000000000034,90.0,1524.0,34.5,198.0,0,0,0,0,0,0,-9.5,52578.0
L54298,L,27.75,37.35000000000002,90.0,1565.0,46.5,109.0,0,0,0,0,0,0,-9.600000000000023,72772.5
M23748,M,24.75,36.05000000000001,90.0,1530.0,39.6,26.0,0,0,0,0,0,0,-11.300000000000011,60588.0
L50384,L,26.850000000000023,36.25,90.0,1451.0,39.4,72.0,0,0,0,0,0,0,-9.399999999999977,57169.4
H35513,H,27.55000000000001,37.650000000000034,90.0,1475.0,42.0,147.0,0,0,0,0,0,0,-10.100000000000023,61950.0
L47209,L,25.55000000000001,36.25,90.0,1720.0,30.4,104.0,0,0,0,0,0,0,-10.699999999999989,52288.0
L50194,L,27.350000000000023,36.55000000000001,90.0,1580.0,54.5,196.0,0,0,0,0,0,0,-9.199999999999989,86110.0
L53685,L,27.950000000000045,36.950000000000045,90.0,1452.0,39.6,215.0,0,0,0,0,0,0,-9.0,57499.200000000004
H39274,H,25.55000000000001,36.450000000000045,90.0,1356.0,45.9,73.0,0,0,0,0,0,0,-10.900000000000034,62240.4
L54307,L,27.450000000000045,36.85000000000002,90.0,1412.0,53.7,98.0,0,0,0,0,0,0,-9.399999999999977,75824.40000000001
M18249,M,28.350000000000023,37.55000000000001,90.0,1638.0,53.2,69.0,0,0,0,0,0,0,-9.199999999999989,87141.6
L55843,L,24.350000000000023,35.450000000000045,90.0,1464.0,36.9,136.0,0,0,0,0,0,0,-11.100000000000023,54021.6
M21288,M,27.05000000000001,36.650000000000034,90.0,1343.0,62.7,18.0,0,0,0,0,0,0,-9.600000000000023,84206.1
L55350,L,26.75,38.150000000000034,90.0,1522.0,41.7,75.0,0,0,0,0,0,0,-11.400000000000034,63467.4
M16306,M,25.850000000000023,37.05000000000001,90.0,1628.0,35.8,15.0,0,0,0,0,0,0,-11.199999999999989,58282.399999999994
M16149,M,25.650000000000034,36.650000000000034,90.0,1376.0,48.2,110.0,0,0,0,0,0,0,-11.0,66323.2
M24725,M,25.75,36.650000000000034,90.0,1359.0,44.7,98.0,0,0,0,0,0,0,-10.900000000000034,60747.3
L51940,L,30.450000000000045,38.55000000000001,90.0,1434.0,42.4,166.0,0,0,0,0,0,0,-8.099999999999966,60801.6
L50801,L,28.75,38.25,90.0,1433.0,44.9,23.0,0,0,0,0,0,0,-9.5,64341.7
L49120,L,24.55000000000001,34.450000000000045,90.0,1462.0,43.5,96.0,0,0,0,0,0,0,-9.900000000000034,63597.0
L52345,L,31.05000000000001,40.25,90.0,1307.0,54.4,56.0,0,0,0,0,0,0,-9.199999999999989,71100.8
L52115,L,30.25,39.150000000000034,90.0,1479.0,42.8,135.0,0,0,0,0,0,0,-8.900000000000034,63301.2
M16444,M,25.05000000000001,35.150000000000034,90.0,1423.0,48.0,191.0,0,0,0,0,0,0,-10.100000000000023,68304.0
L49076,L,24.650000000000034,34.35000000000002,90.0,1385.0,50.8,162.0,0,0,0,0,0,0,-9.699999999999989,70358.0
L53418,L,28.150000000000034,37.650000000000034,90.0,1390.0,54.0,95.0,0,0,0,0,0,0,-9.5,75060.0
H38038,H,24.350000000000023,35.25,90.0,1490.0,39.7,120.0,0,0,0,0,0,0,-10.899999999999977,59153.00000000001
L48520,L,25.850000000000023,37.150000000000034,90.0,1426.0,46.2,10.0,0,0,0,0,0,0,-11.300000000000011,65881.2
L50491,L,28.150000000000034,37.25,90.0,1501.0,43.4,113.0,0,0,0,0,0,0,-9.099999999999966,65143.4
M18097,M,27.650000000000034,36.25,90.0,1692.0,31.8,116.0,0,0,0,0,0,0,-8.599999999999966,53805.6
L55861,L,24.05000000000001,35.25,90.0,1605.0,30.5,183.0,0,0,0,0,0,0,-11.199999999999989,48952.5
L51716,L,29.25,37.05000000000001,90.0,1466.0,45.1,156.0,0,0,0,0,0,0,-7.800000000000011,66116.6
L51716,L,29.25,37.05000000000001,90.0,1519.0,38.6,166.0,0,0,0,0,0,0,-7.800000000000011,58633.4
M16074,M,23.650000000000034,34.650000000000034,90.0,1694.0,33.0,33.0,0,0,0,0,0,0,-11.0,55902.0
L48894,L,25.05000000000001,34.650000000000034,90.0,1521.0,48.6,173.0,0,0,0,0,0,0,-9.600000000000023,73920.6
L56856,L,25.950000000000045,36.85000000000002,90.0,1422.0,49.7,197.0,0,0,0,0,0,0,-10.899999999999977,70673.40000000001
L53746,L,28.25,37.55000000000001,90.0,1488.0,41.7,161.0,0,0,0,0,0,0,-9.300000000000011,62049.600000000006
M21683,M,28.150000000000034,37.650000000000034,90.0,1385.0,44.4,198.0,0,0,0,0,0,0,-9.5,61494.0
L55258,L,27.05000000000001,38.55000000000001,90.0,1530.0,42.5,217.0,0,0,0,0,0,0,-11.5,65025.0
L56793,L,25.950000000000045,36.950000000000045,90.0,1598.0,32.1,59.0,0,0,0,0,0,0,-11.0,51295.8
L52655,L,29.55000000000001,39.05000000000001,90.0,1512.0,36.5,179.0,0,0,0,0,0,0,-9.5,55188.0
L50966,L,28.850000000000023,37.650000000000034,90.0,1409.0,48.3,199.0,0,0,0,0,0,0,-8.800000000000011,68054.7
L57141,L,25.05000000000001,34.75,90.0,1264.0,59.6,0.0,0,0,0,0,0,0,-9.699999999999989,75334.40000000001
L55216,L,27.55000000000001,38.55000000000001,90.0,1477.0,41.1,2.0,0,0,0,0,0,0,-11.0,60704.700000000004
L49247,L,26.55000000000001,36.450000000000045,90.0,1553.0,42.4,174.0,0,0,0,0,0,0,-9.900000000000034,65847.2
L53262,L,27.75,37.55000000000001,90.0,1352.0,48.1,212.0,0,0,0,0,0,0,-9.800000000000011,65031.200000000004
M22612,M,27.25,38.55000000000001,90.0,1516.0,35.5,68.0,0,0,0,0,0,0,-11.300000000000011,53818.0
H36507,H,27.55000000000001,37.150000000000034,90.0,1540.0,50.7,12.0,0,0,0,0,0,0,-9.600000000000023,78078.0
M15232,M,24.25,35.150000000000034,90.0,1405.0,47.3,108.0,0,0,0,0,0,0,-10.900000000000034,66456.5
L55277,L,27.150000000000034,38.55000000000001,90.0,1512.0,37.5,172.0,0,0,0,0,0,0,-11.399999999999977,56700.0
H37508,H,27.650000000000034,39.450000000000045,90.0,1610.0,33.8,119.0,0,0,0,0,0,0,-11.800000000000011,54417.99999999999
H39228,H,25.150000000000034,35.950000000000045,90.0,1423.0,49.4,159.0,0,0,0,0,0,0,-10.800000000000011,70296.2
M18691,M,29.25,37.75,90.0,1742.0,29.7,137.0,0,0,0,0,0,0,-8.5,51737.4
L56452,L,25.05000000000001,35.450000000000045,90.0,1353.0,54.1,59.0,0,0,0,0,0,0,-10.400000000000034,73197.3
L47396,L,25.150000000000034,35.450000000000045,90.0,1470.0,39.2,142.0,0,0,0,0,0,0,-10.300000000000011,57624.00000000001
M24776,M,25.350000000000023,35.650000000000034,90.0,1641.0,34.9,18.0,0,0,0,0,0,0,-10.300000000000011,57270.899999999994
M16130,M,24.850000000000023,36.25,90.0,1511.0,35.9,50.0,0,0,0,0,0,0,-11.399999999999977,54244.9
L54266,L,27.450000000000045,37.25,90.0,1520.0,47.4,215.0,0,0,0,0,0,0,-9.799999999999955,72048.0
L56451,L,25.05000000000001,35.650000000000034,90.0,1522.0,42.9,34.0,0,0,0,0,0,0,-10.600000000000023,65293.799999999996
L51673,L,29.55000000000001,37.35000000000002,90.0,1402.0,55.1,203.0,0,0,0,0,0,0,-7.800000000000011,77250.2
L47967,L,23.75,34.950000000000045,90.0,1356.0,43.9,127.0,0,0,0,0,0,0,-11.200000000000045,59528.4
L49551,L,26.150000000000034,35.25,90.0,1409.0,44.8,91.0,0,0,0,0,0,0,-9.099999999999966,63123.2
M22472,M,27.25,38.05000000000001,90.0,1423.0,47.7,167.0,0,0,0,0,0,0,-10.800000000000011,67877.1
M21418,M,28.350000000000023,37.450000000000045,90.0,1520.0,38.5,122.0,0,0,0,0,0,0,-9.100000000000023,58520.0
L53141,L,27.350000000000023,37.55000000000001,90.0,1523.0,38.8,123.0,0,0,0,0,0,0,-10.199999999999989,59092.399999999994
M19031,M,29.05000000000001,37.35000000000002,90.0,1627.0,23.7,129.0,0,0,0,0,0,0,-8.300000000000011,38559.9
M18105,M,27.850000000000023,36.650000000000034,90.0,1588.0,32.7,138.0,0,0,0,0,0,0,-8.800000000000011,51927.600000000006
L55646,L,25.55000000000001,36.650000000000034,90.0,1398.0,57.6,62.0,0,0,0,0,0,0,-11.100000000000023,80524.8
L49328,L,26.25,35.75,90.0,1583.0,34.2,176.0,0,0,0,0,0,0,-9.5,54138.600000000006
L54612,L,26.850000000000023,38.25,90.0,1484.0,35.1,64.0,0,0,0,0,0,0,-11.399999999999977,52088.4
L48261,L,23.850000000000023,34.650000000000034,90.0,1524.0,40.6,85.0,0,0,0,0,0,0,-10.800000000000011,61874.4
L51287,L,28.850000000000023,37.35000000000002,90.0,1615.0,35.7,194.0,0,0,0,0,0,0,-8.5,57655.50000000001
L55102,L,27.55000000000001,38.75,90.0,1462.0,39.7,5.0,0,0,0,0,0,0,-11.199999999999989,58041.4
M19579,M,30.350000000000023,39.35000000000002,90.0,1420.0,46.4,198.0,0,0,0,0,0,0,-9.0,65888.0
L51655,L,29.25,37.25,90.0,1486.0,41.8,10.0,0,0,0,0,0,0,-8.0,62114.799999999996
L54148,L,27.55000000000001,37.950000000000045,90.0,1397.0,53.7,0.0,0,0,0,0,0,0,-10.400000000000034,75018.90000000001
H36642,H,26.650000000000034,36.55000000000001,90.0,1368.0,51.7,148.0,0,0,0,0,0,0,-9.899999999999977,70725.6
M18581,M,29.05000000000001,38.05000000000001,90.0,1544.0,53.0,63.0,0,0,0,0,0,0,-9.0,81832.0
L47784,L,24.75,36.75,90.0,1542.0,40.0,33.0,0,0,0,0,0,0,-12.0,61680.0
M20783,M,27.150000000000034,36.950000000000045,90.0,1521.0,44.8,38.0,0,0,0,0,0,0,-9.800000000000011,68140.8
M19756,M,30.55000000000001,39.450000000000045,90.0,1642.0,32.3,206.0,0,0,0,0,0,0,-8.900000000000034,53036.6
M17417,M,26.05000000000001,35.85000000000002,90.0,1730.0,26.1,129.0,0,0,0,0,0,0,-9.800000000000011,45153.0
L54073,L,27.850000000000023,38.450000000000045,90.0,1374.0,50.3,133.0,0,0,0,0,0,0,-10.600000000000023,69112.2
L47691,L,24.350000000000023,36.150000000000034,90.0,1520.0,39.0,22.0,0,0,0,0,0,0,-11.800000000000011,59280.0
L52012,L,30.350000000000023,38.75,90.0,1492.0,45.1,196.0,0,0,0,0,0,0,-8.399999999999977,67289.2
L50572,L,28.350000000000023,37.35000000000002,90.0,1408.0,47.3,79.0,0,0,0,0,0,0,-9.0,66598.4
L48894,L,25.05000000000001,34.650000000000034,90.0,1570.0,35.6,176.0,0,0,0,0,0,0,-9.600000000000023,55892.0
L52133,L,30.55000000000001,39.35000000000002,90.0,1361.0,48.6,139.0,0,0,0,0,0,0,-8.800000000000011,66144.6
L51760,L,29.850000000000023,38.05000000000001,90.0,1521.0,35.6,160.0,0,0,0,0,0,0,-8.199999999999989,54147.6
L47611,L,24.25,35.35000000000002,90.0,1446.0,44.1,32.0,0,0,0,0,0,0,-11.100000000000023,63768.6
L53844,L,28.150000000000034,37.25,90.0,1614.0,35.2,21.0,0,0,0,0,0,0,-9.099999999999966,56812.8
L50336,L,27.25,36.55000000000001,90.0,1467.0,35.9,131.0,0,0,0,0,0,0,-9.300000000000011,52665.299999999996
H34082,H,30.150000000000034,38.150000000000034,90.0,1505.0,40.8,102.0,0,0,0,0,0,0,-8.0,61403.99999999999
L55991,L,24.05000000000001,35.35000000000002,90.0,1491.0,41.4,190.0,0,0,0,0,0,0,-11.300000000000011,61727.4
L50363,L,26.950000000000045,36.150000000000034,90.0,1616.0,28.5,199.0,0,0,0,0,0,0,-9.199999999999989,46056.0
L49243,L,26.350000000000023,36.450000000000045,90.0,1401.0,54.7,0.0,0,0,0,0,0,0,-10.100000000000023,76634.7
H30451,H,22.450000000000045,33.05000000000001,90.0,1526.0,39.9,75.0,0,0,0,0,0,0,-10.599999999999966,60887.4
L49913,L,26.55000000000001,36.05000000000001,90.0,1456.0,40.4,119.0,0,0,0,0,0,0,-9.5,58822.4
H39098,H,25.75,36.75,90.0,1608.0,51.0,32.0,0,0,0,0,0,0,-11.0,82008.0
L50785,L,28.55000000000001,37.650000000000034,90.0,1556.0,34.3,192.0,0,0,0,0,0,0,-9.100000000000023,53370.799999999996
L47493,L,24.850000000000023,35.450000000000045,90.0,1489.0,40.2,170.0,0,0,0,0,0,0,-10.600000000000023,59857.8
L50766,L,28.650000000000034,37.75,90.0,1445.0,44.3,174.0,0,0,0,0,0,0,-9.099999999999966,64013.49999999999
L56397,L,24.75,35.650000000000034,90.0,1445.0,47.0,28.0,0,0,0,0,0,0,-10.900000000000034,67915.0
L48204,L,23.150000000000034,34.450000000000045,90.0,1466.0,39.9,42.0,0,0,0,0,0,0,-11.300000000000011,58493.4
L54536,L,26.450000000000045,37.05000000000001,90.0,1542.0,38.5,40.0,0,0,0,0,0,0,-10.599999999999966,59367.0
L49190,L,25.450000000000045,35.150000000000034,90.0,1452.0,43.0,32.0,0,0,0,0,0,0,-9.699999999999989,62436.0
M18285,M,28.350000000000023,37.35000000000002,90.0,1341.0,42.5,157.0,0,0,0,0,0,0,-9.0,56992.5
M18575,M,29.150000000000034,38.25,90.0,1675.0,33.1,46.0,0,0,0,0,0,0,-9.099999999999966,55442.5
M18462,M,28.55000000000001,37.450000000000045,90.0,1347.0,54.6,190.0,0,0,0,0,0,0,-8.900000000000034,73546.2
L53098,L,28.150000000000034,37.950000000000045,90.0,1454.0,40.6,158.0,0,0,0,0,0,0,-9.800000000000011,59032.4
L49306,L,26.150000000000034,35.75,90.0,1553.0,40.5,121.0,0,0,0,0,0,0,-9.599999999999966,62896.5
M16335,M,25.350000000000023,36.35000000000002,90.0,1435.0,35.4,33.0,0,0,0,0,0,0,-11.0,50799.0
H38191,H,24.450000000000045,35.450000000000045,90.0,1481.0,39.8,14.0,0,0,0,0,0,0,-11.0,58943.799999999996
M17940,M,26.75,36.05000000000001,90.0,1678.0,34.6,148.0,0,0,0,0,0,0,-9.300000000000011,58058.8
L50343,L,27.25,36.650000000000034,90.0,1724.0,28.4,150.0,0,0,0,0,0,0,-9.400000000000034,48961.6
L56906,L,25.450000000000045,36.650000000000034,90.0,1663.0,29.1,37.0,0,0,0,0,0,0,-11.199999999999989,48393.3
L54241,L,27.450000000000045,37.25,90.0,1446.0,49.7,139.0,0,0,0,0,0,0,-9.799999999999955,71866.2
M24677,M,25.350000000000023,36.150000000000034,90.0,1488.0,41.5,7.0,0,0,0,0,0,0,-10.800000000000011,61752.0
L48949,L,25.05000000000001,34.650000000000034,90.0,1605.0,31.1,16.0,0,0,0,0,0,0,-9.600000000000023,49915.5
L56461,L,25.05000000000001,35.75,90.0,1336.0,38.0,15.0,0,0,0,0,0,0,-10.699999999999989,50768.0
L50178,L,27.350000000000023,36.450000000000045,90.0,1466.0,45.5,155.0,0,0,0,0,0,0,-9.100000000000023,66703.0
L52694,L,29.650000000000034,39.150000000000034,90.0,1544.0,34.5,63.0,0,0,0,0,0,0,-9.5,53268.0
L51189,L,29.25,38.05000000000001,90.0,1389.0,44.9,164.0,0,0,0,0,0,0,-8.800000000000011,62366.1
L55271,L,27.05000000000001,38.450000000000045,90.0,1457.0,52.9,157.0,0,0,0,0,0,0,-11.400000000000034,77075.3
M16777,M,24.75,34.55000000000001,90.0,1504.0,42.4,180.0,0,0,0,0,0,0,-9.800000000000011,63769.6
L50096,L,27.450000000000045,36.450000000000045,90.0,1487.0,43.1,166.0,0,0,0,0,0,0,-9.0,64089.700000000004
L49318,L,26.150000000000034,35.85000000000002,90.0,1513.0,36.8,154.0,0,0,0,0,0,0,-9.699999999999989,55678.399999999994
M24550,M,25.75,36.35000000000002,90.0,1539.0,37.2,156.0,0,0,0,0,0,0,-10.600000000000023,57250.8
M22342,M,26.850000000000023,38.25,90.0,1378.0,47.8,74.0,0,0,0,0,0,0,-11.399999999999977,65868.4
L51493,L,28.75,36.950000000000045,90.0,1552.0,38.5,37.0,0,0,0,0,0,0,-8.200000000000045,59752.0
M16454,M,24.850000000000023,35.05000000000001,90.0,1373.0,51.2,2.0,0,0,0,0,0,0,-10.199999999999989,70297.6
L48956,L,25.350000000000023,34.650000000000034,90.0,1609.0,31.1,155.0,0,0,0,0,0,0,-9.300000000000011,50039.9
M17483,M,26.450000000000045,36.25,90.0,1530.0,44.4,70.0,0,0,0,0,0,0,-9.799999999999955,67932.0
L56610,L,25.05000000000001,35.450000000000045,90.0,1529.0,41.2,137.0,0,0,0,0,0,0,-10.400000000000034,62994.8
L53258,L,27.650000000000034,37.55000000000001,90.0,1461.0,40.2,199.0,0,0,0,0,0,0,-9.899999999999977,58732.200000000004
L54215,L,27.55000000000001,37.450000000000045,90.0,1774.0,28.0,83.0,0,0,0,0,0,0,-9.900000000000034,49672.0
L55970,L,24.25,35.35000000000002,90.0,1419.0,47.7,47.0,0,0,0,0,0,0,-11.100000000000023,67686.3
M22143,M,26.850000000000023,37.05000000000001,90.0,1400.0,46.7,24.0,0,0,0,0,0,0,-10.199999999999989,65380.00000000001
L54137,L,27.450000000000045,37.950000000000045,90.0,1515.0,37.2,85.0,0,0,0,0,0,0,-10.5,56358.00000000001
L56366,L,24.75,35.85000000000002,90.0,1561.0,29.0,50.0,0,0,0,0,0,0,-11.100000000000023,45269.0
L53076,L,27.950000000000045,37.650000000000034,90.0,1434.0,44.7,169.0,0,0,0,0,0,0,-9.699999999999989,64099.8
L55819,L,24.350000000000023,35.150000000000034,90.0,1384.0,47.4,73.0,0,0,0,0,0,0,-10.800000000000011,65601.59999999999
M20195,M,30.25,39.75,90.0,1386.0,56.9,9.0,0,0,0,0,0,0,-9.5,78863.4
L47591,L,24.350000000000023,35.450000000000045,90.0,1429.0,44.5,201.0,0,0,0,0,0,0,-11.100000000000023,63590.5
L49197,L,25.55000000000001,35.35000000000002,90.0,1602.0,36.8,46.0,0,0,0,0,0,0,-9.800000000000011,58953.6
L51113,L,29.150000000000034,38.450000000000045,90.0,1576.0,39.6,112.0,0,0,0,0,0,0,-9.300000000000011,62409.600000000006
L49527,L,26.05000000000001,35.25,90.0,1469.0,39.2,26.0,0,0,0,0,0,0,-9.199999999999989,57584.8
L51285,L,28.850000000000023,37.450000000000045,90.0,1501.0,35.2,171.0,0,0,0,0,0,0,-8.600000000000023,52835.200000000004
L54501,L,26.75,37.150000000000034,90.0,1471.0,39.9,176.0,0,0,0,0,0,0,-10.400000000000034,58692.9
H34229,H,30.25,38.75,90.0,1534.0,32.2,210.0,0,0,0,0,0,0,-8.5,49394.8
L56642,L,25.350000000000023,36.150000000000034,90.0,1570.0,47.6,131.0,0,0,0,0,0,0,-10.800000000000011,74732.0
L53957,L,28.05000000000001,37.55000000000001,90.0,1486.0,47.2,44.0,0,0,0,0,0,0,-9.5,70139.2
L54181,L,27.350000000000023,37.35000000000002,90.0,1564.0,38.2,208.0,0,0,0,0,0,0,-10.0,59744.8
M22982,M,27.05000000000001,38.25,90.0,1544.0,35.2,30.0,0,0,0,0,0,0,-11.199999999999989,54348.8
H37469,H,27.05000000000001,38.450000000000045,90.0,1496.0,42.7,197.0,0,0,0,0,0,0,-11.400000000000034,63879.200000000004
L53989,L,27.75,37.650000000000034,90.0,1353.0,48.1,125.0,0,0,0,0,0,0,-9.900000000000034,65079.3
H35124,H,29.05000000000001,38.55000000000001,90.0,1550.0,35.6,13.0,0,0,0,0,0,0,-9.5,55180.0
L54656,L,27.150000000000034,38.35000000000002,90.0,1615.0,30.9,128.0,0,0,0,0,0,0,-11.199999999999989,49903.5
M24668,M,25.150000000000034,36.05000000000001,90.0,1441.0,44.4,17.0,0,0,0,0,0,0,-10.899999999999977,63980.4
L50927,L,29.25,37.950000000000045,90.0,1520.0,40.1,142.0,0,0,0,0,0,0,-8.700000000000045,60952.0
L48849,L,25.05000000000001,34.650000000000034,90.0,1694.0,28.7,156.0,0,0,0,0,0,0,-9.600000000000023,48617.799999999996
M19407,M,29.350000000000023,37.25,90.0,1525.0,38.6,194.0,0,0,0,0,0,0,-7.899999999999977,58865.0
L49692,L,25.75,35.650000000000034,90.0,1615.0,32.4,23.0,0,0,0,0,0,0,-9.900000000000034,52326.0
L47454,L,24.850000000000023,34.85000000000002,90.0,1468.0,46.2,63.0,0,0,0,0,0,0,-10.0,67821.6
L48033,L,23.150000000000034,34.150000000000034,90.0,1444.0,49.0,0.0,0,0,0,0,0,0,-11.0,70756.0
L53744,L,28.25,37.450000000000045,90.0,1753.0,27.2,166.0,0,0,0,0,0,0,-9.200000000000045,47681.6
L48961,L,25.350000000000023,34.650000000000034,90.0,1555.0,33.6,48.0,0,0,0,0,0,0,-9.300000000000011,52248.0
L50965,L,29.150000000000034,37.75,90.0,1478.0,38.3,199.0,0,0,0,0,0,0,-8.599999999999966,56607.399999999994
L51443,L,29.450000000000045,37.85000000000002,90.0,1367.0,52.1,139.0,1,0,1,0,0,0,-8.399999999999977,71220.7
L50446,L,28.150000000000034,36.85000000000002,90.0,1511.0,41.1,105.0,0,0,0,0,0,0,-8.699999999999989,62102.1
L55257,L,27.150000000000034,38.650000000000034,90.0,1441.0,43.3,123.0,0,0,0,0,0,0,-11.5,62395.299999999996
L56740,L,26.450000000000045,37.75,90.0,1470.0,39.3,166.0,0,0,0,0,0,0,-11.299999999999955,57770.99999999999
L57025,L,25.650000000000034,36.75,90.0,1422.0,43.1,34.0,0,0,0,0,0,0,-11.099999999999966,61288.200000000004
L54146,L,27.55000000000001,37.950000000000045,90.0,1601.0,33.0,111.0,0,0,0,0,0,0,-10.400000000000034,52833.0
L55863,L,24.05000000000001,35.450000000000045,90.0,1484.0,39.7,114.0,0,0,0,0,0,0,-11.400000000000034,58914.8
L50259,L,26.850000000000023,36.150000000000034,90.0,1495.0,38.3,130.0,0,0,0,0,0,0,-9.300000000000011,57258.49999999999
L48175,L,23.150000000000034,34.150000000000034,90.0,1660.0,29.0,32.0,0,0,0,0,0,0,-11.0,48140.0
M23441,M,24.350000000000023,34.85000000000002,90.0,1429.0,37.0,181.0,0,0,0,0,0,0,-10.5,52873.0
L49937,L,26.650000000000034,36.05000000000001,90.0,1436.0,36.1,203.0,0,0,0,0,0,0,-9.399999999999977,51839.6
M18097,M,27.75,36.35000000000002,90.0,1758.0,26.8,137.0,0,0,0,0,0,0,-8.600000000000023,47114.4
L49264,L,26.450000000000045,36.25,90.0,1557.0,36.6,142.0,0,0,0,0,0,0,-9.799999999999955,56986.200000000004
M18347,M,28.650000000000034,37.650000000000034,90.0,1448.0,48.7,83.0,0,0,0,0,0,0,-9.0,70517.6
L56488,L,25.150000000000034,35.85000000000002,90.0,1401.0,45.8,111.0,0,0,0,0,0,0,-10.699999999999989,64165.799999999996
M23954,M,24.150000000000034,34.950000000000045,90.0,1452.0,40.3,199.0,0,0,0,0,0,0,-10.800000000000011,58515.6
L55416,L,26.05000000000001,37.450000000000045,90.0,1498.0,41.6,88.0,0,0,0,0,0,0,-11.400000000000034,62316.8
L50041,L,27.55000000000001,36.35000000000002,90.0,1491.0,43.6,240.0,0,0,0,0,0,0,-8.800000000000011,65007.6
L55334,L,26.450000000000045,37.55000000000001,90.0,1457.0,47.9,110.0,0,0,0,0,0,0,-11.099999999999966,69790.3
M21662,M,27.950000000000045,37.55000000000001,90.0,1685.0,31.0,108.0,0,0,0,0,0,0,-9.599999999999966,52235.0
L47757,L,24.55000000000001,36.55000000000001,90.0,1426.0,37.7,196.0,0,0,0,0,0,0,-12.0,53760.200000000004
M23453,M,24.25,34.950000000000045,90.0,1601.0,34.6,181.0,0,0,0,0,0,0,-10.700000000000045,55394.600000000006
L55277,L,27.05000000000001,38.450000000000045,90.0,1539.0,42.3,29.0,0,0,0,0,0,0,-11.400000000000034,65099.7
L47946,L,23.75,34.85000000000002,90.0,1547.0,40.7,18.0,0,0,0,0,0,0,-11.100000000000023,62962.9
M16842,M,24.850000000000023,35.150000000000034,90.0,1496.0,39.5,160.0,0,0,0,0,0,0,-10.300000000000011,59092.0
L49312,L,26.25,35.85000000000002,90.0,1597.0,29.5,139.0,0,0,0,0,0,0,-9.600000000000023,47111.5
L55304,L,27.05000000000001,38.25,90.0,1631.0,35.0,32.0,0,0,0,0,0,0,-11.199999999999989,57085.0
L49550,L,26.05000000000001,35.25,90.0,1429.0,34.1,92.0,0,0,0,0,0,0,-9.199999999999989,48728.9
L54162,L,27.55000000000001,37.950000000000045,90.0,1618.0,37.6,148.0,0,0,0,0,0,0,-10.400000000000034,60836.8
M18802,M,29.05000000000001,38.25,90.0,1589.0,37.2,202.0,0,0,0,0,0,0,-9.199999999999989,59110.8
L53341,L,27.850000000000023,37.75,90.0,1524.0,44.3,204.0,0,0,0,0,0,0,-9.899999999999977,67513.2
L53076,L,28.05000000000001,37.75,90.0,1518.0,40.7,169.0,0,0,0,0,0,0,-9.699999999999989,61782.600000000006
L56086,L,24.150000000000034,34.950000000000045,90.0,1681.0,27.0,158.0,0,0,0,0,0,0,-10.800000000000011,45387.0
L51697,L,29.350000000000023,37.150000000000034,90.0,1520.0,39.2,121.0,0,0,0,0,0,0,-7.800000000000011,59584.00000000001
L56213,L,24.25,35.150000000000034,90.0,1386.0,41.0,0.0,0,0,0,0,0,0,-10.900000000000034,56826.0
L53232,L,27.650000000000034,37.85000000000002,90.0,1551.0,37.6,122.0,0,0,0,0,0,0,-10.199999999999989,58317.600000000006
L51684,L,29.25,36.950000000000045,90.0,1645.0,32.2,93.0,0,0,0,0,0,0,-7.7000000000000455,52969.00000000001
L51621,L,29.350000000000023,37.25,90.0,1448.0,43.5,148.0,0,0,0,0,0,0,-7.899999999999977,62988.0
H31434,H,26.350000000000023,36.25,90.0,1570.0,40.1,191.0,0,0,0,0,0,0,-9.899999999999977,62957.0
L55435,L,25.850000000000023,37.35000000000002,90.0,1603.0,32.1,134.0,0,0,0,0,0,0,-11.5,51456.3
L49329,L,26.25,35.85000000000002,90.0,1433.0,53.3,180.0,0,0,0,0,0,0,-9.600000000000023,76378.9
L56333,L,24.350000000000023,35.450000000000045,90.0,1523.0,40.5,188.0,0,0,0,0,0,0,-11.100000000000023,61681.5
L54665,L,27.150000000000034,38.450000000000045,90.0,1595.0,46.9,173.0,0,0,0,0,0,0,-11.300000000000011,74805.5
L52744,L,29.25,38.650000000000034,90.0,1472.0,43.1,202.0,0,0,0,0,0,0,-9.400000000000034,63443.200000000004
M16354,M,24.850000000000023,35.55000000000001,90.0,1480.0,37.7,181.0,0,0,0,0,0,0,-10.699999999999989,55796.00000000001
L48311,L,23.75,34.450000000000045,90.0,1418.0,45.7,124.0,0,0,0,0,0,0,-10.700000000000045,64802.600000000006
L47251,L,25.650000000000034,35.950000000000045,90.0,1596.0,35.5,121.0,0,0,0,0,0,0,-10.300000000000011,56658.0
L56837,L,25.850000000000023,36.85000000000002,90.0,1484.0,39.6,188.0,0,0,0,0,0,0,-11.0,58766.4
L54318,L,27.450000000000045,36.75,90.0,1391.0,50.1,130.0,0,0,0,0,0,0,-9.299999999999955,69689.1
L50302,L,26.850000000000023,36.150000000000034,90.0,1486.0,46.0,35.0,0,0,0,0,0,0,-9.300000000000011,68356.0
M20127,M,30.350000000000023,39.950000000000045,90.0,1566.0,35.1,106.0,0,0,0,0,0,0,-9.600000000000023,54966.600000000006
L49102,L,24.850000000000023,34.55000000000001,90.0,1559.0,26.6,104.0,0,0,0,0,0,0,-9.699999999999989,41469.4
L52959,L,28.55000000000001,37.85000000000002,90.0,1418.0,46.5,113.0,0,0,0,0,0,0,-9.300000000000011,65937.0
L53142,L,27.150000000000034,37.650000000000034,90.0,1419.0,44.4,173.0,0,0,0,0,0,0,-10.5,63003.6
M17834,M,27.450000000000045,36.25,90.0,1521.0,37.2,79.0,0,0,0,0,0,0,-8.799999999999955,56581.200000000004
M16393,M,24.850000000000023,35.75,90.0,1339.0,48.3,68.0,0,0,0,0,0,0,-10.899999999999977,64673.7
H35323,H,27.350000000000023,37.35000000000002,90.0,1357.0,51.4,39.0,0,0,0,0,0,0,-10.0,69749.8
L51793,L,29.850000000000023,38.05000000000001,90.0,1487.0,35.4,150.0,0,0,0,0,0,0,-8.199999999999989,52639.799999999996
M18105,M,27.850000000000023,36.450000000000045,90.0,1597.0,32.7,138.0,0,0,0,0,0,0,-8.600000000000023,52221.9
L53516,L,27.25,36.650000000000034,90.0,1591.0,33.0,171.0,0,0,0,0,0,0,-9.400000000000034,52503.0
L56033,L,24.75,35.950000000000045,90.0,1420.0,49.7,183.0,0,0,0,0,0,0,-11.200000000000045,70574.0
L51681,L,29.150000000000034,37.05000000000001,90.0,1349.0,51.6,86.0,0,0,0,0,0,0,-7.899999999999977,69608.40000000001
M16557,M,24.75,34.450000000000045,90.0,1479.0,42.2,31.0,0,0,0,0,0,0,-9.700000000000045,62413.8
L53408,L,28.05000000000001,37.75,90.0,1261.0,55.1,146.0,0,0,0,0,0,0,-9.699999999999989,69481.1
M21690,M,27.850000000000023,37.75,90.0,1622.0,35.8,180.0,0,0,0,0,0,0,-9.899999999999977,58067.6
M20973,M,27.650000000000034,37.650000000000034,90.0,1678.0,35.2,49.0,0,0,0,0,0,0,-10.0,59065.600000000006
M17054,M,26.450000000000045,35.75,90.0,1448.0,45.5,77.0,0,0,0,0,0,0,-9.299999999999955,65884.0
L54064,L,27.850000000000023,38.05000000000001,90.0,1382.0,50.7,44.0,0,0,0,0,0,0,-10.199999999999989,70067.40000000001
L54276,L,27.450000000000045,37.05000000000001,90.0,1489.0,47.8,0.0,0,0,0,0,0,0,-9.599999999999966,71174.2
M18783,M,29.450000000000045,38.25,90.0,1515.0,40.3,154.0,0,0,0,0,0,0,-8.799999999999955,61054.49999999999
H38033,H,24.450000000000045,35.35000000000002,90.0,1459.0,39.8,19.0,0,0,0,0,0,0,-10.899999999999977,58068.2
L50548,L,28.350000000000023,37.55000000000001,90.0,1555.0,43.2,13.0,0,0,0,0,0,0,-9.199999999999989,67176.0
L55600,L,25.75,37.25,90.0,1761.0,25.7,159.0,0,0,0,0,0,0,-11.5,45257.7
L51308,L,28.75,37.25,90.0,1688.0,32.0,17.0,0,0,0,0,0,0,-8.5,54016.0
L54235,L,27.650000000000034,37.450000000000045,90.0,1463.0,37.2,139.0,0,0,0,0,0,0,-9.800000000000011,54423.600000000006
M16982,M,25.950000000000045,35.650000000000034,90.0,1557.0,38.2,156.0,0,0,0,0,0,0,-9.699999999999989,59477.4
L48520,L,25.450000000000045,36.950000000000045,90.0,1569.0,36.3,10.0,0,0,0,0,0,0,-11.5,56954.7
L49053,L,25.150000000000034,34.950000000000045,90.0,1548.0,40.7,92.0,0,0,0,0,0,0,-9.800000000000011,63003.600000000006
H30587,H,25.55000000000001,37.150000000000034,90.0,1721.0,33.3,89.0,0,0,0,0,0,0,-11.600000000000023,57309.299999999996
M16888,M,25.55000000000001,35.450000000000045,90.0,1520.0,37.3,66.0,0,0,0,0,0,0,-9.900000000000034,56695.99999999999
L55573,L,25.350000000000023,36.25,90.0,1551.0,36.1,202.0,0,0,0,0,0,0,-10.899999999999977,55991.100000000006
L53197,L,27.650000000000034,37.650000000000034,90.0,1398.0,36.0,50.0,0,0,0,0,0,0,-10.0,50328.0
M20067,M,30.55000000000001,39.55000000000001,90.0,1364.0,46.6,166.0,0,0,0,0,0,0,-9.0,63562.4
L52897,L,29.150000000000034,38.85000000000002,90.0,1402.0,47.8,167.0,0,0,0,0,0,0,-9.699999999999989,67015.59999999999
L52157,L,30.55000000000001,39.55000000000001,90.0,1642.0,31.5,48.0,0,0,0,0,0,0,-9.0,51723.0
L47360,L,25.05000000000001,35.150000000000034,90.0,1475.0,42.4,47.0,0,0,0,0,0,0,-10.100000000000023,62540.0
L53257,L,27.75,37.650000000000034,90.0,1485.0,40.2,189.0,0,0,0,0,0,0,-9.900000000000034,59697.00000000001
L48894,L,25.05000000000001,34.650000000000034,90.0,1388.0,48.1,66.0,0,0,0,0,0,0,-9.600000000000023,66762.8
M24285,M,24.850000000000023,35.35000000000002,90.0,1567.0,35.8,28.0,0,0,0,0,0,0,-10.5,56098.6
M17132,M,25.950000000000045,35.150000000000034,90.0,1448.0,37.0,13.0,0,0,0,0,0,0,-9.199999999999989,53576.0
L49661,L,25.850000000000023,35.450000000000045,90.0,1511.0,41.7,175.0,0,0,0,0,0,0,-9.600000000000023,63008.700000000004
L56008,L,24.150000000000034,35.650000000000034,90.0,1664.0,28.9,162.0,0,0,0,0,0,0,-11.5,48089.6
L51655,L,29.55000000000001,37.35000000000002,90.0,1317.0,51.2,12.0,1,0,1,0,0,0,-7.800000000000011,67430.40000000001
H38258,H,24.25,35.75,90.0,1512.0,37.8,196.0,0,0,0,0,0,0,-11.5,57153.6
L54260,L,27.55000000000001,37.25,90.0,1445.0,41.3,0.0,0,0,0,0,0,0,-9.699999999999989,59678.49999999999
L53137,L,27.55000000000001,37.650000000000034,90.0,1637.0,37.2,96.0,0,0,0,0,0,0,-10.100000000000023,60896.4
L47513,L,24.350000000000023,35.05000000000001,90.0,1496.0,40.5,3.0,0,0,0,0,0,0,-10.699999999999989,60588.0
L54793,L,27.350000000000023,38.25,90.0,1432.0,42.9,52.0,0,0,0,0,0,0,-10.899999999999977,61432.799999999996
M20063,M,30.55000000000001,39.450000000000045,90.0,1359.0,54.6,163.0,0,0,0,0,0,0,-8.900000000000034,74201.40000000001
L55157,L,28.05000000000001,39.25,90.0,1465.0,43.1,95.0,0,0,0,0,0,0,-11.199999999999989,63141.5
L48438,L,24.350000000000023,35.75,90.0,1506.0,50.4,18.0,0,0,0,0,0,0,-11.399999999999977,75902.4
M23442,M,24.450000000000045,34.950000000000045,90.0,1559.0,35.7,156.0,0,0,0,0,0,0,-10.5,55656.3
L53866,L,28.55000000000001,37.85000000000002,90.0,1538.0,36.0,17.0,0,0,0,0,0,0,-9.300000000000011,55368.0
M16097,M,23.950000000000045,35.25,90.0,1563.0,37.4,0.0,0,0,0,0,0,0,-11.299999999999955,58456.2
L54641,L,26.850000000000023,38.150000000000034,90.0,1446.0,43.9,81.0,0,0,0,0,0,0,-11.300000000000011,63479.4
L53413,L,28.05000000000001,37.150000000000034,90.0,1467.0,37.1,153.0,0,0,0,0,0,0,-9.100000000000023,54425.700000000004
L53940,L,28.350000000000023,37.75,90.0,1413.0,41.5,196.0,0,0,0,0,0,0,-9.399999999999977,58639.5
L48993,L,24.950000000000045,34.55000000000001,90.0,1479.0,45.0,137.0,0,0,0,0,0,0,-9.599999999999966,66555.0
L50063,L,27.450000000000045,36.150000000000034,90.0,1479.0,40.8,55.0,0,0,0,0,0,0,-8.699999999999989,60343.2
L55263,L,26.950000000000045,38.25,90.0,1431.0,49.0,28.0,0,0,0,0,0,0,-11.299999999999955,70119.0
M17080,M,26.350000000000023,36.150000000000034,90.0,1398.0,48.1,130.0,0,0,0,0,0,0,-9.800000000000011,67243.8
L49054,L,25.150000000000034,34.85000000000002,90.0,1686.0,32.9,97.0,0,0,0,0,0,0,-9.699999999999989,55469.399999999994
L50538,L,28.25,37.450000000000045,90.0,1487.0,36.6,202.0,0,0,0,0,0,0,-9.200000000000045,54424.200000000004
L54687,L,27.350000000000023,38.75,90.0,1750.0,28.3,127.0,0,0,0,0,0,0,-11.399999999999977,49525.0
L54759,L,27.25,38.05000000000001,90.0,1530.0,34.9,173.0,0,0,0,0,0,0,-10.800000000000011,53397.0
L54063,L,27.850000000000023,38.150000000000034,90.0,1619.0,35.6,105.0,0,0,0,0,0,0,-10.300000000000011,57636.4
M17741,M,27.450000000000045,36.450000000000045,90.0,1619.0,32.8,50.0,0,0,0,0,0,0,-9.0,53103.2
L52566,L,29.75,39.25,90.0,1701.0,42.0,214.0,0,0,0,0,0,0,-9.5,71442.0
L56532,L,25.05000000000001,35.150000000000034,90.0,1426.0,39.2,35.0,0,0,0,0,0,0,-10.100000000000023,55899.200000000004
L53572,L,27.05000000000001,36.650000000000034,90.0,1580.0,39.4,155.0,0,0,0,0,0,0,-9.600000000000023,62252.0
L53302,L,27.850000000000023,37.85000000000002,90.0,1402.0,52.1,98.0,0,0,0,0,0,0,-10.0,73044.2
L55556,L,25.650000000000034,36.650000000000034,90.0,1487.0,49.3,137.0,0,0,0,0,0,0,-11.0,73309.09999999999
L48312,L,23.75,34.650000000000034,90.0,1271.0,61.4,125.0,0,0,0,0,0,0,-10.900000000000034,78039.4
L54437,L,27.150000000000034,37.25,90.0,1743.0,26.9,9.0,0,0,0,0,0,0,-10.099999999999966,46886.7
M16552,M,24.850000000000023,34.450000000000045,90.0,1513.0,36.7,72.0,0,0,0,0,0,0,-9.600000000000023,55527.100000000006
L54839,L,27.350000000000023,38.450000000000045,90.0,1330.0,59.9,76.0,0,0,0,0,0,0,-11.100000000000023,79667.0
L50854,L,28.950000000000045,38.25,90.0,1540.0,43.7,157.0,0,0,0,0,0,0,-9.299999999999955,67298.0
L55806,L,24.150000000000034,35.150000000000034,90.0,1731.0,30.6,41.0,0,0,0,0,0,0,-11.0,52968.600000000006
L52759,L,29.350000000000023,38.85000000000002,90.0,1595.0,32.0,32.0,0,0,0,0,0,0,-9.5,51040.0
L52757,L,29.25,38.85000000000002,90.0,1674.0,30.4,28.0,0,0,0,0,0,0,-9.600000000000023,50889.6
L49719,L,26.25,35.650000000000034,90.0,1426.0,45.8,86.0,0,0,0,0,0,0,-9.400000000000034,65310.799999999996
L51746,L,29.650000000000034,37.650000000000034,90.0,1402.0,50.5,2.0,0,0,0,0,0,0,-8.0,70801.0
H38860,H,24.950000000000045,35.75,90.0,1528.0,40.1,196.0,0,0,0,0,0,0,-10.799999999999955,61272.8
L55872,L,23.950000000000045,35.35000000000002,90.0,1487.0,36.4,198.0,0,0,0,0,0,0,-11.399999999999977,54126.799999999996
L55925,L,24.25,35.450000000000045,90.0,1411.0,39.4,138.0,0,0,0,0,0,0,-11.200000000000045,55593.4
L47409,L,25.150000000000034,35.35000000000002,90.0,1569.0,32.2,173.0,0,0,0,0,0,0,-10.199999999999989,50521.8
L53702,L,28.150000000000034,37.85000000000002,90.0,1419.0,47.9,17.0,0,0,0,0,0,0,-9.699999999999989,67970.09999999999
L56649,L,25.450000000000045,36.25,90.0,1541.0,33.2,147.0,0,0,0,0,0,0,-10.799999999999955,51161.200000000004
L49629,L,25.950000000000045,35.05000000000001,90.0,1466.0,43.2,81.0,0,0,0,0,0,0,-9.099999999999966,63331.200000000004
M20840,M,27.450000000000045,37.55000000000001,90.0,1654.0,38.8,180.0,0,0,0,0,0,0,-10.099999999999966,64175.2
L55376,L,26.25,37.650000000000034,90.0,1495.0,44.0,217.0,0,0,0,0,0,0,-11.400000000000034,65780.0
H32203,H,26.55000000000001,35.950000000000045,90.0,1383.0,59.2,208.0,0,0,0,0,0,0,-9.400000000000034,81873.6
L51585,L,29.150000000000034,36.950000000000045,90.0,1388.0,44.7,54.0,0,0,0,0,0,0,-7.800000000000011,62043.600000000006
L52005,L,30.25,38.75,90.0,1534.0,33.2,210.0,0,0,0,0,0,0,-8.5,50928.8
H32876,H,28.450000000000045,37.35000000000002,90.0,1786.0,32.4,35.0,0,0,0,0,0,0,-8.899999999999977,57866.399999999994
M23133,M,25.850000000000023,37.450000000000045,90.0,1363.0,50.0,192.0,0,0,0,0,0,0,-11.600000000000023,68150.0
L56013,L,24.150000000000034,35.55000000000001,90.0,1500.0,40.6,165.0,0,0,0,0,0,0,-11.399999999999977,60900.0
L56086,L,24.150000000000034,35.55000000000001,90.0,1403.0,49.3,158.0,0,0,0,0,0,0,-11.399999999999977,69167.9
M17146,M,26.25,35.55000000000001,90.0,1289.0,60.5,5.0,0,0,0,0,0,0,-9.300000000000011,77984.5
L48956,L,25.350000000000023,34.950000000000045,90.0,1460.0,44.1,34.0,0,0,0,0,0,0,-9.600000000000023,64386.0
M19020,M,28.850000000000023,37.25,90.0,1590.0,34.9,97.0,0,0,0,0,0,0,-8.399999999999977,55491.0
M16334,M,25.350000000000023,36.35000000000002,90.0,1530.0,37.9,136.0,0,0,0,0,0,0,-11.0,57987.0
M16368,M,24.850000000000023,35.450000000000045,90.0,1401.0,48.1,49.0,0,0,0,0,0,0,-10.600000000000023,67388.1
L50866,L,28.850000000000023,37.950000000000045,90.0,1406.0,50.5,44.0,0,0,0,0,0,0,-9.100000000000023,71003.0
L51231,L,28.650000000000034,37.650000000000034,90.0,1573.0,46.4,13.0,0,0,0,0,0,0,-9.0,72987.2
L53290,L,27.55000000000001,37.650000000000034,90.0,1534.0,41.3,7.0,0,0,0,0,0,0,-10.100000000000023,63354.2
L54901,L,27.350000000000023,38.55000000000001,90.0,1479.0,39.6,201.0,0,0,0,0,0,0,-11.199999999999989,58568.4
L53255,L,27.850000000000023,37.75,90.0,1451.0,43.3,197.0,0,0,0,0,0,0,-9.899999999999977,62828.299999999996
M23593,M,24.25,35.650000000000034,90.0,1538.0,36.9,204.0,1,1,0,0,0,0,-11.400000000000034,56752.2
M22952,M,27.05000000000001,38.35000000000002,90.0,1513.0,40.8,157.0,0,0,0,0,0,0,-11.300000000000011,61730.399999999994
M16911,M,26.25,36.05000000000001,90.0,1470.0,47.5,133.0,0,0,0,0,0,0,-9.800000000000011,69825.0
L54971,L,27.25,38.450000000000045,90.0,1373.0,47.7,0.0,0,0,0,0,0,0,-11.200000000000045,65492.100000000006
L51945,L,30.75,39.55000000000001,90.0,1546.0,37.0,64.0,0,0,0,0,0,0,-8.800000000000011,57202.0
L56917,L,25.75,36.85000000000002,90.0,1425.0,47.9,121.0,0,0,0,0,0,0,-11.100000000000023,68257.5
L55758,L,24.350000000000023,35.05000000000001,90.0,1578.0,36.4,141.0,0,0,0,0,0,0,-10.699999999999989,57439.2
H35426,H,27.650000000000034,37.55000000000001,90.0,1416.0,44.2,173.0,0,0,0,0,0,0,-9.899999999999977,62587.200000000004
L57018,L,25.25,36.150000000000034,90.0,1395.0,48.9,122.0,0,0,0,0,0,0,-10.900000000000034,68215.5
L48526,L,25.450000000000045,36.950000000000045,90.0,1533.0,33.9,92.0,0,0,0,0,0,0,-11.5,51968.7
L54071,L,27.75,38.35000000000002,90.0,1505.0,46.0,129.0,0,0,0,0,0,0,-10.600000000000023,69230.0
L48929,L,24.850000000000023,34.650000000000034,90.0,1417.0,50.2,59.0,0,0,0,0,0,0,-9.800000000000011,71133.40000000001
L54667,L,27.150000000000034,38.450000000000045,90.0,1336.0,47.0,158.0,0,0,0,0,0,0,-11.300000000000011,62792.0
M15557,M,24.450000000000045,35.650000000000034,90.0,1734.0,26.8,70.0,0,0,0,0,0,0,-11.199999999999989,46471.200000000004
M23210,M,25.55000000000001,36.450000000000045,90.0,1453.0,48.1,186.0,0,0,0,0,0,0,-10.900000000000034,69889.3
L53631,L,27.55000000000001,37.05000000000001,90.0,1653.0,27.5,10.0,0,0,0,0,0,0,-9.5,45457.5
M22124,M,26.450000000000045,37.55000000000001,90.0,1448.0,37.4,80.0,0,0,0,0,0,0,-11.099999999999966,54155.2
L56256,L,24.05000000000001,34.950000000000045,90.0,1566.0,31.2,152.0,0,0,0,0,0,0,-10.900000000000034,48859.2
M18625,M,29.25,37.950000000000045,90.0,1622.0,34.8,178.0,0,0,0,0,0,0,-8.700000000000045,56445.6
L55988,L,24.25,35.55000000000001,90.0,1582.0,34.1,88.0,0,0,0,0,0,0,-11.300000000000011,53946.200000000004
L56911,L,25.75,36.950000000000045,90.0,1492.0,40.2,25.0,0,0,0,0,0,0,-11.200000000000045,59978.4
L55863,L,24.05000000000001,35.35000000000002,90.0,1447.0,42.3,188.0,0,0,0,0,0,0,-11.300000000000011,61208.1
L50762,L,28.450000000000045,37.35000000000002,90.0,1513.0,40.1,127.0,0,0,0,0,0,0,-8.899999999999977,60671.3
L52382,L,30.55000000000001,39.55000000000001,90.0,1335.0,61.0,161.0,0,0,0,0,0,0,-9.0,81435.0
L54215,L,27.55000000000001,37.450000000000045,90.0,1469.0,39.8,85.0,0,0,0,0,0,0,-9.900000000000034,58466.2
L50922,L,29.25,38.05000000000001,90.0,1363.0,35.0,68.0,0,0,0,0,0,0,-8.800000000000011,47705.0
M15369,M,24.350000000000023,36.150000000000034,90.0,1511.0,37.6,135.0,0,0,0,0,0,0,-11.800000000000011,56813.6
L53434,L,27.650000000000034,37.05000000000001,90.0,1564.0,35.2,202.0,0,0,0,0,0,0,-9.399999999999977,55052.8
H38784,H,24.75,34.85000000000002,90.0,1452.0,44.8,77.0,0,0,0,0,0,0,-10.100000000000023,65049.6
M17062,M,26.650000000000034,35.85000000000002,90.0,1439.0,40.7,96.0,0,0,0,0,0,0,-9.199999999999989,58567.3
L57141,L,25.05000000000001,34.75,90.0,1399.0,54.9,17.0,0,0,0,0,0,0,-9.699999999999989,76805.09999999999
L52837,L,29.150000000000034,38.35000000000002,90.0,1630.0,32.8,7.0,0,0,0,0,0,0,-9.199999999999989,53463.99999999999
L47706,L,24.450000000000045,36.450000000000045,90.0,1529.0,36.5,98.0,0,0,0,0,0,0,-12.0,55808.5
L55897,L,23.950000000000045,35.55000000000001,90.0,1615.0,30.8,64.0,0,0,0,0,0,0,-11.599999999999966,49742.0
L52041,L,30.350000000000023,39.150000000000034,90.0,1499.0,41.7,112.0,0,0,0,0,0,0,-8.800000000000011,62508.3
L49655,L,25.75,35.35000000000002,90.0,1387.0,43.1,124.0,0,0,0,0,0,0,-9.600000000000023,59779.700000000004
M18537,M,29.150000000000034,37.85000000000002,90.0,1751.0,25.0,165.0,0,0,0,0,0,0,-8.699999999999989,43775.0
M21251,M,27.05000000000001,36.55000000000001,90.0,1337.0,52.1,137.0,0,0,0,0,0,0,-9.5,69657.7
L47892,L,24.350000000000023,35.55000000000001,90.0,1515.0,38.1,0.0,0,0,0,0,0,0,-11.199999999999989,57721.5
L48005,L,23.350000000000023,34.25,90.0,1618.0,36.7,195.0,0,0,0,0,0,0,-10.899999999999977,59380.600000000006
L48056,L,22.55000000000001,33.150000000000034,90.0,1408.0,45.5,104.0,0,0,0,0,0,0,-10.600000000000023,64064.0
L56594,L,24.850000000000023,35.450000000000045,90.0,1539.0,37.0,168.0,0,0,0,0,0,0,-10.600000000000023,56943.0
L47878,L,24.450000000000045,35.650000000000034,90.0,1539.0,40.2,166.0,0,0,0,0,0,0,-11.199999999999989,61867.8
M15664,M,23.75,34.650000000000034,90.0,1286.0,55.0,105.0,0,0,0,0,0,0,-10.900000000000034,70730.0
L49314,L,26.150000000000034,35.85000000000002,90.0,1578.0,33.1,146.0,0,0,0,0,0,0,-9.699999999999989,52231.8
L56731,L,26.25,37.650000000000034,90.0,1391.0,44.9,112.0,0,0,0,0,0,0,-11.400000000000034,62455.9
L52990,L,28.150000000000034,37.85000000000002,90.0,1701.0,30.4,176.0,0,0,0,0,0,0,-9.699999999999989,51710.399999999994
L56800,L,25.75,36.85000000000002,90.0,1470.0,36.7,109.0,0,0,0,0,0,0,-11.100000000000023,53949.00000000001
L55736,L,25.05000000000001,35.85000000000002,90.0,1571.0,38.5,79.0,0,0,0,0,0,0,-10.800000000000011,60483.5
L55432,L,25.850000000000023,37.25,90.0,1519.0,37.7,127.0,0,0,0,0,0,0,-11.399999999999977,57266.3
L52976,L,28.55000000000001,37.950000000000045,90.0,1470.0,55.1,156.0,0,0,0,0,0,0,-9.400000000000034,80997.0
M16103,M,23.850000000000023,34.950000000000045,90.0,1533.0,33.4,192.0,0,0,0,0,0,0,-11.100000000000023,51202.2
L49108,L,24.950000000000045,34.85000000000002,90.0,1578.0,35.2,71.0,0,0,0,0,0,0,-9.899999999999977,55545.600000000006
L48527,L,25.55000000000001,37.05000000000001,90.0,1629.0,37.2,74.0,0,0,0,0,0,0,-11.5,60598.8
M16565,M,25.150000000000034,34.650000000000034,90.0,1608.0,32.6,92.0,0,0,0,0,0,0,-9.5,52420.8
L47418,L,25.05000000000001,34.950000000000045,90.0,1351.0,54.9,66.0,0,0,0,0,0,0,-9.900000000000034,74169.9
L55630,L,25.25,36.85000000000002,90.0,1438.0,44.2,13.0,0,0,0,0,0,0,-11.600000000000023,63559.600000000006
L47768,L,24.450000000000045,36.25,90.0,1376.0,50.5,229.0,0,0,0,0,0,0,-11.799999999999955,69488.0
L48773,L,24.850000000000023,35.75,90.0,1518.0,33.7,211.0,0,0,0,0,0,0,-10.899999999999977,51156.600000000006
L54272,L,27.55000000000001,37.05000000000001,90.0,1657.0,35.9,10.0,0,0,0,0,0,0,-9.5,59486.299999999996
L48259,L,23.850000000000023,34.55000000000001,90.0,1524.0,28.5,76.0,0,0,0,0,0,0,-10.699999999999989,43434.0
L53162,L,27.55000000000001,37.650000000000034,90.0,1430.0,37.1,186.0,0,0,0,0,0,0,-10.100000000000023,53053.0
L56317,L,24.450000000000045,35.450000000000045,90.0,1384.0,42.6,24.0,0,0,0,0,0,0,-11.0,58958.4
L48789,L,24.55000000000001,34.55000000000001,90.0,1581.0,53.6,56.0,0,0,0,0,0,0,-10.0,84741.6
M17161,M,26.150000000000034,35.450000000000045,90.0,1804.0,27.1,74.0,0,0,0,0,0,0,-9.300000000000011,48888.4
L47527,L,24.450000000000045,35.150000000000034,90.0,1608.0,33.1,37.0,0,0,0,0,0,0,-10.699999999999989,53224.8
L53981,L,28.05000000000001,37.55000000000001,90.0,1692.0,29.8,181.0,0,0,0,0,0,0,-9.5,50421.6
M23711,M,24.55000000000001,35.75,90.0,1373.0,40.2,9.0,0,0,0,0,0,0,-11.199999999999989,55194.600000000006
M20073,M,30.75,39.55000000000001,90.0,1412.0,47.2,189.0,0,0,0,0,0,0,-8.800000000000011,66646.40000000001
L56306,L,24.25,35.35000000000002,90.0,1477.0,38.5,74.0,0,0,0,0,0,0,-11.100000000000023,56864.5
L53236,L,27.55000000000001,37.650000000000034,90.0,1634.0,28.9,7.0,0,0,0,0,0,0,-10.100000000000023,47222.6
L48224,L,23.25,34.35000000000002,90.0,1368.0,53.8,88.0,0,0,0,0,0,0,-11.100000000000023,73598.4
M24321,M,25.25,36.05000000000001,90.0,1397.0,45.3,128.0,0,0,0,0,0,0,-10.800000000000011,63284.1
L50508,L,28.450000000000045,37.450000000000045,90.0,1435.0,47.3,0.0,0,0,0,0,0,0,-9.0,67875.5
M15171,M,24.850000000000023,35.150000000000034,90.0,1491.0,38.5,165.0,0,0,0,0,0,0,-10.300000000000011,57403.5
L55508,L,25.450000000000045,36.35000000000002,90.0,1689.0,29.8,129.0,0,0,0,0,0,0,-10.899999999999977,50332.200000000004
M23146,M,25.650000000000034,37.450000000000045,90.0,1680.0,32.7,4.0,0,0,0,0,0,0,-11.800000000000011,54936.00000000001
L51106,L,29.450000000000045,38.450000000000045,90.0,1608.0,34.2,160.0,0,0,0,0,0,0,-9.0,54993.600000000006
M23357,M,25.150000000000034,36.25,90.0,1534.0,34.2,135.0,0,0,0,0,0,0,-11.099999999999966,52462.8
L49235,L,26.450000000000045,36.25,90.0,1643.0,32.9,114.0,0,0,0,0,0,0,-9.799999999999955,54054.7
L55446,L,25.850000000000023,37.450000000000045,90.0,1533.0,39.5,173.0,0,0,0,0,0,0,-11.600000000000023,60553.5
L56134,L,24.150000000000034,34.950000000000045,90.0,1631.0,34.0,61.0,0,0,0,0,0,0,-10.800000000000011,55454.0
L50309,L,26.950000000000045,36.35000000000002,90.0,1434.0,42.7,126.0,0,0,0,0,0,0,-9.399999999999977,61231.8
L48365,L,24.150000000000034,35.150000000000034,90.0,1491.0,38.5,29.0,0,0,0,0,0,0,-11.0,57403.5
L53345,L,27.75,37.55000000000001,90.0,1377.0,35.8,205.0,0,0,0,0,0,0,-9.800000000000011,49296.6
M20933,M,27.75,37.650000000000034,90.0,1695.0,30.2,191.0,0,0,0,0,0,0,-9.900000000000034,51189.0
L47438,L,24.950000000000045,35.05000000000001,90.0,1482.0,43.0,17.0,0,0,0,0,0,0,-10.099999999999966,63726.0
M21957,M,27.450000000000045,37.05000000000001,90.0,1606.0,32.3,26.0,0,0,0,0,0,0,-9.599999999999966,51873.799999999996
L53330,L,27.950000000000045,37.950000000000045,90.0,1362.0,46.6,170.0,0,0,0,0,0,0,-10.0,63469.200000000004
M20039,M,30.850000000000023,40.05000000000001,90.0,1481.0,42.5,101.0,0,0,0,0,0,0,-9.199999999999989,62942.5
L50415,L,26.850000000000023,36.450000000000045,90.0,1489.0,42.3,111.0,0,0,0,0,0,0,-9.600000000000023,62984.7
H33553,H,29.150000000000034,37.05000000000001,90.0,1391.0,49.5,42.0,1,0,1,0,0,0,-7.899999999999977,68854.5
L51572,L,29.05000000000001,36.950000000000045,90.0,1490.0,46.4,0.0,0,0,0,0,0,0,-7.900000000000034,69136.0
L54977,L,26.850000000000023,38.25,90.0,1410.0,51.7,92.0,0,0,0,0,0,0,-11.399999999999977,72897.0
M19660,M,30.450000000000045,39.35000000000002,90.0,1524.0,40.9,74.0,0,0,0,0,0,0,-8.899999999999977,62331.6
M17482,M,26.55000000000001,36.150000000000034,90.0,1642.0,30.3,80.0,0,0,0,0,0,0,-9.600000000000023,49752.6
M18175,M,28.450000000000045,37.450000000000045,90.0,1529.0,42.5,100.0,0,0,0,0,0,0,-9.0,64982.5
L50285,L,26.650000000000034,35.950000000000045,90.0,1402.0,49.4,202.0,0,0,0,0,0,0,-9.300000000000011,69258.8
M19947,M,30.850000000000023,39.85000000000002,90.0,1367.0,47.7,206.0,0,0,0,0,0,0,-9.0,65205.9
H38479,H,24.05000000000001,35.25,90.0,1490.0,39.7,119.0,0,0,0,0,0,0,-11.199999999999989,59153.00000000001
M22532,M,27.350000000000023,38.450000000000045,90.0,1312.0,52.1,196.0,0,0,0,0,0,0,-11.100000000000023,68355.2
L50923,L,29.350000000000023,38.25,90.0,1479.0,24.6,124.0,0,0,0,0,0,0,-8.899999999999977,36383.4
L55266,L,27.05000000000001,38.25,90.0,1542.0,39.0,47.0,0,0,0,0,0,0,-11.199999999999989,60138.0
L54071,L,27.75,38.35000000000002,90.0,1557.0,31.4,197.0,0,0,0,0,0,0,-10.600000000000023,48889.799999999996
L47230,L,25.75,35.950000000000045,90.0,1412.0,51.7,143.0,0,0,0,0,0,0,-10.200000000000045,73000.40000000001
L56333,L,24.350000000000023,35.450000000000045,90.0,1446.0,41.0,139.0,0,0,0,0,0,0,-11.100000000000023,59286.0
L53911,L,28.25,37.75,90.0,1426.0,45.1,137.0,0,0,0,0,0,0,-9.5,64312.6
M17146,M,26.25,35.55000000000001,90.0,1492.0,45.7,104.0,0,0,0,0,0,0,-9.300000000000011,68184.40000000001
L49304,L,26.05000000000001,35.75,90.0,1492.0,40.2,17.0,0,0,0,0,0,0,-9.699999999999989,59978.4
H34464,H,30.850000000000023,39.85000000000002,90.0,1615.0,32.5,161.0,0,0,0,0,0,0,-9.0,52487.5
M24593,M,25.75,36.85000000000002,90.0,1563.0,44.7,13.0,0,0,0,0,0,0,-11.100000000000023,69866.1
L54187,L,27.350000000000023,37.450000000000045,90.0,1478.0,45.2,8.0,0,0,0,0,0,0,-10.100000000000023,66805.6
L54262,L,27.55000000000001,37.25,90.0,1758.0,25.7,207.0,0,0,0,0,0,0,-9.699999999999989,45180.6
L55982,L,24.25,35.450000000000045,90.0,1571.0,43.1,166.0,0,0,0,0,0,0,-11.200000000000045,67710.1
L51548,L,28.850000000000023,36.85000000000002,90.0,1664.0,36.3,109.0,0,0,0,0,0,0,-8.0,60403.2
L53112,L,27.55000000000001,37.35000000000002,90.0,1496.0,46.5,52.0,0,0,0,0,0,0,-9.800000000000011,69564.0
L54255,L,27.55000000000001,37.35000000000002,90.0,1563.0,35.7,192.0,0,0,0,0,0,0,-9.800000000000011,55799.100000000006
L49197,L,25.55000000000001,35.35000000000002,90.0,1498.0,46.7,50.0,0,0,0,0,0,0,-9.800000000000011,69956.6
L50532,L,28.350000000000023,37.650000000000034,90.0,1452.0,45.5,187.0,0,0,0,0,0,0,-9.300000000000011,66066.0
M16340,M,24.850000000000023,36.150000000000034,90.0,1644.0,33.9,70.0,0,0,0,0,0,0,-11.300000000000011,55731.6
M21690,M,27.850000000000023,37.75,90.0,1359.0,46.3,180.0,0,0,0,0,0,0,-9.899999999999977,62921.7
H32860,H,28.450000000000045,37.450000000000045,90.0,1400.0,49.5,166.0,0,0,0,0,0,0,-9.0,69300.0
H31817,H,26.05000000000001,35.55000000000001,90.0,1353.0,51.4,176.0,0,0,0,0,0,0,-9.5,69544.2
M17017,M,26.350000000000023,35.85000000000002,90.0,1648.0,29.8,204.0,0,0,0,0,0,0,-9.5,49110.4
L55564,L,25.650000000000034,36.55000000000001,90.0,1601.0,36.9,100.0,0,0,0,0,0,0,-10.899999999999977,59076.899999999994
M24081,M,24.650000000000034,35.85000000000002,90.0,1525.0,37.0,196.0,0,0,0,0,0,0,-11.199999999999989,56425.0
L56927,L,25.650000000000034,36.950000000000045,90.0,1550.0,43.5,187.0,0,0,0,0,0,0,-11.300000000000011,67425.0
L47786,L,23.850000000000023,34.75,90.0,1435.0,45.7,38.0,0,0,0,0,0,0,-10.899999999999977,65579.5
L54052,L,27.850000000000023,38.150000000000034,90.0,1472.0,37.3,166.0,0,0,0,0,0,0,-10.300000000000011,54905.6
L50983,L,29.05000000000001,37.650000000000034,90.0,1531.0,37.5,60.0,0,0,0,0,0,0,-8.600000000000023,57412.5
L56448,L,25.05000000000001,35.55000000000001,90.0,1666.0,31.5,30.0,0,0,0,0,0,0,-10.5,52479.0
L49902,L,26.450000000000045,36.25,90.0,1458.0,38.4,115.0,0,0,0,0,0,0,-9.799999999999955,55987.2
L55669,L,25.25,36.25,90.0,1422.0,47.6,121.0,0,0,0,0,0,0,-11.0,67687.2
M22770,M,27.650000000000034,39.05000000000001,90.0,1557.0,37.1,150.0,0,0,0,0,0,0,-11.399999999999977,57764.700000000004
L49885,L,26.55000000000001,36.05000000000001,90.0,1437.0,47.8,71.0,0,0,0,0,0,0,-9.5,68688.59999999999
H37290,H,27.55000000000001,39.05000000000001,90.0,1499.0,38.1,62.0,0,0,0,0,0,0,-11.5,57111.9
L48361,L,24.150000000000034,35.25,90.0,1332.0,42.4,21.0,0,0,0,0,0,0,-11.099999999999966,56476.799999999996
L55884,L,24.25,35.35000000000002,90.0,1627.0,31.1,35.0,0,0,0,0,0,0,-11.100000000000023,50599.700000000004
L54753,L,27.150000000000034,37.950000000000045,90.0,1496.0,41.2,160.0,0,0,0,0,0,0,-10.800000000000011,61635.200000000004
M24711,M,25.450000000000045,36.35000000000002,90.0,1353.0,49.2,198.0,0,0,0,0,0,0,-10.899999999999977,66567.6
L53121,L,27.55000000000001,37.55000000000001,90.0,1708.0,28.9,78.0,0,0,0,0,0,0,-10.0,49361.2
L48604,L,25.55000000000001,36.650000000000034,90.0,1462.0,47.3,4.0,0,0,0,0,0,0,-11.100000000000023,69152.59999999999
L51443,L,29.25,37.85000000000002,90.0,1465.0,40.1,139.0,0,0,0,0,0,0,-8.600000000000023,58746.5
M20449,M,29.350000000000023,38.75,90.0,1492.0,37.6,57.0,0,0,0,0,0,0,-9.399999999999977,56099.200000000004
L55512,L,25.650000000000034,36.55000000000001,90.0,1390.0,48.0,190.0,0,0,0,0,0,0,-10.899999999999977,66720.0
L50475,L,27.950000000000045,37.25,90.0,1496.0,43.4,54.0,0,0,0,0,0,0,-9.299999999999955,64926.4
L53886,L,28.350000000000023,37.55000000000001,90.0,1750.0,26.0,70.0,0,0,0,0,0,0,-9.199999999999989,45500.0
L55268,L,26.950000000000045,38.450000000000045,90.0,1369.0,54.8,149.0,0,0,0,0,0,0,-11.5,75021.2
L50468,L,28.150000000000034,36.950000000000045,90.0,1662.0,31.0,94.0,0,0,0,0,0,0,-8.800000000000011,51522.0
L47839,L,24.450000000000045,35.85000000000002,90.0,1449.0,49.1,174.0,0,0,0,0,0,0,-11.399999999999977,71145.90000000001
L49320,L,26.150000000000034,35.75,90.0,1432.0,43.4,158.0,0,0,0,0,0,0,-9.599999999999966,62148.799999999996
M15136,M,24.850000000000023,34.75,90.0,1680.0,34.6,67.0,0,0,0,0,0,0,-9.899999999999977,58128.0
L55001,L,26.75,38.150000000000034,90.0,1540.0,37.9,181.0,0,0,0,0,0,0,-11.400000000000034,58366.0
L48894,L,25.05000000000001,34.650000000000034,90.0,1388.0,44.1,33.0,0,0,0,0,0,0,-9.600000000000023,61210.8
L54925,L,27.350000000000023,38.55000000000001,90.0,1460.0,39.6,175.0,0,0,0,0,0,0,-11.199999999999989,57816.0
H37117,H,27.350000000000023,38.25,90.0,1674.0,27.7,46.0,0,0,0,0,0,0,-10.899999999999977,46369.799999999996
L50007,L,27.25,36.150000000000034,90.0,1543.0,38.1,148.0,0,0,0,0,0,0,-8.900000000000034,58788.3
M18391,M,28.75,37.75,90.0,1459.0,35.8,3.0,0,0,0,0,0,0,-9.0,52232.2
L48181,L,23.150000000000034,33.950000000000045,90.0,1443.0,41.7,186.0,0,0,0,0,0,0,-10.800000000000011,60173.100000000006
L48892,L,25.150000000000034,34.75,90.0,1341.0,52.4,166.0,0,0,0,0,0,0,-9.599999999999966,70268.4
M16361,M,24.850000000000023,35.75,90.0,1514.0,42.3,201.0,0,0,0,0,0,0,-10.899999999999977,64042.2
L54275,L,27.450000000000045,36.950000000000045,90.0,1485.0,49.9,137.0,1,0,0,1,0,0,-9.5,74101.5
L55991,L,24.05000000000001,35.35000000000002,90.0,1366.0,50.0,95.0,0,0,0,0,0,0,-11.300000000000011,68300.0
L55758,L,24.350000000000023,35.05000000000001,90.0,1491.0,42.4,141.0,0,0,0,0,0,0,-10.699999999999989,63218.4
L49246,L,26.55000000000001,36.450000000000045,90.0,1680.0,29.4,133.0,0,0,0,0,0,0,-9.900000000000034,49392.0
L53204,L,27.450000000000045,37.35000000000002,90.0,1601.0,34.6,66.0,0,0,0,0,0,0,-9.899999999999977,55394.600000000006
M18247,M,28.450000000000045,37.450000000000045,90.0,1393.0,47.9,63.0,0,0,0,0,0,0,-9.0,66724.7
L47930,L,23.55000000000001,34.85000000000002,90.0,1416.0,36.8,210.0,0,0,0,0,0,0,-11.300000000000011,52108.799999999996
L57078,L,25.75,36.85000000000002,90.0,1447.0,45.6,178.0,0,0,0,0,0,0,-11.100000000000023,65983.2
M18107,M,28.25,37.35000000000002,90.0,1657.0,31.1,176.0,0,0,0,0,0,0,-9.100000000000023,51532.700000000004
L55020,L,27.05000000000001,38.450000000000045,90.0,1495.0,42.4,199.0,0,0,0,0,0,0,-11.400000000000034,63388.0
L51964,L,30.75,39.450000000000045,90.0,1641.0,40.0,127.0,0,0,0,0,0,0,-8.700000000000045,65640.0
L50890,L,29.05000000000001,38.35000000000002,90.0,1754.0,28.5,35.0,0,0,0,0,0,0,-9.300000000000011,49989.0
L51651,L,29.650000000000034,37.35000000000002,90.0,1260.0,50.1,2.0,0,0,0,0,0,0,-7.699999999999989,63126.0
M17056,M,26.55000000000001,36.05000000000001,90.0,1426.0,47.5,0.0,0,0,0,0,0,0,-9.5,67735.0
L54037,L,27.650000000000034,37.950000000000045,90.0,1335.0,49.6,129.0,0,0,0,0,0,0,-10.300000000000011,66216.0
M19468,M,29.850000000000023,38.05000000000001,90.0,1521.0,38.0,73.0,0,0,0,0,0,0,-8.199999999999989,57798.0
L56258,L,24.150000000000034,34.950000000000045,90.0,1566.0,35.7,0.0,0,0,0,0,0,0,-10.800000000000011,55906.200000000004
L54514,L,26.650000000000034,37.25,90.0,1429.0,44.4,204.0,0,0,0,0,0,0,-10.599999999999966,63447.6
L48397,L,24.150000000000034,34.85000000000002,90.0,1483.0,40.0,51.0,0,0,0,0,0,0,-10.699999999999989,59320.0
L50756,L,28.450000000000045,37.55000000000001,90.0,1383.0,53.0,116.0,0,0,0,0,0,0,-9.099999999999966,73299.0
M19974,M,31.05000000000001,40.25,90.0,1389.0,53.1,136.0,0,0,0,0,0,0,-9.199999999999989,73755.90000000001
L53466,L,27.850000000000023,37.450000000000045,90.0,1611.0,35.2,70.0,0,0,0,0,0,0,-9.600000000000023,56707.200000000004
M16354,M,24.850000000000023,35.150000000000034,90.0,1560.0,33.3,181.0,0,0,0,0,0,0,-10.300000000000011,51947.99999999999
L53601,L,27.150000000000034,36.75,90.0,1527.0,33.9,2.0,0,0,0,0,0,0,-9.599999999999966,51765.299999999996
L55701,L,25.25,36.450000000000045,90.0,1376.0,50.4,202.0,0,0,0,0,0,0,-11.200000000000045,69350.4
L51742,L,29.650000000000034,37.650000000000034,90.0,1603.0,36.8,126.0,0,0,0,0,0,0,-8.0,58990.399999999994
L55217,L,27.55000000000001,38.650000000000034,90.0,1589.0,34.1,17.0,0,0,0,0,0,0,-11.100000000000023,54184.9
L47757,L,24.55000000000001,36.55000000000001,90.0,1386.0,50.7,196.0,0,0,0,0,0,0,-12.0,70270.2
L49095,L,24.850000000000023,34.55000000000001,90.0,1610.0,33.2,202.0,0,0,0,0,0,0,-9.699999999999989,53452.00000000001
H35313,H,27.75,37.450000000000045,90.0,1559.0,36.0,129.0,0,0,0,0,0,0,-9.700000000000045,56124.0
L52144,L,30.75,39.55000000000001,90.0,1559.0,33.9,188.0,0,0,0,0,0,0,-8.800000000000011,52850.1
L50734,L,28.650000000000034,37.75,90.0,1571.0,34.8,51.0,0,0,0,0,0,0,-9.099999999999966,54670.799999999996
M20509,M,29.150000000000034,38.650000000000034,90.0,1486.0,40.5,149.0,0,0,0,0,0,0,-9.5,60183.0
L53889,L,28.350000000000023,37.55000000000001,90.0,1481.0,43.7,77.0,0,0,0,0,0,0,-9.199999999999989,64719.700000000004
L53158,L,27.350000000000023,37.55000000000001,90.0,1602.0,38.1,176.0,0,0,0,0,0,0,-10.199999999999989,61036.200000000004
M22466,M,27.25,38.150000000000034,90.0,1355.0,50.3,31.0,0,0,0,0,0,0,-10.900000000000034,68156.5
M20840,M,27.450000000000045,37.55000000000001,90.0,1654.0,33.1,180.0,0,0,0,0,0,0,-10.099999999999966,54747.4
L52665,L,29.450000000000045,39.150000000000034,90.0,1344.0,46.1,206.0,0,0,0,0,0,0,-9.699999999999989,61958.4
L57025,L,25.150000000000034,35.950000000000045,90.0,1421.0,47.4,28.0,0,0,0,0,0,0,-10.800000000000011,67355.4
M22873,M,27.75,38.85000000000002,90.0,1403.0,43.6,98.0,0,0,0,0,0,0,-11.100000000000023,61170.8
M21748,M,27.75,38.25,90.0,1434.0,45.4,155.0,0,0,0,0,0,0,-10.5,65103.6
M20539,M,29.05000000000001,38.55000000000001,90.0,1466.0,24.8,66.0,0,0,0,0,0,0,-9.5,36356.8
L49954,L,26.950000000000045,36.25,90.0,1748.0,28.9,24.0,0,0,0,0,0,0,-9.299999999999955,50517.2
L50147,L,27.450000000000045,36.25,90.0,1348.0,51.6,71.0,0,0,0,0,0,0,-8.799999999999955,69556.8
L55255,L,27.25,38.85000000000002,90.0,1474.0,48.1,119.0,0,0,0,0,0,0,-11.600000000000023,70899.40000000001
L47905,L,24.25,35.650000000000034,90.0,1470.0,44.1,142.0,0,0,0,0,0,0,-11.400000000000034,64827.0
M15174,M,24.75,35.25,90.0,1500.0,42.4,172.0,0,0,0,0,0,0,-10.5,63600.0
L48795,L,24.650000000000034,34.650000000000034,90.0,1488.0,46.6,179.0,0,0,0,0,0,0,-10.0,69340.8
M17095,M,26.450000000000045,35.450000000000045,90.0,1492.0,51.0,210.0,0,0,0,0,0,0,-9.0,76092.0
L53744,L,28.25,37.55000000000001,90.0,1493.0,37.3,157.0,0,0,0,0,0,0,-9.300000000000011,55688.899999999994
L56058,L,24.350000000000023,36.05000000000001,90.0,1596.0,31.2,119.0,0,0,0,0,0,0,-11.699999999999989,49795.2
L54668,L,27.150000000000034,38.55000000000001,90.0,1434.0,43.5,187.0,0,0,0,0,0,0,-11.399999999999977,62379.0
L55297,L,27.150000000000034,38.55000000000001,90.0,1457.0,46.0,14.0,0,0,0,0,0,0,-11.399999999999977,67022.0
L54959,L,26.950000000000045,38.35000000000002,90.0,1397.0,42.7,80.0,0,0,0,0,0,0,-11.399999999999977,59651.9
H38287,H,24.05000000000001,34.75,90.0,1541.0,35.7,169.0,0,0,0,0,0,0,-10.699999999999989,55013.700000000004
L55257,L,27.150000000000034,38.85000000000002,90.0,1499.0,39.1,113.0,0,0,0,0,0,0,-11.699999999999989,58610.9
L54543,L,26.350000000000023,36.85000000000002,90.0,1578.0,38.7,56.0,0,0,0,0,0,0,-10.5,61068.600000000006
L54367,L,27.150000000000034,37.25,90.0,1630.0,32.4,46.0,0,0,0,0,0,0,-10.099999999999966,52812.0
L47256,L,25.75,36.150000000000034,90.0,1807.0,21.9,47.0,0,0,0,0,0,0,-10.400000000000034,39573.299999999996
L50781,L,28.55000000000001,37.35000000000002,90.0,1471.0,45.1,104.0,0,0,0,0,0,0,-8.800000000000011,66342.1
L50092,L,27.55000000000001,36.450000000000045,90.0,1661.0,30.3,104.0,0,0,0,0,0,0,-8.900000000000034,50328.3
L49079,L,24.75,34.35000000000002,90.0,1627.0,31.0,158.0,0,0,0,0,0,0,-9.600000000000023,50437.0
M18808,M,29.05000000000001,38.150000000000034,90.0,1510.0,37.1,181.0,0,0,0,0,0,0,-9.100000000000023,56021.0
L57053,L,25.75,36.650000000000034,90.0,1418.0,36.5,171.0,0,0,0,0,0,0,-10.900000000000034,51757.0
H34966,H,29.350000000000023,38.85000000000002,90.0,1659.0,34.9,177.0,0,0,0,0,0,0,-9.5,57899.1
L55384,L,26.05000000000001,37.75,90.0,1434.0,45.8,10.0,0,0,0,0,0,0,-11.699999999999989,65677.2
L48448,L,24.850000000000023,36.35000000000002,90.0,1498.0,37.5,46.0,0,0,0,0,0,0,-11.5,56175.0
M23759,M,24.150000000000034,35.450000000000045,90.0,1531.0,35.6,136.0,0,0,0,0,0,0,-11.300000000000011,54503.6
L47981,L,23.75,34.650000000000034,90.0,1533.0,52.1,100.0,0,0,0,0,0,0,-10.900000000000034,79869.3
M22016,M,27.05000000000001,36.85000000000002,90.0,1541.0,38.9,33.0,0,0,0,0,0,0,-9.800000000000011,59944.899999999994
L54029,L,27.950000000000045,38.150000000000034,90.0,1498.0,42.9,11.0,0,0,0,0,0,0,-10.199999999999989,64264.2
L54724,L,26.950000000000045,38.150000000000034,90.0,1628.0,35.9,84.0,0,0,0,0,0,0,-11.199999999999989,58445.2
L50144,L,27.55000000000001,36.35000000000002,90.0,1492.0,38.3,64.0,0,0,0,0,0,0,-8.800000000000011,57143.6
L56602,L,24.950000000000045,35.05000000000001,90.0,1654.0,27.9,20.0,0,0,0,0,0,0,-10.099999999999966,46146.6
L49605,L,25.650000000000034,35.05000000000001,90.0,1472.0,43.0,28.0,0,0,0,0,0,0,-9.399999999999977,63296.0
L53307,L,27.75,37.75,90.0,1761.0,27.3,109.0,0,0,0,0,0,0,-10.0,48075.3
M23801,M,23.75,34.450000000000045,90.0,1441.0,54.1,100.0,0,0,0,0,0,0,-10.700000000000045,77958.1
L49086,L,24.75,34.450000000000045,90.0,1483.0,52.4,178.0,0,0,0,0,0,0,-9.700000000000045,77709.2
M22276,M,27.05000000000001,38.450000000000045,90.0,1454.0,54.1,190.0,0,0,0,0,0,0,-11.400000000000034,78661.40000000001
M17973,M,26.75,35.950000000000045,90.0,1355.0,48.2,0.0,0,0,0,0,0,0,-9.200000000000045,65311.00000000001
H39334,H,25.350000000000023,35.650000000000034,90.0,1450.0,39.2,66.0,0,0,0,0,0,0,-10.300000000000011,56840.00000000001
L48850,L,24.75,34.650000000000034,90.0,1698.0,28.5,124.0,0,0,0,0,0,0,-9.900000000000034,48393.0
L51090,L,29.25,38.25,90.0,1703.0,30.8,124.0,0,0,0,0,0,0,-9.0,52452.4
L48786,L,24.650000000000034,34.650000000000034,90.0,1456.0,44.8,146.0,0,0,0,0,0,0,-10.0,65228.799999999996
L53286,L,27.75,37.650000000000034,90.0,1469.0,45.6,191.0,0,0,0,0,0,0,-9.900000000000034,66986.40000000001
L54082,L,27.55000000000001,37.950000000000045,90.0,1430.0,46.3,154.0,0,0,0,0,0,0,-10.400000000000034,66209.0
L55447,L,26.05000000000001,37.450000000000045,90.0,1540.0,39.0,173.0,0,0,0,0,0,0,-11.400000000000034,60060.0
L55739,L,25.150000000000034,35.85000000000002,90.0,1349.0,54.1,96.0,0,0,0,0,0,0,-10.699999999999989,72980.90000000001
L53530,L,27.150000000000034,36.55000000000001,90.0,1362.0,49.1,17.0,0,0,0,0,0,0,-9.399999999999977,66874.2
L48892,L,25.150000000000034,34.75,90.0,1392.0,52.1,96.0,0,0,0,0,0,0,-9.599999999999966,72523.2
H33816,H,29.350000000000023,37.150000000000034,90.0,1724.0,27.9,191.0,0,0,0,0,0,0,-7.800000000000011,48099.6
L49079,L,24.650000000000034,34.35000000000002,90.0,1538.0,38.1,159.0,0,0,0,0,0,0,-9.699999999999989,58597.8
L53893,L,28.150000000000034,37.450000000000045,90.0,1416.0,45.1,88.0,0,0,0,0,0,0,-9.300000000000011,63861.6
L47602,L,24.150000000000034,35.150000000000034,90.0,1501.0,40.2,11.0,0,0,0,0,0,0,-11.0,60340.200000000004
M18755,M,29.05000000000001,38.05000000000001,90.0,1397.0,50.7,67.0,0,0,0,0,0,0,-9.0,70827.90000000001
M24082,M,24.75,35.85000000000002,90.0,1557.0,37.6,108.0,0,0,0,0,0,0,-11.100000000000023,58543.200000000004
L54973,L,26.950000000000045,38.35000000000002,90.0,1564.0,40.8,80.0,0,0,0,0,0,0,-11.399999999999977,63811.2
H33844,H,29.05000000000001,37.35000000000002,90.0,1526.0,39.4,115.0,0,0,0,0,0,0,-8.300000000000011,60124.4
L54250,L,27.55000000000001,37.450000000000045,90.0,1369.0,50.7,199.0,0,0,0,0,0,0,-9.900000000000034,69408.3
L53343,L,27.650000000000034,37.55000000000001,90.0,1427.0,43.4,0.0,0,0,0,0,0,0,-9.899999999999977,61931.799999999996
L56456,L,24.950000000000045,35.55000000000001,90.0,1566.0,37.1,191.0,0,0,0,0,0,0,-10.599999999999966,58098.600000000006
L47438,L,24.950000000000045,34.950000000000045,90.0,1540.0,43.7,203.0,0,0,0,0,0,0,-10.0,67298.0
L50552,L,28.25,37.650000000000034,90.0,1431.0,41.6,21.0,0,0,0,0,0,0,-9.400000000000034,59529.6
L55737,L,25.150000000000034,35.85000000000002,90.0,1598.0,36.3,166.0,0,0,0,0,0,0,-10.699999999999989,58007.399999999994
L51146,L,29.350000000000023,38.35000000000002,90.0,1555.0,33.6,168.0,0,0,0,0,0,0,-9.0,52248.0
L48348,L,23.950000000000045,34.950000000000045,90.0,1429.0,45.7,215.0,0,0,0,0,0,0,-11.0,65305.3
M17483,M,26.450000000000045,36.25,90.0,1467.0,40.2,70.0,0,0,0,0,0,0,-9.799999999999955,58973.4
M19806,M,30.55000000000001,39.35000000000002,90.0,1669.0,31.7,38.0,0,0,0,0,0,0,-8.800000000000011,52907.299999999996
L55326,L,26.450000000000045,37.75,90.0,1648.0,31.2,91.0,0,0,0,0,0,0,-11.299999999999955,51417.6
L47522,L,24.350000000000023,35.25,90.0,1430.0,45.1,25.0,0,0,0,0,0,0,-10.899999999999977,64493.0
L49077,L,24.650000000000034,34.25,90.0,1418.0,42.0,155.0,0,0,0,0,0,0,-9.599999999999966,59556.0
M18129,M,28.150000000000034,36.85000000000002,90.0,1696.0,49.5,202.0,0,0,0,0,0,0,-8.699999999999989,83952.0
L49078,L,24.650000000000034,34.35000000000002,90.0,1789.0,31.4,149.0,0,0,0,0,0,0,-9.699999999999989,56174.6
L52813,L,29.150000000000034,39.05000000000001,90.0,1447.0,47.5,166.0,0,0,0,0,0,0,-9.899999999999977,68732.5
L55451,L,25.950000000000045,37.25,90.0,1393.0,46.5,98.0,0,0,0,0,0,0,-11.299999999999955,64774.5
L52345,L,31.05000000000001,40.25,90.0,1439.0,44.4,56.0,0,0,0,0,0,0,-9.199999999999989,63891.6
L54114,L,27.450000000000045,38.25,90.0,1467.0,40.0,19.0,0,0,0,0,0,0,-10.799999999999955,58680.0
L56692,L,25.850000000000023,37.05000000000001,90.0,1565.0,36.1,42.0,0,0,0,0,0,0,-11.199999999999989,56496.5
M17043,M,26.450000000000045,36.150000000000034,90.0,1577.0,46.3,60.0,0,0,0,0,0,0,-9.699999999999989,73015.09999999999
L51214,L,28.850000000000023,37.650000000000034,90.0,1495.0,39.0,235.0,1,1,0,0,0,0,-8.800000000000011,58305.0
M15163,M,24.650000000000034,35.25,90.0,1479.0,43.0,143.0,0,0,0,0,0,0,-10.599999999999966,63597.0
L49359,L,26.75,36.150000000000034,90.0,1498.0,41.5,168.0,0,0,0,0,0,0,-9.400000000000034,62167.0
L55326,L,26.450000000000045,37.75,90.0,1511.0,41.4,124.0,0,0,0,0,0,0,-11.299999999999955,62555.4
L56970,L,25.350000000000023,36.35000000000002,90.0,1658.0,28.1,92.0,0,0,0,0,0,0,-11.0,46589.8
M23246,M,25.75,36.75,90.0,1599.0,40.0,70.0,0,0,0,0,0,0,-11.0,63960.0
L50240,L,27.05000000000001,35.85000000000002,90.0,1419.0,45.0,51.0,0,0,0,0,0,0,-8.800000000000011,63855.0
L49123,L,24.950000000000045,34.85000000000002,90.0,1517.0,36.9,24.0,0,0,0,0,0,0,-9.899999999999977,55977.299999999996
L47564,L,24.350000000000023,35.35000000000002,90.0,1635.0,32.8,136.0,0,0,0,0,0,0,-11.0,53627.99999999999
M19841,M,30.55000000000001,39.650000000000034,90.0,1558.0,37.7,16.0,0,0,0,0,0,0,-9.100000000000023,58736.600000000006
M20931,M,27.75,37.650000000000034,90.0,1695.0,30.2,185.0,0,0,0,0,0,0,-9.900000000000034,51189.0
L48395,L,23.75,34.75,90.0,1387.0,48.3,118.0,0,0,0,0,0,0,-11.0,66992.09999999999
M20732,M,28.25,37.85000000000002,90.0,1504.0,46.5,185.0,0,0,0,0,0,0,-9.600000000000023,69936.0
L55389,L,26.05000000000001,37.35000000000002,90.0,1341.0,56.8,202.0,0,0,0,0,0,0,-11.300000000000011,76168.8
L51328,L,28.75,37.150000000000034,90.0,1565.0,38.8,67.0,0,0,0,0,0,0,-8.400000000000034,60721.99999999999
L53682,L,27.75,36.950000000000045,90.0,1378.0,46.2,207.0,0,0,0,0,0,0,-9.200000000000045,63663.600000000006
L50983,L,29.05000000000001,37.75,90.0,1533.0,39.7,47.0,0,0,0,0,0,0,-8.699999999999989,60860.100000000006
L51237,L,28.850000000000023,37.85000000000002,90.0,1495.0,36.9,20.0,0,0,0,0,0,0,-9.0,55165.5
L47788,L,24.850000000000023,36.75,90.0,1450.0,47.7,43.0,0,0,0,0,0,0,-11.899999999999977,69165.0
L53256,L,27.850000000000023,37.55000000000001,90.0,1772.0,28.2,199.0,0,0,0,0,0,0,-9.699999999999989,49970.4
M21491,M,28.350000000000023,37.35000000000002,90.0,1298.0,58.3,121.0,0,0,0,0,0,0,-9.0,75673.4
L56333,L,24.350000000000023,35.450000000000045,90.0,1372.0,42.4,139.0,0,0,0,0,0,0,-11.100000000000023,58172.799999999996
L55054,L,27.55000000000001,39.150000000000034,90.0,1448.0,49.9,58.0,0,0,0,0,0,0,-11.600000000000023,72255.2
L56774,L,25.850000000000023,37.150000000000034,90.0,1377.0,43.0,43.0,0,0,0,0,0,0,-11.300000000000011,59211.0
L51062,L,29.150000000000034,38.450000000000045,90.0,1419.0,43.7,139.0,0,0,0,0,0,0,-9.300000000000011,62010.3
H32537,H,27.25,36.25,90.0,1498.0,36.7,37.0,0,0,0,0,0,0,-9.0,54976.600000000006
M21006,M,27.950000000000045,37.950000000000045,90.0,1514.0,40.6,159.0,0,0,0,0,0,0,-10.0,61468.4
L54116,L,27.450000000000045,37.950000000000045,90.0,1559.0,39.7,26.0,0,0,0,0,0,0,-10.5,61892.3
L50840,L,29.05000000000001,38.450000000000045,90.0,1398.0,49.1,119.0,0,0,0,0,0,0,-9.400000000000034,68641.8
M20620,M,28.75,38.150000000000034,90.0,1522.0,35.6,175.0,0,0,0,0,0,0,-9.400000000000034,54183.200000000004
M24222,M,24.850000000000023,35.75,90.0,1398.0,52.0,58.0,0,0,0,0,0,0,-10.899999999999977,72696.0
L47497,L,24.650000000000034,35.25,90.0,1469.0,39.2,179.0,0,0,0,0,0,0,-10.599999999999966,57584.8
L54689,L,27.450000000000045,38.650000000000034,90.0,1618.0,34.9,168.0,0,0,0,0,0,0,-11.199999999999989,56468.2
M20414,M,29.350000000000023,38.85000000000002,90.0,1309.0,45.3,174.0,0,0,0,0,0,0,-9.5,59297.7
L49000,L,24.950000000000045,34.35000000000002,90.0,1477.0,44.0,153.0,0,0,0,0,0,0,-9.399999999999977,64988.0
L53656,L,27.350000000000023,36.55000000000001,90.0,1445.0,48.5,141.0,0,0,0,0,0,0,-9.199999999999989,70082.5
L55497,L,25.55000000000001,36.450000000000045,90.0,1341.0,51.3,176.0,0,0,0,0,0,0,-10.900000000000034,68793.3
L49082,L,24.850000000000023,34.450000000000045,90.0,1492.0,43.0,169.0,0,0,0,0,0,0,-9.600000000000023,64156.0
L54556,L,26.350000000000023,36.85000000000002,90.0,1481.0,36.8,22.0,0,0,0,0,0,0,-10.5,54500.799999999996
L51428,L,29.450000000000045,37.85000000000002,90.0,1506.0,37.2,181.0,0,0,0,0,0,0,-8.399999999999977,56023.200000000004
L52738,L,29.350000000000023,38.75,90.0,1553.0,40.1,47.0,0,0,0,0,0,0,-9.399999999999977,62275.3
L56763,L,26.25,37.650000000000034,90.0,1487.0,39.4,15.0,0,0,0,0,0,0,-11.400000000000034,58587.799999999996
L55257,L,27.150000000000034,38.55000000000001,90.0,1422.0,48.2,113.0,0,0,0,0,0,0,-11.399999999999977,68540.40000000001
L53939,L,28.55000000000001,37.75,90.0,1497.0,46.2,199.0,0,0,0,0,0,0,-9.199999999999989,69161.40000000001
M24569,M,25.850000000000023,36.85000000000002,90.0,1486.0,46.3,98.0,0,0,0,0,0,0,-11.0,68801.8
L54479,L,26.950000000000045,37.450000000000045,90.0,1543.0,38.0,111.0,0,0,0,0,0,0,-10.5,58634.0
L52164,L,30.650000000000034,39.85000000000002,90.0,1558.0,40.5,213.0,0,0,0,0,0,0,-9.199999999999989,63099.0
L50759,L,28.650000000000034,37.35000000000002,90.0,1465.0,43.9,124.0,0,0,0,0,0,0,-8.699999999999989,64313.5
L48297,L,23.350000000000023,34.450000000000045,90.0,1356.0,51.2,85.0,0,0,0,0,0,0,-11.100000000000023,69427.2
L55578,L,25.350000000000023,36.55000000000001,90.0,1627.0,30.3,92.0,0,0,0,0,0,0,-11.199999999999989,49298.1
M17247,M,26.05000000000001,35.450000000000045,90.0,1437.0,48.0,112.0,0,0,0,0,0,0,-9.400000000000034,68976.0
H29949,H,24.25,36.450000000000045,90.0,1694.0,29.7,76.0,0,0,0,0,0,0,-12.200000000000045,50311.799999999996
L51927,L,30.450000000000045,38.75,90.0,1469.0,38.7,31.0,0,0,0,0,0,0,-8.299999999999955,56850.3
M18248,M,28.55000000000001,37.450000000000045,90.0,1397.0,48.0,24.0,0,0,0,0,0,0,-8.900000000000034,67056.0
L54171,L,27.05000000000001,37.950000000000045,90.0,1509.0,37.9,172.0,0,0,0,0,0,0,-10.900000000000034,57191.1
L49475,L,26.150000000000034,35.450000000000045,90.0,1512.0,37.2,126.0,0,0,0,0,0,0,-9.300000000000011,56246.4
M22070,M,26.650000000000034,36.450000000000045,90.0,1331.0,50.2,20.0,0,0,0,0,0,0,-9.800000000000011,66816.2
L54248,L,27.55000000000001,37.55000000000001,90.0,1461.0,42.8,82.0,0,0,0,0,0,0,-10.0,62530.799999999996
L53263,L,27.75,37.55000000000001,90.0,1493.0,50.0,148.0,0,0,0,0,0,0,-9.800000000000011,74650.0
H38587,H,24.650000000000034,35.75,90.0,1650.0,35.5,195.0,0,0,0,0,0,0,-11.099999999999966,58575.0
L56698,L,25.75,36.950000000000045,90.0,1524.0,40.8,55.0,0,0,0,0,0,0,-11.200000000000045,62179.2
M23275,M,25.75,36.75,90.0,1510.0,38.1,144.0,0,0,0,0,0,0,-11.0,57531.0
L51681,L,29.25,37.05000000000001,90.0,1624.0,54.0,86.0,1,0,1,0,0,0,-7.800000000000011,87696.0
L48763,L,25.05000000000001,34.85000000000002,90.0,1310.0,51.7,189.0,0,0,0,0,0,0,-9.800000000000011,67727.0
L47770,L,24.25,36.150000000000034,90.0,1438.0,36.7,16.0,0,0,0,0,0,0,-11.900000000000034,52774.600000000006
M22703,M,26.950000000000045,38.55000000000001,90.0,1447.0,48.5,162.0,0,0,0,0,0,0,-11.599999999999966,70179.5
M20589,M,29.150000000000034,38.55000000000001,90.0,1463.0,47.6,119.0,0,0,0,0,0,0,-9.399999999999977,69638.8
L48489,L,25.75,36.950000000000045,90.0,1560.0,35.6,43.0,0,0,0,0,0,0,-11.200000000000045,55536.0
L51278,L,28.75,37.85000000000002,90.0,1500.0,39.4,129.0,0,0,0,0,0,0,-9.100000000000023,59100.0
L54753,L,27.150000000000034,38.05000000000001,90.0,1501.0,36.0,0.0,0,0,0,0,0,0,-10.899999999999977,54036.0
L55047,L,27.350000000000023,38.85000000000002,90.0,1307.0,54.6,119.0,0,0,0,0,0,0,-11.5,71362.2
L53078,L,27.850000000000023,37.55000000000001,90.0,1381.0,62.4,146.0,0,0,0,0,0,0,-9.699999999999989,86174.4
L52927,L,28.950000000000045,38.650000000000034,90.0,1763.0,27.4,26.0,0,0,0,0,0,0,-9.699999999999989,48306.2
L55669,L,25.25,36.25,90.0,1375.0,46.0,121.0,0,0,0,0,0,0,-11.0,63250.0
L48429,L,23.850000000000023,35.150000000000034,90.0,1366.0,49.6,218.0,0,0,0,0,0,0,-11.300000000000011,67753.6
M22008,M,27.150000000000034,36.75,90.0,1542.0,37.3,158.0,0,0,0,0,0,0,-9.599999999999966,57516.6
L50992,L,28.850000000000023,37.450000000000045,90.0,1359.0,54.0,5.0,0,0,0,0,0,0,-8.600000000000023,73386.0
M21922,M,27.350000000000023,37.35000000000002,90.0,1547.0,35.1,157.0,0,0,0,0,0,0,-10.0,54299.700000000004
L47758,L,24.650000000000034,36.650000000000034,90.0,1399.0,43.6,198.0,0,0,0,0,0,0,-12.0,60996.4
L48598,L,25.650000000000034,36.75,90.0,1421.0,39.5,210.0,0,0,0,0,0,0,-11.099999999999966,56129.5
H32020,H,26.55000000000001,36.05000000000001,90.0,1555.0,40.3,193.0,0,0,0,0,0,0,-9.5,62666.49999999999
L52242,L,30.75,39.75,90.0,1730.0,29.9,202.0,0,0,0,0,0,0,-9.0,51727.0
L56406,L,24.850000000000023,35.950000000000045,90.0,1520.0,40.7,122.0,0,0,0,0,0,0,-11.100000000000023,61864.00000000001
L48849,L,25.05000000000001,34.650000000000034,90.0,1387.0,31.4,48.0,0,0,0,0,0,0,-9.600000000000023,43551.799999999996
M21715,M,27.950000000000045,38.05000000000001,90.0,1654.0,46.3,28.0,0,0,0,0,0,0,-10.099999999999966,76580.2
L54993,L,26.850000000000023,38.35000000000002,90.0,1596.0,37.3,130.0,0,0,0,0,0,0,-11.5,59530.799999999996
L50374,L,26.950000000000045,35.85000000000002,90.0,1453.0,51.7,2.0,0,0,0,0,0,0,-8.899999999999977,75120.1
M21349,M,27.55000000000001,36.650000000000034,90.0,1491.0,38.8,173.0,0,0,0,0,0,0,-9.100000000000023,57850.799999999996
L54260,L,27.55000000000001,37.25,90.0,1543.0,47.3,33.0,0,0,0,0,0,0,-9.699999999999989,72983.9
L47655,L,24.25,36.150000000000034,90.0,1380.0,42.0,152.0,0,0,0,0,0,0,-11.900000000000034,57960.0
H31774,H,26.150000000000034,35.450000000000045,90.0,1409.0,45.0,74.0,0,0,0,0,0,0,-9.300000000000011,63405.0
L52190,L,30.55000000000001,39.650000000000034,90.0,1437.0,49.6,61.0,0,0,0,0,0,0,-9.100000000000023,71275.2
L48996,L,24.950000000000045,34.55000000000001,90.0,1460.0,46.5,143.0,0,0,0,0,0,0,-9.599999999999966,67890.0
M21870,M,27.350000000000023,37.35000000000002,90.0,1495.0,47.0,135.0,0,0,0,0,0,0,-10.0,70265.0
L55966,L,24.450000000000045,35.35000000000002,90.0,1469.0,39.9,39.0,0,0,0,0,0,0,-10.899999999999977,58613.1
L51501,L,28.55000000000001,36.650000000000034,90.0,1588.0,33.9,57.0,0,0,0,0,0,0,-8.100000000000023,53833.2
L47319,L,25.650000000000034,35.450000000000045,90.0,1268.0,19.7,54.0,0,0,0,0,0,0,-9.800000000000011,24979.6
M23439,M,24.25,34.950000000000045,90.0,1457.0,50.4,143.0,0,0,0,0,0,0,-10.700000000000045,73432.8
M15206,M,24.350000000000023,35.150000000000034,90.0,1459.0,40.0,150.0,0,0,0,0,0,0,-10.800000000000011,58360.0
L53728,L,28.25,37.650000000000034,90.0,1326.0,54.7,112.0,0,0,0,0,0,0,-9.400000000000034,72532.2
H36557,H,27.350000000000023,36.650000000000034,90.0,1532.0,40.6,144.0,0,0,0,0,0,0,-9.300000000000011,62199.200000000004
L52633,L,29.850000000000023,39.450000000000045,90.0,1619.0,40.3,150.0,0,0,0,0,0,0,-9.600000000000023,65245.7
L54285,L,27.650000000000034,37.25,90.0,1450.0,46.8,124.0,0,0,0,0,0,0,-9.599999999999966,67860.0
M16652,M,24.950000000000045,34.650000000000034,90.0,1570.0,35.8,73.0,0,0,0,0,0,0,-9.699999999999989,56205.99999999999
M21259,M,26.950000000000045,36.450000000000045,90.0,1372.0,46.2,162.0,0,0,0,0,0,0,-9.5,63386.4
L50544,L,28.150000000000034,37.25,90.0,1524.0,39.9,0.0,0,0,0,0,0,0,-9.099999999999966,60807.6
M24122,M,25.150000000000034,35.950000000000045,90.0,1418.0,47.0,15.0,0,0,0,0,0,0,-10.800000000000011,66646.0
L55900,L,24.150000000000034,35.650000000000034,90.0,1713.0,26.5,70.0,0,0,0,0,0,0,-11.5,45394.5
L51403,L,28.650000000000034,37.05000000000001,90.0,1367.0,55.6,156.0,0,0,0,0,0,0,-8.399999999999977,76005.2
L56921,L,25.75,36.950000000000045,90.0,1517.0,42.9,175.0,0,0,0,0,0,0,-11.200000000000045,65079.299999999996
M16351,M,24.850000000000023,35.75,90.0,1353.0,41.5,173.0,0,0,0,0,0,0,-10.899999999999977,56149.5
L56325,L,24.350000000000023,35.35000000000002,90.0,1523.0,37.4,127.0,0,0,0,0,0,0,-11.0,56960.2
L48481,L,25.650000000000034,36.85000000000002,90.0,1458.0,32.8,104.0,0,0,0,0,0,0,-11.199999999999989,47822.399999999994
M20383,M,29.350000000000023,38.75,90.0,1524.0,34.3,96.0,0,0,0,0,0,0,-9.399999999999977,52273.2
L57161,L,25.350000000000023,35.05000000000001,90.0,1348.0,55.5,181.0,0,0,0,0,0,0,-9.699999999999989,74814.0
L53372,L,27.850000000000023,37.75,90.0,1430.0,42.7,53.0,0,0,0,0,0,0,-9.899999999999977,61061.00000000001
L50195,L,27.350000000000023,36.650000000000034,90.0,1369.0,55.2,198.0,0,0,0,0,0,0,-9.300000000000011,75568.8
L49451,L,26.05000000000001,35.35000000000002,90.0,1418.0,42.4,150.0,0,0,0,0,0,0,-9.300000000000011,60123.2
L48470,L,25.450000000000045,36.55000000000001,90.0,1427.0,45.8,113.0,0,0,0,0,0,0,-11.099999999999966,65356.6
L51509,L,29.350000000000023,38.35000000000002,90.0,1471.0,39.4,174.0,0,0,0,0,0,0,-9.0,57957.4
H36507,H,27.450000000000045,37.05000000000001,90.0,1422.0,39.7,179.0,0,0,0,0,0,0,-9.599999999999966,56453.4
L48646,L,25.450000000000045,36.650000000000034,90.0,1416.0,49.9,111.0,0,0,0,0,0,0,-11.199999999999989,70658.4
L53661,L,27.55000000000001,36.650000000000034,90.0,1541.0,48.4,151.0,0,0,0,0,0,0,-9.100000000000023,74584.4
L53768,L,28.450000000000045,37.55000000000001,90.0,1324.0,52.4,213.0,0,0,0,0,0,0,-9.099999999999966,69377.59999999999
L54385,L,26.650000000000034,36.55000000000001,90.0,1483.0,40.2,87.0,0,0,0,0,0,0,-9.899999999999977,59616.600000000006
L55451,L,25.950000000000045,37.55000000000001,90.0,1525.0,41.3,186.0,0,0,0,0,0,0,-11.599999999999966,62982.49999999999
L52420,L,30.450000000000045,39.55000000000001,90.0,1694.0,28.0,107.0,0,0,0,0,0,0,-9.099999999999966,47432.0
L50038,L,27.350000000000023,36.150000000000034,90.0,1615.0,40.2,219.0,0,0,0,0,0,0,-8.800000000000011,64923.00000000001
L55253,L,27.350000000000023,38.85000000000002,90.0,1448.0,43.2,108.0,0,0,0,0,0,0,-11.5,62553.600000000006
M21452,M,28.55000000000001,37.55000000000001,90.0,1553.0,33.5,7.0,0,0,0,0,0,0,-9.0,52025.5
M20955,M,27.75,37.55000000000001,90.0,1350.0,47.3,26.0,0,0,0,0,0,0,-9.800000000000011,63854.99999999999
L54764,L,27.25,38.150000000000034,90.0,1435.0,43.3,187.0,0,0,0,0,0,0,-10.900000000000034,62135.49999999999
L51213,L,28.850000000000023,37.650000000000034,90.0,1398.0,43.2,233.0,0,0,0,0,0,0,-8.800000000000011,60393.600000000006
L53506,L,27.450000000000045,36.85000000000002,90.0,1671.0,40.4,172.0,0,0,0,0,0,0,-9.399999999999977,67508.4
M22614,M,27.25,38.55000000000001,90.0,1478.0,32.2,5.0,0,0,0,0,0,0,-11.300000000000011,47591.600000000006
M21922,M,27.450000000000045,37.25,90.0,1407.0,53.2,157.0,0,0,0,0,0,0,-9.799999999999955,74852.40000000001
L47529,L,24.450000000000045,35.25,90.0,1549.0,39.9,37.0,0,0,0,0,0,0,-10.799999999999955,61805.1
M20339,M,29.450000000000045,38.950000000000045,90.0,1499.0,35.0,215.0,0,0,0,0,0,0,-9.5,52465.0
L49322,L,26.150000000000034,35.650000000000034,90.0,1446.0,41.6,163.0,0,0,0,0,0,0,-9.5,60153.6
L55573,L,25.350000000000023,36.450000000000045,90.0,1594.0,38.3,87.0,0,0,0,0,0,0,-11.100000000000023,61050.2
L54115,L,27.55000000000001,38.05000000000001,90.0,1489.0,40.2,24.0,0,0,0,0,0,0,-10.5,59857.8
L56474,L,24.950000000000045,35.85000000000002,90.0,1487.0,36.2,95.0,0,0,0,0,0,0,-10.899999999999977,53829.4
M17017,M,26.350000000000023,35.85000000000002,90.0,1456.0,44.3,193.0,0,0,0,0,0,0,-9.5,64500.799999999996
L55743,L,24.850000000000023,35.950000000000045,90.0,1601.0,35.5,106.0,0,0,0,0,0,0,-11.100000000000023,56835.5
M18599,M,29.05000000000001,38.05000000000001,90.0,1663.0,29.6,15.0,0,0,0,0,0,0,-9.0,49224.8
L52984,L,28.350000000000023,37.75,90.0,1697.0,31.1,164.0,0,0,0,0,0,0,-9.399999999999977,52776.700000000004
L48892,L,25.25,34.75,90.0,1551.0,33.5,71.0,0,0,0,0,0,0,-9.5,51958.5
L52252,L,30.950000000000045,39.950000000000045,90.0,1314.0,54.3,28.0,0,0,0,0,0,0,-9.0,71350.2
L47237,L,25.650000000000034,35.950000000000045,90.0,1513.0,32.2,128.0,0,0,0,0,0,0,-10.300000000000011,48718.600000000006
L49193,L,25.450000000000045,35.05000000000001,90.0,1485.0,42.9,38.0,0,0,0,0,0,0,-9.599999999999966,63706.5
H29909,H,24.350000000000023,36.150000000000034,90.0,1459.0,49.7,173.0,0,0,0,0,0,0,-11.800000000000011,72512.3
H37878,H,25.55000000000001,36.75,90.0,1314.0,52.1,42.0,0,0,0,0,0,0,-11.199999999999989,68459.40000000001
L53269,L,27.75,37.55000000000001,90.0,1617.0,30.2,12.0,0,0,0,0,0,0,-9.800000000000011,48833.4
L49282,L,26.150000000000034,35.950000000000045,90.0,1510.0,44.2,47.0,0,0,0,0,0,0,-9.800000000000011,66742.0
M17809,M,27.450000000000045,36.35000000000002,90.0,1508.0,37.4,26.0,0,0,0,0,0,0,-8.899999999999977,56399.2
L50993,L,28.850000000000023,37.450000000000045,90.0,1513.0,39.3,86.0,0,0,0,0,0,0,-8.600000000000023,59460.899999999994
L47585,L,24.150000000000034,35.25,90.0,1367.0,46.8,184.0,0,0,0,0,0,0,-11.099999999999966,63975.6
L51950,L,30.55000000000001,38.75,90.0,1408.0,46.8,93.0,0,0,0,0,0,0,-8.199999999999989,65894.4
L52833,L,29.150000000000034,38.55000000000001,90.0,1395.0,55.6,215.0,0,0,0,0,0,0,-9.399999999999977,77562.0
M24300,M,24.950000000000045,35.650000000000034,90.0,1378.0,46.5,65.0,0,0,0,0,0,0,-10.699999999999989,64077.0
L52333,L,31.150000000000034,40.35000000000002,90.0,1644.0,28.9,21.0,0,0,0,0,0,0,-9.199999999999989,47511.6
L49198,L,25.55000000000001,35.450000000000045,90.0,1513.0,46.4,91.0,0,0,0,0,0,0,-9.900000000000034,70203.2
L54774,L,27.350000000000023,37.950000000000045,90.0,1477.0,37.3,0.0,0,0,0,0,0,0,-10.600000000000023,55092.1
L55560,L,25.75,36.85000000000002,90.0,1776.0,55.0,51.0,0,0,0,0,0,0,-11.100000000000023,97680.0
L50021,L,27.150000000000034,36.25,90.0,1359.0,55.2,92.0,0,0,0,0,0,0,-9.099999999999966,75016.8
M15695,M,23.450000000000045,34.05000000000001,90.0,1533.0,35.9,182.0,0,0,0,0,0,0,-10.599999999999966,55034.7
L47709,L,24.450000000000045,36.35000000000002,90.0,1530.0,36.2,63.0,0,0,0,0,0,0,-11.899999999999977,55386.00000000001
M15871,M,23.05000000000001,34.150000000000034,90.0,1565.0,37.0,10.0,0,0,0,0,0,0,-11.100000000000023,57905.0
L52840,L,29.05000000000001,38.650000000000034,90.0,1367.0,55.2,168.0,0,0,0,0,0,0,-9.600000000000023,75458.40000000001
L55886,L,24.05000000000001,35.450000000000045,90.0,1551.0,37.1,160.0,0,0,0,0,0,0,-11.400000000000034,57542.100000000006
M18784,M,29.05000000000001,38.25,90.0,1638.0,33.8,157.0,0,0,0,0,0,0,-9.199999999999989,55364.399999999994
M24019,M,24.350000000000023,35.450000000000045,90.0,1510.0,35.5,158.0,0,0,0,0,0,0,-11.100000000000023,53605.0
L56327,L,24.55000000000001,35.55000000000001,90.0,1392.0,41.2,125.0,0,0,0,0,0,0,-11.0,57350.4
H34199,H,30.450000000000045,39.55000000000001,90.0,1577.0,34.2,129.0,0,0,0,0,0,0,-9.099999999999966,53933.4
L51121,L,29.05000000000001,38.25,90.0,1568.0,36.3,0.0,0,0,0,0,0,0,-9.199999999999989,56918.399999999994
M22472,M,27.350000000000023,38.25,90.0,1441.0,40.6,192.0,0,0,0,0,0,0,-10.899999999999977,58504.6
M22260,M,26.650000000000034,37.05000000000001,90.0,1437.0,51.4,16.0,0,0,0,0,0,0,-10.399999999999977,73861.8
L53169,L,27.55000000000001,37.55000000000001,90.0,1500.0,47.3,212.0,0,0,0,0,0,0,-10.0,70950.0
M18986,M,28.850000000000023,37.450000000000045,90.0,1617.0,31.6,39.0,0,0,0,0,0,0,-8.600000000000023,51097.200000000004
L53455,L,28.150000000000034,37.650000000000034,90.0,1328.0,55.4,0.0,0,0,0,0,0,0,-9.5,73571.2
L51454,L,29.25,37.450000000000045,90.0,1445.0,40.3,168.0,0,0,0,0,0,0,-8.200000000000045,58233.49999999999
L52834,L,29.150000000000034,38.35000000000002,90.0,1393.0,42.5,0.0,0,0,0,0,0,0,-9.199999999999989,59202.5
M16368,M,24.850000000000023,35.450000000000045,90.0,1519.0,40.7,217.0,0,0,0,0,0,0,-10.600000000000023,61823.3
L56000,L,24.150000000000034,35.55000000000001,90.0,1490.0,40.2,104.0,0,0,0,0,0,0,-11.399999999999977,59898.00000000001
M20194,M,30.25,39.450000000000045,90.0,1805.0,22.4,65.0,0,0,0,0,0,0,-9.200000000000045,40432.0
H38235,H,24.05000000000001,35.55000000000001,90.0,1454.0,42.8,204.0,0,0,0,0,0,0,-11.5,62231.2
L55790,L,24.25,35.150000000000034,90.0,1561.0,44.5,0.0,0,0,0,0,0,0,-10.900000000000034,69464.5
L48696,L,25.05000000000001,35.75,90.0,1278.0,42.4,5.0,0,0,0,0,0,0,-10.699999999999989,54187.2
M20523,M,29.05000000000001,38.35000000000002,90.0,1530.0,47.4,21.0,0,0,0,0,0,0,-9.300000000000011,72522.0
M16367,M,24.850000000000023,35.450000000000045,90.0,1376.0,55.7,204.0,0,0,0,0,0,0,-10.600000000000023,76643.2
L54285,L,27.75,37.25,90.0,1495.0,44.1,43.0,0,0,0,0,0,0,-9.5,65929.5
M23199,M,25.650000000000034,36.55000000000001,90.0,1359.0,56.8,154.0,0,0,0,0,0,0,-10.899999999999977,77191.2
M17906,M,26.950000000000045,36.25,90.0,1501.0,43.3,48.0,0,0,0,0,0,0,-9.299999999999955,64993.299999999996
L54913,L,27.450000000000045,38.85000000000002,90.0,1479.0,40.6,134.0,0,0,0,0,0,0,-11.399999999999977,60047.4
M24381,M,26.150000000000034,37.35000000000002,90.0,1595.0,32.4,49.0,0,0,0,0,0,0,-11.199999999999989,51678.0
L51816,L,29.850000000000023,38.150000000000034,90.0,1466.0,42.1,204.0,0,0,0,0,0,0,-8.300000000000011,61718.6
L56286,L,24.25,35.150000000000034,90.0,1474.0,40.1,24.0,0,0,0,0,0,0,-10.900000000000034,59107.4
L50009,L,27.150000000000034,36.150000000000034,90.0,1610.0,36.0,148.0,0,0,0,0,0,0,-9.0,57960.0
L51962,L,30.350000000000023,39.25,90.0,1539.0,38.7,9.0,0,0,0,0,0,0,-8.899999999999977,59559.3
H34311,H,30.650000000000034,39.35000000000002,90.0,1525.0,39.7,209.0,0,0,0,0,0,0,-8.699999999999989,60542.50000000001
L48610,L,25.75,36.75,90.0,1567.0,33.6,20.0,0,0,0,0,0,0,-11.0,52651.200000000004
L56602,L,24.950000000000045,35.35000000000002,90.0,1665.0,45.0,20.0,0,0,0,0,0,0,-10.399999999999977,74925.0
L53606,L,27.05000000000001,36.650000000000034,90.0,1432.0,50.6,12.0,0,0,0,0,0,0,-9.600000000000023,72459.2
L56067,L,24.650000000000034,35.75,90.0,1446.0,37.6,106.0,0,0,0,0,0,0,-11.099999999999966,54369.6
L49571,L,26.05000000000001,35.25,90.0,1483.0,44.9,142.0,0,0,0,0,0,0,-9.199999999999989,66586.7
L48625,L,25.850000000000023,37.150000000000034,90.0,1408.0,43.2,156.0,0,0,0,0,0,0,-11.300000000000011,60825.600000000006
L54723,L,27.05000000000001,38.25,90.0,1446.0,41.8,82.0,0,0,0,0,0,0,-11.199999999999989,60442.799999999996
L56108,L,24.25,35.25,90.0,1672.0,32.5,213.0,0,0,0,0,0,0,-11.0,54340.0
L54748,L,27.05000000000001,37.85000000000002,90.0,1613.0,34.7,147.0,0,0,0,0,0,0,-10.800000000000011,55971.100000000006
L50606,L,28.350000000000023,37.35000000000002,90.0,1469.0,48.1,156.0,0,0,0,0,0,0,-9.0,70658.90000000001
L56930,L,25.55000000000001,36.85000000000002,90.0,1470.0,32.6,197.0,0,0,0,0,0,0,-11.300000000000011,47922.0
L53066,L,28.150000000000034,37.950000000000045,90.0,1494.0,42.9,142.0,0,0,0,0,0,0,-9.800000000000011,64092.6
H38694,H,25.05000000000001,35.650000000000034,90.0,1383.0,44.6,61.0,0,0,0,0,0,0,-10.600000000000023,61681.8
M19299,M,29.25,37.05000000000001,90.0,1392.0,55.8,0.0,0,0,0,0,0,0,-7.800000000000011,77673.59999999999
H29462,H,25.450000000000045,36.150000000000034,90.0,1369.0,49.8,135.0,0,0,0,0,0,0,-10.699999999999989,68176.2
H38233,H,24.25,35.55000000000001,90.0,1377.0,45.1,57.0,0,0,0,0,0,0,-11.300000000000011,62102.700000000004
L54804,L,27.350000000000023,38.450000000000045,90.0,1476.0,36.6,35.0,0,0,0,0,0,0,-11.100000000000023,54021.6
L50725,L,28.650000000000034,37.650000000000034,90.0,1376.0,38.6,92.0,0,0,0,0,0,0,-9.0,53113.6
L50343,L,27.25,36.55000000000001,90.0,1429.0,43.9,150.0,0,0,0,0,0,0,-9.300000000000011,62733.1
L55952,L,24.350000000000023,35.35000000000002,90.0,1318.0,52.1,0.0,0,0,0,0,0,0,-11.0,68667.8
L53368,L,27.850000000000023,37.85000000000002,90.0,1560.0,37.4,37.0,0,0,0,0,0,0,-10.0,58344.0
M18454,M,28.450000000000045,37.25,90.0,1752.0,28.1,166.0,0,0,0,0,0,0,-8.799999999999955,49231.200000000004
H36857,H,27.05000000000001,38.450000000000045,90.0,1501.0,46.6,34.0,0,0,0,0,0,0,-11.400000000000034,69946.6
L53162,L,27.55000000000001,37.650000000000034,90.0,1486.0,37.1,155.0,0,0,0,0,0,0,-10.100000000000023,55130.6
L56062,L,24.850000000000023,36.05000000000001,90.0,1532.0,37.9,94.0,0,0,0,0,0,0,-11.199999999999989,58062.799999999996
L53382,L,27.850000000000023,37.75,90.0,1480.0,44.0,195.0,0,0,0,0,0,0,-9.899999999999977,65120.0
L53066,L,28.25,37.950000000000045,90.0,1534.0,37.8,104.0,0,0,0,0,0,0,-9.700000000000045,57985.2
L54140,L,27.55000000000001,37.85000000000002,90.0,1418.0,43.0,105.0,0,0,0,0,0,0,-10.300000000000011,60974.0
L51461,L,28.850000000000023,36.85000000000002,90.0,1743.0,27.2,178.0,0,0,0,0,0,0,-8.0,47409.6
L56243,L,24.05000000000001,35.150000000000034,90.0,1349.0,49.7,115.0,0,0,0,0,0,0,-11.100000000000023,67045.3
L50197,L,27.450000000000045,36.650000000000034,90.0,1563.0,41.9,179.0,0,0,0,0,0,0,-9.199999999999989,65489.7
L55986,L,24.25,35.450000000000045,90.0,1793.0,28.4,83.0,0,0,0,0,0,0,-11.200000000000045,50921.2
M19822,M,30.850000000000023,39.55000000000001,90.0,1568.0,51.2,160.0,0,0,0,0,0,0,-8.699999999999989,80281.6
H39043,H,24.75,35.950000000000045,90.0,1635.0,31.1,24.0,0,0,0,0,0,0,-11.200000000000045,50848.5
L56350,L,24.55000000000001,35.55000000000001,90.0,1474.0,46.8,177.0,0,0,0,0,0,0,-11.0,68983.2
L52708,L,29.150000000000034,38.650000000000034,90.0,1456.0,50.9,204.0,0,0,0,0,0,0,-9.5,74110.4
M15171,M,24.650000000000034,35.150000000000034,90.0,1429.0,43.8,76.0,0,0,0,0,0,0,-10.5,62590.2
L53995,L,27.75,37.55000000000001,90.0,1621.0,44.1,141.0,0,0,0,0,0,0,-9.800000000000011,71486.1
L50748,L,28.650000000000034,37.450000000000045,90.0,1391.0,51.3,2.0,0,0,0,0,0,0,-8.800000000000011,71358.3
L54668,L,27.150000000000034,38.55000000000001,90.0,1511.0,43.5,160.0,0,0,0,0,0,0,-11.399999999999977,65728.5
M21189,M,27.950000000000045,36.85000000000002,90.0,1392.0,34.6,178.0,0,0,0,0,0,0,-8.899999999999977,48163.200000000004
M15004,M,25.450000000000045,35.25,90.0,1488.0,38.2,169.0,0,0,0,0,0,0,-9.799999999999955,56841.600000000006
L47891,L,24.350000000000023,35.55000000000001,90.0,1429.0,46.2,104.0,0,0,0,0,0,0,-11.199999999999989,66019.8
L54963,L,27.25,38.450000000000045,90.0,1474.0,28.8,4.0,0,0,0,0,0,0,-11.200000000000045,42451.200000000004
L48259,L,23.850000000000023,34.55000000000001,90.0,1731.0,28.5,175.0,0,0,0,0,0,0,-10.699999999999989,49333.5
L53876,L,28.55000000000001,37.75,90.0,1694.0,31.3,44.0,0,0,0,0,0,0,-9.199999999999989,53022.200000000004
M17187,M,26.150000000000034,35.55000000000001,90.0,1330.0,53.8,5.0,0,0,0,0,0,0,-9.399999999999977,71554.0
L50685,L,28.450000000000045,37.650000000000034,90.0,1424.0,48.0,150.0,0,0,0,0,0,0,-9.199999999999989,68352.0
M16136,M,25.05000000000001,36.150000000000034,90.0,1693.0,34.6,73.0,0,0,0,0,0,0,-11.100000000000023,58577.8
L53999,L,27.75,37.55000000000001,90.0,1359.0,46.0,87.0,0,0,0,0,0,0,-9.800000000000011,62514.0
L53123,L,27.25,37.55000000000001,90.0,1532.0,41.3,82.0,0,0,0,0,0,0,-10.300000000000011,63271.6
L54238,L,27.350000000000023,37.450000000000045,90.0,1420.0,46.4,127.0,0,0,0,0,0,0,-10.100000000000023,65888.0
L52378,L,30.650000000000034,39.650000000000034,90.0,1428.0,47.3,154.0,0,0,0,0,0,0,-9.0,67544.4
L47827,L,24.55000000000001,36.25,90.0,1550.0,31.8,147.0,0,0,0,0,0,0,-11.699999999999989,49290.0
L56364,L,24.850000000000023,35.85000000000002,90.0,1504.0,46.3,22.0,0,0,0,0,0,0,-11.0,69635.2
M18438,M,28.650000000000034,37.650000000000034,90.0,1455.0,46.1,121.0,0,0,0,0,0,0,-9.0,67075.5
M17531,M,26.75,36.25,90.0,1628.0,30.9,221.0,0,0,0,0,0,0,-9.5,50305.2
L49695,L,25.650000000000034,35.650000000000034,90.0,1490.0,35.0,29.0,0,0,0,0,0,0,-10.0,52150.0
L52112,L,30.25,39.05000000000001,90.0,1486.0,43.4,94.0,0,0,0,0,0,0,-8.800000000000011,64492.4
H31956,H,26.150000000000034,35.85000000000002,90.0,1563.0,35.4,95.0,0,0,0,0,0,0,-9.699999999999989,55330.2
L53031,L,28.25,37.75,90.0,1469.0,32.2,57.0,0,0,0,0,0,0,-9.5,47301.8
H39314,H,25.55000000000001,36.25,90.0,1449.0,42.3,182.0,0,0,0,0,0,0,-10.699999999999989,61292.7
L56156,L,23.75,34.450000000000045,90.0,1447.0,50.3,166.0,0,0,0,0,0,0,-10.700000000000045,72784.09999999999
L53586,L,27.05000000000001,36.650000000000034,90.0,1426.0,50.4,108.0,0,0,0,0,0,0,-9.600000000000023,71870.4
M16342,M,24.850000000000023,35.950000000000045,90.0,1459.0,43.9,165.0,0,0,0,0,0,0,-11.100000000000023,64050.1
H33834,H,29.25,37.05000000000001,90.0,1577.0,37.2,87.0,0,0,0,0,0,0,-7.800000000000011,58664.4
L54370,L,27.150000000000034,37.150000000000034,90.0,1429.0,46.3,50.0,0,0,0,0,0,0,-10.0,66162.7
L52784,L,29.75,39.05000000000001,90.0,1443.0,46.6,90.0,0,0,0,0,0,0,-9.300000000000011,67243.8
L52589,L,29.55000000000001,39.25,90.0,1433.0,44.6,17.0,0,0,0,0,0,0,-9.699999999999989,63911.8
L52255,L,30.850000000000023,39.950000000000045,90.0,1403.0,47.9,7.0,0,0,0,0,0,0,-9.100000000000023,67203.7
L47375,L,25.25,35.35000000000002,90.0,1498.0,42.8,0.0,0,0,0,0,0,0,-10.100000000000023,64114.399999999994
L49920,L,26.450000000000045,35.85000000000002,90.0,1525.0,41.8,160.0,0,0,0,0,0,0,-9.399999999999977,63744.99999999999
L48800,L,24.75,34.450000000000045,90.0,1691.0,31.8,59.0,0,0,0,0,0,0,-9.700000000000045,53773.8
L53592,L,27.150000000000034,36.85000000000002,90.0,1331.0,62.2,203.0,1,1,0,0,0,0,-9.699999999999989,82788.2
H39163,H,25.25,36.150000000000034,90.0,1387.0,50.0,121.0,0,0,0,0,0,0,-10.900000000000034,69350.0
H39009,H,25.850000000000023,36.85000000000002,90.0,1557.0,33.4,45.0,0,0,0,0,0,0,-11.0,52003.799999999996
M20034,M,31.05000000000001,40.35000000000002,90.0,1739.0,27.1,83.0,0,0,0,0,0,0,-9.300000000000011,47126.9
L51715,L,29.25,37.05000000000001,90.0,1444.0,36.2,166.0,0,0,0,0,0,0,-7.800000000000011,52272.8
L56209,L,24.25,35.150000000000034,90.0,1559.0,34.7,94.0,0,0,0,0,0,0,-10.900000000000034,54097.3
M24668,M,25.150000000000034,36.05000000000001,90.0,1463.0,44.9,0.0,0,0,0,0,0,0,-10.899999999999977,65688.7
L57027,L,25.25,35.950000000000045,90.0,1772.0,23.9,23.0,0,0,0,0,0,0,-10.700000000000045,42350.799999999996
H29610,H,25.150000000000034,35.450000000000045,90.0,1513.0,49.5,91.0,0,0,0,0,0,0,-10.300000000000011,74893.5
L52062,L,30.55000000000001,39.35000000000002,90.0,1462.0,46.2,150.0,0,0,0,0,0,0,-8.800000000000011,67544.40000000001
L53271,L,27.75,37.55000000000001,90.0,1458.0,45.5,8.0,0,0,0,0,0,0,-9.800000000000011,66339.0
L55032,L,27.150000000000034,38.55000000000001,90.0,1312.0,53.9,5.0,0,0,0,0,0,0,-11.399999999999977,70716.8
L55165,L,27.850000000000023,39.05000000000001,90.0,1492.0,41.5,197.0,0,0,0,0,0,0,-11.199999999999989,61918.0
L53250,L,27.75,37.75,90.0,1513.0,35.2,183.0,0,0,0,0,0,0,-10.0,53257.600000000006
L52715,L,29.150000000000034,38.55000000000001,90.0,1465.0,43.5,176.0,0,0,0,0,0,0,-9.399999999999977,63727.5
H33908,H,29.450000000000045,37.25,90.0,1435.0,30.1,16.0,0,0,0,0,0,0,-7.7999999999999545,43193.5
M22925,M,27.350000000000023,38.75,90.0,1557.0,26.3,89.0,0,0,0,0,0,0,-11.399999999999977,40949.1
L55451,L,25.950000000000045,37.55000000000001,90.0,1599.0,34.4,198.0,0,0,0,0,0,0,-11.599999999999966,55005.6
L55277,L,27.150000000000034,38.55000000000001,90.0,1452.0,41.5,16.0,0,0,0,0,0,0,-11.399999999999977,60258.0
L48709,L,24.950000000000045,35.950000000000045,90.0,1557.0,39.6,56.0,0,0,0,0,0,0,-11.0,61657.200000000004
L55659,L,25.350000000000023,36.450000000000045,90.0,1446.0,40.6,155.0,0,0,0,0,0,0,-11.100000000000023,58707.6
L49021,L,24.650000000000034,34.05000000000001,90.0,1668.0,36.1,7.0,0,0,0,0,0,0,-9.399999999999977,60214.8
H37712,H,25.55000000000001,36.950000000000045,90.0,1435.0,40.5,37.0,0,0,0,0,0,0,-11.400000000000034,58117.5
L51895,L,30.25,38.55000000000001,90.0,1634.0,35.7,176.0,0,0,0,0,0,0,-8.300000000000011,58333.8
M20734,M,28.350000000000023,37.950000000000045,90.0,1660.0,36.9,115.0,0,0,0,0,0,0,-9.600000000000023,61254.0
L55550,L,25.55000000000001,36.650000000000034,90.0,1418.0,49.8,27.0,0,0,0,0,0,0,-11.100000000000023,70616.4
L52956,L,28.55000000000001,37.950000000000045,90.0,1560.0,38.8,139.0,0,0,0,0,0,0,-9.400000000000034,60527.99999999999
L56925,L,25.650000000000034,36.950000000000045,90.0,1376.0,47.3,175.0,0,0,0,0,0,0,-11.300000000000011,65084.799999999996
L50722,L,28.650000000000034,37.75,90.0,1397.0,24.7,31.0,0,0,0,0,0,0,-9.099999999999966,34505.9
L54996,L,26.650000000000034,38.05000000000001,90.0,1630.0,28.7,137.0,0,0,0,0,0,0,-11.399999999999977,46781.0
H33509,H,28.850000000000023,37.450000000000045,90.0,1422.0,43.2,146.0,0,0,0,0,0,0,-8.600000000000023,61430.4
L48316,L,23.75,34.650000000000034,90.0,1533.0,39.2,135.0,0,0,0,0,0,0,-10.900000000000034,60093.600000000006
L47753,L,24.75,36.75,90.0,1490.0,40.9,17.0,0,0,0,0,0,0,-12.0,60941.0
M17487,M,26.850000000000023,36.55000000000001,90.0,1352.0,51.2,91.0,0,0,0,0,0,0,-9.699999999999989,69222.40000000001
M20282,M,29.650000000000034,39.150000000000034,90.0,1422.0,47.5,49.0,0,0,0,0,0,0,-9.5,67545.0
M19756,M,30.55000000000001,39.25,90.0,1526.0,42.5,206.0,0,0,0,0,0,0,-8.699999999999989,64855.0
L53373,L,27.850000000000023,37.75,90.0,1578.0,31.4,171.0,0,0,0,0,0,0,-9.899999999999977,49549.2
L52260,L,30.950000000000045,40.150000000000034,90.0,1410.0,51.6,47.0,0,0,0,0,0,0,-9.199999999999989,72756.0
L49853,L,26.650000000000034,36.25,90.0,1781.0,26.9,2.0,0,0,0,0,0,0,-9.599999999999966,47908.899999999994
L53138,L,27.650000000000034,37.650000000000034,90.0,1457.0,47.5,79.0,0,0,0,0,0,0,-10.0,69207.5
L48970,L,25.05000000000001,34.650000000000034,90.0,1608.0,37.9,67.0,0,0,0,0,0,0,-9.600000000000023,60943.2
L48922,L,25.05000000000001,34.650000000000034,90.0,1408.0,44.6,150.0,0,0,0,0,0,0,-9.600000000000023,62796.8
L49184,L,25.350000000000023,35.05000000000001,90.0,1462.0,51.7,18.0,0,0,0,0,0,0,-9.699999999999989,75585.40000000001
M21807,M,27.55000000000001,38.150000000000034,90.0,1562.0,37.1,92.0,0,0,0,0,0,0,-10.600000000000023,57950.200000000004
L56560,L,24.25,34.950000000000045,90.0,1544.0,45.7,110.0,0,0,0,0,0,0,-10.700000000000045,70560.8
M22602,M,27.350000000000023,38.75,90.0,1476.0,39.2,189.0,0,0,0,0,0,0,-11.399999999999977,57859.200000000004
L57141,L,25.05000000000001,34.75,90.0,1374.0,52.0,139.0,0,0,0,0,0,0,-9.699999999999989,71448.0
H36243,H,27.75,37.75,90.0,1525.0,35.7,175.0,0,0,0,0,0,0,-10.0,54442.50000000001
L48050,L,22.650000000000034,33.25,90.0,1325.0,53.4,65.0,0,0,0,0,0,0,-10.599999999999966,70755.0
M18943,M,28.850000000000023,37.450000000000045,90.0,1212.0,36.4,114.0,0,0,0,0,0,0,-8.600000000000023,44116.799999999996
L49637,L,25.950000000000045,35.450000000000045,90.0,1428.0,32.2,106.0,0,0,0,0,0,0,-9.5,45981.600000000006
M15111,M,24.850000000000023,35.05000000000001,90.0,1498.0,42.0,155.0,0,0,0,0,0,0,-10.199999999999989,62916.0
L49998,L,27.05000000000001,36.25,90.0,1356.0,48.2,137.0,0,0,0,0,0,0,-9.199999999999989,65359.200000000004
L53849,L,28.150000000000034,37.35000000000002,90.0,1761.0,25.7,215.0,0,0,0,0,0,0,-9.199999999999989,45257.7
L50147,L,27.450000000000045,36.35000000000002,90.0,1369.0,51.6,71.0,0,0,0,0,0,0,-8.899999999999977,70640.40000000001
L53746,L,28.150000000000034,37.450000000000045,90.0,1417.0,22.6,127.0,0,0,0,0,0,0,-9.300000000000011,32024.2
L47333,L,25.25,35.05000000000001,90.0,1657.0,27.0,146.0,0,0,0,0,0,0,-9.800000000000011,44739.0
M19546,M,30.450000000000045,38.450000000000045,90.0,1562.0,42.0,100.0,0,0,0,0,0,0,-8.0,65604.0
L54569,L,26.650000000000034,37.450000000000045,90.0,1423.0,49.6,124.0,0,0,0,0,0,0,-10.800000000000011,70580.8
M22648,M,27.05000000000001,38.35000000000002,90.0,1330.0,40.9,31.0,0,0,0,0,0,0,-11.300000000000011,54397.0
M23208,M,25.55000000000001,36.55000000000001,90.0,1678.0,32.7,140.0,0,0,0,0,0,0,-11.0,54870.600000000006
L47515,L,24.25,35.150000000000034,90.0,1749.0,25.9,173.0,0,0,0,0,0,0,-10.900000000000034,45299.1
L55096,L,27.650000000000034,38.950000000000045,90.0,1355.0,41.1,169.0,0,0,0,0,0,0,-11.300000000000011,55690.5
L49027,L,24.75,33.85000000000002,90.0,1600.0,32.9,19.0,0,0,0,0,0,0,-9.100000000000023,52640.0
L52013,L,30.150000000000034,38.650000000000034,90.0,1450.0,45.9,34.0,0,0,0,0,0,0,-8.5,66555.0
L53793,L,28.55000000000001,37.450000000000045,90.0,1397.0,52.0,64.0,0,0,0,0,0,0,-8.900000000000034,72644.0
L56869,L,25.850000000000023,37.05000000000001,90.0,1513.0,38.9,46.0,0,0,0,0,0,0,-11.199999999999989,58855.7
L54859,L,27.55000000000001,38.35000000000002,90.0,1434.0,42.9,208.0,0,0,0,0,0,0,-10.800000000000011,61518.6
L56834,L,25.950000000000045,36.85000000000002,90.0,1435.0,45.6,210.0,0,0,0,0,0,0,-10.899999999999977,65436.0
L56131,L,24.25,34.950000000000045,90.0,1439.0,38.0,196.0,0,0,0,0,0,0,-10.700000000000045,54682.0
L47371,L,25.05000000000001,35.25,90.0,1666.0,34.6,0.0,0,0,0,0,0,0,-10.199999999999989,57643.600000000006
L50823,L,29.05000000000001,38.35000000000002,90.0,1427.0,50.6,79.0,0,0,0,0,0,0,-9.300000000000011,72206.2
L55509,L,25.55000000000001,36.55000000000001,90.0,1523.0,39.2,32.0,0,0,0,0,0,0,-11.0,59701.600000000006
L54274,L,27.450000000000045,37.35000000000002,90.0,1447.0,45.8,139.0,0,0,0,0,0,0,-9.899999999999977,66272.59999999999
M15211,M,24.450000000000045,35.450000000000045,90.0,1435.0,42.1,48.0,0,0,0,0,0,0,-11.0,60413.5
L48407,L,23.950000000000045,35.25,90.0,1738.0,33.9,179.0,0,0,0,0,0,0,-11.299999999999955,58918.2
M18265,M,28.05000000000001,37.25,90.0,1685.0,28.4,108.0,0,0,0,0,0,0,-9.199999999999989,47854.0
L54895,L,27.350000000000023,38.35000000000002,90.0,1302.0,45.9,80.0,0,0,0,0,0,0,-11.0,59761.799999999996
L50685,L,28.450000000000045,37.650000000000034,90.0,1372.0,50.8,145.0,0,0,0,0,0,0,-9.199999999999989,69697.59999999999
L53878,L,28.350000000000023,37.55000000000001,90.0,1519.0,41.9,46.0,0,0,0,0,0,0,-9.199999999999989,63646.1
M15586,M,24.25,35.650000000000034,90.0,1628.0,37.4,98.0,0,0,0,0,0,0,-11.400000000000034,60887.2
L53265,L,27.75,37.650000000000034,90.0,1347.0,47.4,3.0,0,0,0,0,0,0,-9.900000000000034,63847.799999999996
L53556,L,26.850000000000023,36.450000000000045,90.0,1692.0,28.7,94.0,0,0,0,0,0,0,-9.600000000000023,48560.4
M22476,M,27.450000000000045,38.25,90.0,1532.0,40.4,55.0,0,0,0,0,0,0,-10.799999999999955,61892.799999999996
L52589,L,29.75,39.25,90.0,1433.0,44.2,17.0,0,0,0,0,0,0,-9.5,63338.600000000006
L54517,L,26.75,37.35000000000002,90.0,1732.0,29.9,213.0,0,0,0,0,0,0,-10.600000000000023,51786.799999999996
L55815,L,24.150000000000034,35.150000000000034,90.0,1506.0,40.8,158.0,0,0,0,0,0,0,-11.0,61444.799999999996
H30567,H,23.650000000000034,34.35000000000002,90.0,1606.0,33.6,155.0,0,0,0,0,0,0,-10.699999999999989,53961.600000000006
L48499,L,24.05000000000001,35.150000000000034,90.0,1521.0,40.4,38.0,0,0,0,0,0,0,-11.100000000000023,61448.4
L56102,L,23.950000000000045,35.150000000000034,90.0,1399.0,42.6,194.0,0,0,0,0,0,0,-11.199999999999989,59597.4
M15171,M,24.850000000000023,35.450000000000045,90.0,1491.0,44.1,165.0,0,0,0,0,0,0,-10.600000000000023,65753.1
M20689,M,28.05000000000001,37.75,90.0,1289.0,52.7,4.0,0,0,0,0,0,0,-9.699999999999989,67930.3
L48677,L,24.850000000000023,35.55000000000001,90.0,1629.0,34.3,148.0,0,0,0,0,0,0,-10.699999999999989,55874.7
L57130,L,25.05000000000001,34.650000000000034,90.0,1385.0,45.4,9.0,0,0,0,0,0,0,-9.600000000000023,62879.0
L56687,L,26.150000000000034,37.150000000000034,90.0,1349.0,51.1,30.0,0,0,0,0,0,0,-11.0,68933.90000000001
L51806,L,29.850000000000023,38.05000000000001,90.0,1341.0,51.0,186.0,1,0,1,0,0,0,-8.199999999999989,68391.0
L47589,L,24.25,35.450000000000045,90.0,1459.0,39.3,196.0,0,0,0,0,0,0,-11.200000000000045,57338.7
L52361,L,30.950000000000045,40.150000000000034,90.0,1695.0,29.0,27.0,0,0,0,0,0,0,-9.199999999999989,49155.0
L52321,L,31.25,40.55000000000001,90.0,1379.0,35.0,162.0,0,0,0,0,0,0,-9.300000000000011,48265.0
M19897,M,30.950000000000045,40.05000000000001,90.0,1435.0,41.1,124.0,0,0,0,0,0,0,-9.099999999999966,58978.5
M18132,M,28.05000000000001,36.85000000000002,90.0,1446.0,48.0,166.0,0,0,0,0,0,0,-8.800000000000011,69408.0
L54368,L,27.25,37.25,90.0,1606.0,34.6,46.0,0,0,0,0,0,0,-10.0,55567.600000000006
L55975,L,24.05000000000001,35.25,90.0,1528.0,39.2,174.0,0,0,0,0,0,0,-11.199999999999989,59897.600000000006
L49489,L,25.950000000000045,35.450000000000045,90.0,1429.0,31.4,161.0,0,0,0,0,0,0,-9.5,44870.6
L49496,L,25.950000000000045,35.650000000000034,90.0,1335.0,52.1,174.0,0,0,0,0,0,0,-9.699999999999989,69553.5
M23972,M,24.350000000000023,35.25,90.0,1496.0,44.6,105.0,0,0,0,0,0,0,-10.899999999999977,66721.6
H38582,H,24.450000000000045,35.650000000000034,90.0,1385.0,41.4,161.0,0,0,0,0,0,0,-11.199999999999989,57339.0
L51447,L,29.450000000000045,37.85000000000002,90.0,1447.0,42.8,166.0,0,0,0,0,0,0,-8.399999999999977,61931.6
L56208,L,24.25,35.150000000000034,90.0,1501.0,33.7,156.0,0,0,0,0,0,0,-10.900000000000034,50583.700000000004
L49924,L,26.55000000000001,36.05000000000001,90.0,1451.0,30.0,168.0,0,0,0,0,0,0,-9.5,43530.0
L56364,L,24.75,35.950000000000045,90.0,1665.0,29.6,22.0,0,0,0,0,0,0,-11.200000000000045,49284.0
L53929,L,28.55000000000001,37.85000000000002,90.0,1584.0,33.4,183.0,0,0,0,0,0,0,-9.300000000000011,52905.6
L51513,L,28.450000000000045,36.650000000000034,90.0,1482.0,43.5,89.0,0,0,0,0,0,0,-8.199999999999989,64467.0
M22597,M,27.350000000000023,38.85000000000002,90.0,1476.0,42.4,143.0,0,0,0,0,0,0,-11.5,62582.4
L56426,L,25.150000000000034,35.75,90.0,1629.0,31.1,172.0,0,0,0,0,0,0,-10.599999999999966,50661.9
L48562,L,25.75,37.05000000000001,90.0,1355.0,50.3,119.0,0,0,0,0,0,0,-11.300000000000011,68156.5
M16969,M,26.150000000000034,35.85000000000002,90.0,1495.0,43.4,67.0,0,0,0,0,0,0,-9.699999999999989,64883.0
L47875,L,24.450000000000045,35.85000000000002,90.0,1483.0,43.6,64.0,0,0,0,0,0,0,-11.399999999999977,64658.8
M16055,M,23.850000000000023,34.85000000000002,90.0,1581.0,47.9,58.0,0,0,0,0,0,0,-11.0,75729.9
L54779,L,27.350000000000023,38.05000000000001,90.0,1605.0,33.3,9.0,0,0,0,0,0,0,-10.699999999999989,53446.49999999999
L55251,L,27.350000000000023,38.85000000000002,90.0,1405.0,52.8,106.0,0,0,0,0,0,0,-11.5,74184.0
L53141,L,27.350000000000023,37.55000000000001,90.0,1264.0,51.2,104.0,0,0,0,0,0,0,-10.199999999999989,64716.8
M22349,M,26.950000000000045,38.25,90.0,1751.0,31.5,162.0,0,0,0,0,0,0,-11.299999999999955,55156.5
L54369,L,27.25,37.25,90.0,1570.0,36.9,46.0,0,0,0,0,0,0,-10.0,57933.0
M17690,M,27.150000000000034,36.150000000000034,90.0,1411.0,41.6,160.0,0,0,0,0,0,0,-9.0,58697.6
L56255,L,24.150000000000034,34.950000000000045,90.0,1466.0,45.5,152.0,0,0,0,0,0,0,-10.800000000000011,66703.0
M20581,M,29.150000000000034,38.650000000000034,90.0,1451.0,43.4,17.0,0,0,0,0,0,0,-9.5,62973.4
L53110,L,27.450000000000045,37.150000000000034,90.0,1483.0,51.6,50.0,0,0,0,0,0,0,-9.699999999999989,76522.8
L52742,L,29.150000000000034,38.55000000000001,90.0,1372.0,57.2,197.0,0,0,0,0,0,0,-9.399999999999977,78478.40000000001
L54235,L,27.650000000000034,37.450000000000045,90.0,1470.0,40.6,188.0,0,0,0,0,0,0,-9.800000000000011,59682.0
L49577,L,25.950000000000045,35.05000000000001,90.0,1743.0,31.3,17.0,0,0,0,0,0,0,-9.099999999999966,54555.9
M18936,M,28.75,37.85000000000002,90.0,1496.0,43.9,119.0,0,0,0,0,0,0,-9.100000000000023,65674.4
L50249,L,26.850000000000023,35.950000000000045,90.0,1791.0,51.0,108.0,0,0,0,0,0,0,-9.100000000000023,91341.0
L48739,L,25.05000000000001,35.150000000000034,90.0,1403.0,51.9,130.0,0,0,0,0,0,0,-10.100000000000023,72815.7
M20902,M,27.850000000000023,37.75,90.0,1457.0,43.8,98.0,0,0,0,0,0,0,-9.899999999999977,63816.6
L54536,L,26.55000000000001,37.05000000000001,90.0,1434.0,46.6,40.0,0,0,0,0,0,0,-10.5,66824.40000000001
L52708,L,29.25,38.650000000000034,90.0,1544.0,50.9,141.0,0,0,0,0,0,0,-9.400000000000034,78589.59999999999
L47499,L,24.650000000000034,35.25,90.0,1398.0,41.1,119.0,0,0,0,0,0,0,-10.599999999999966,57457.8
L50484,L,28.150000000000034,37.25,90.0,1489.0,45.7,25.0,0,0,0,0,0,0,-9.099999999999966,68047.3
L55313,L,25.850000000000023,36.55000000000001,90.0,1654.0,33.4,138.0,0,0,0,0,0,0,-10.699999999999989,55243.6
H35803,H,27.75,37.650000000000034,90.0,1697.0,30.3,130.0,0,0,0,0,0,0,-9.900000000000034,51419.1
L49743,L,25.650000000000034,35.950000000000045,90.0,1496.0,50.9,149.0,0,0,0,0,0,0,-10.300000000000011,76146.4
M16617,M,25.05000000000001,34.55000000000001,90.0,1498.0,40.2,57.0,0,0,0,0,0,0,-9.5,60219.600000000006
L53268,L,27.55000000000001,37.75,90.0,1373.0,39.0,188.0,0,0,0,0,0,0,-10.199999999999989,53547.0
M24680,M,25.350000000000023,36.25,90.0,1676.0,30.5,181.0,0,0,0,0,0,0,-10.899999999999977,51118.0
L55892,L,24.05000000000001,35.450000000000045,90.0,1461.0,48.9,52.0,0,0,0,0,0,0,-11.400000000000034,71442.9
L55669,L,25.350000000000023,36.150000000000034,90.0,1500.0,44.7,119.0,0,0,0,0,0,0,-10.800000000000011,67050.0
L54993,L,26.850000000000023,38.35000000000002,90.0,1603.0,33.7,152.0,0,0,0,0,0,0,-11.5,54021.100000000006
L53239,L,27.75,37.85000000000002,90.0,1441.0,43.4,156.0,0,0,0,0,0,0,-10.100000000000023,62539.4
M18384,M,28.75,37.75,90.0,1565.0,35.0,25.0,0,0,0,0,0,0,-9.0,54775.0
L51220,L,28.75,37.650000000000034,90.0,1568.0,33.4,27.0,0,0,0,0,0,0,-8.900000000000034,52371.2
L50691,L,28.650000000000034,37.85000000000002,90.0,1329.0,55.6,195.0,0,0,0,0,0,0,-9.199999999999989,73892.40000000001
L51648,L,29.450000000000045,37.25,90.0,1437.0,49.3,7.0,0,0,0,0,0,0,-7.7999999999999545,70844.09999999999
L49494,L,26.05000000000001,35.75,90.0,1568.0,39.8,175.0,0,0,0,0,0,0,-9.699999999999989,62406.399999999994
L48275,L,23.75,34.55000000000001,90.0,1524.0,41.9,18.0,0,0,0,0,0,0,-10.800000000000011,63855.6
L55508,L,25.55000000000001,36.35000000000002,90.0,1541.0,37.9,119.0,0,0,0,0,0,0,-10.800000000000011,58403.899999999994
L50014,L,27.150000000000034,36.150000000000034,90.0,1621.0,32.6,171.0,0,0,0,0,0,0,-9.0,52844.600000000006
M21590,M,28.450000000000045,37.450000000000045,90.0,1431.0,42.3,2.0,0,0,0,0,0,0,-9.0,60531.299999999996
H35166,H,29.150000000000034,38.650000000000034,90.0,1804.0,25.0,0.0,0,0,0,0,0,0,-9.5,45100.0
M22501,M,27.25,38.25,90.0,1446.0,35.6,116.0,0,0,0,0,0,0,-11.0,51477.6
M18682,M,29.25,37.85000000000002,90.0,1636.0,44.2,106.0,0,0,0,0,0,0,-8.600000000000023,72311.20000000001
L50594,L,28.350000000000023,37.25,90.0,1774.0,27.1,142.0,0,0,0,0,0,0,-8.899999999999977,48075.4
M23786,M,24.150000000000034,35.150000000000034,90.0,1502.0,37.4,26.0,0,0,0,0,0,0,-11.0,56174.799999999996
L49103,L,24.950000000000045,34.55000000000001,90.0,1529.0,34.1,11.0,0,0,0,0,0,0,-9.599999999999966,52138.9
L48748,L,25.05000000000001,35.05000000000001,90.0,1525.0,47.1,204.0,0,0,0,0,0,0,-10.0,71827.5
H30090,H,24.650000000000034,35.85000000000002,90.0,1546.0,33.9,0.0,0,0,0,0,0,0,-11.199999999999989,52409.399999999994
L55902,L,24.05000000000001,35.450000000000045,90.0,1739.0,24.4,204.0,0,0,0,0,0,0,-11.400000000000034,42431.6
L51302,L,29.05000000000001,37.450000000000045,90.0,1462.0,43.6,76.0,0,0,0,0,0,0,-8.400000000000034,63743.200000000004
L50097,L,27.450000000000045,36.150000000000034,90.0,1412.0,52.1,142.0,0,0,0,0,0,0,-8.699999999999989,73565.2
L47187,L,24.950000000000045,35.450000000000045,90.0,1472.0,39.0,9.0,0,0,0,0,0,0,-10.5,57408.0
M23877,M,24.150000000000034,34.85000000000002,90.0,1388.0,48.8,186.0,0,0,0,0,0,0,-10.699999999999989,67734.4
M22660,M,27.25,38.55000000000001,90.0,1397.0,54.2,98.0,0,0,0,0,0,0,-11.300000000000011,75717.40000000001
L50840,L,29.150000000000034,38.450000000000045,90.0,1511.0,49.1,119.0,0,0,0,0,0,0,-9.300000000000011,74190.1
L54053,L,27.850000000000023,38.25,90.0,1476.0,43.1,77.0,0,0,0,0,0,0,-10.399999999999977,63615.6
L53466,L,27.950000000000045,37.450000000000045,90.0,1512.0,35.2,70.0,0,0,0,0,0,0,-9.5,53222.4
H32498,H,26.950000000000045,36.05000000000001,90.0,1403.0,45.1,12.0,0,0,0,0,0,0,-9.099999999999966,63275.3
L51096,L,29.450000000000045,38.450000000000045,90.0,1453.0,44.9,78.0,0,0,0,0,0,0,-9.0,65239.7
M24678,M,25.350000000000023,36.25,90.0,1407.0,44.0,176.0,0,0,0,0,0,0,-10.899999999999977,61908.0
M18128,M,28.150000000000034,36.950000000000045,90.0,1408.0,46.9,199.0,0,0,0,0,0,0,-8.800000000000011,66035.2
L47884,L,24.55000000000001,35.75,90.0,1664.0,28.0,92.0,0,0,0,0,0,0,-11.199999999999989,46592.0
M17343,M,25.650000000000034,35.35000000000002,90.0,1557.0,37.1,167.0,0,0,0,0,0,0,-9.699999999999989,57764.700000000004
L48569,L,25.75,37.05000000000001,90.0,1533.0,42.8,0.0,0,0,0,0,0,0,-11.300000000000011,65612.4
L53713,L,28.150000000000034,37.55000000000001,90.0,1657.0,31.1,74.0,0,0,0,0,0,0,-9.399999999999977,51532.700000000004
M20600,M,29.150000000000034,38.55000000000001,90.0,1535.0,43.2,5.0,0,0,0,0,0,0,-9.399999999999977,66312.0
L52945,L,28.55000000000001,38.05000000000001,90.0,1368.0,49.1,66.0,0,0,0,0,0,0,-9.5,67168.8
H38897,H,25.75,36.450000000000045,90.0,1448.0,44.0,92.0,0,0,0,0,0,0,-10.700000000000045,63712.0
L56406,L,24.850000000000023,36.05000000000001,90.0,1439.0,46.4,122.0,0,0,0,0,0,0,-11.199999999999989,66769.59999999999
L54274,L,27.350000000000023,37.25,90.0,1538.0,35.9,17.0,0,0,0,0,0,0,-9.899999999999977,55214.2
M18671,M,29.350000000000023,37.650000000000034,90.0,1528.0,40.1,114.0,0,0,0,0,0,0,-8.300000000000011,61272.8
M22564,M,27.55000000000001,38.55000000000001,90.0,1562.0,34.8,52.0,0,0,0,0,0,0,-11.0,54357.6
L49604,L,25.75,35.150000000000034,90.0,1448.0,39.9,26.0,0,0,0,0,0,0,-9.400000000000034,57775.2
H34772,H,30.55000000000001,39.150000000000034,90.0,1563.0,35.0,142.0,0,0,0,0,0,0,-8.600000000000023,54705.0
L55512,L,25.650000000000034,36.55000000000001,90.0,1529.0,30.4,136.0,0,0,0,0,0,0,-10.899999999999977,46481.6
L55651,L,25.450000000000045,36.650000000000034,90.0,1496.0,46.4,76.0,0,0,0,0,0,0,-11.199999999999989,69414.4
M21493,M,28.450000000000045,37.35000000000002,90.0,1581.0,34.2,168.0,0,0,0,0,0,0,-8.899999999999977,54070.200000000004
L50584,L,28.150000000000034,37.25,90.0,1695.0,44.2,108.0,0,0,0,0,0,0,-9.099999999999966,74919.0
H29764,H,24.450000000000045,35.55000000000001,90.0,1526.0,44.3,43.0,0,0,0,0,0,0,-11.099999999999966,67601.8
L53821,L,28.350000000000023,37.35000000000002,90.0,1429.0,43.3,135.0,0,0,0,0,0,0,-9.0,61875.7
H36466,H,27.450000000000045,37.25,90.0,1466.0,42.8,124.0,0,0,0,0,0,0,-9.799999999999955,62744.799999999996
L48010,L,23.450000000000045,34.25,90.0,1394.0,42.0,168.0,0,0,0,0,0,0,-10.799999999999955,58548.0
L54569,L,26.55000000000001,37.450000000000045,90.0,1372.0,32.5,124.0,0,0,0,0,0,0,-10.900000000000034,44590.0
M18097,M,27.75,36.55000000000001,90.0,1477.0,39.9,187.0,0,0,0,0,0,0,-8.800000000000011,58932.299999999996
L48926,L,25.25,34.85000000000002,90.0,1426.0,45.2,126.0,0,0,0,0,0,0,-9.600000000000023,64455.200000000004
M18981,M,28.950000000000045,37.75,90.0,1345.0,44.2,213.0,1,0,1,0,0,0,-8.799999999999955,59449.00000000001
L47793,L,24.950000000000045,36.75,90.0,1518.0,39.9,53.0,0,0,0,0,0,0,-11.799999999999955,60568.2
L50285,L,26.650000000000034,35.950000000000045,90.0,1612.0,40.2,205.0,0,0,0,0,0,0,-9.300000000000011,64802.4
H35393,H,28.05000000000001,37.85000000000002,90.0,1451.0,41.5,80.0,0,0,0,0,0,0,-9.800000000000011,60216.5
L55591,L,25.450000000000045,36.650000000000034,90.0,1496.0,41.2,24.0,0,0,0,0,0,0,-11.199999999999989,61635.200000000004
L49856,L,26.55000000000001,36.150000000000034,90.0,1445.0,34.2,205.0,0,0,0,0,0,0,-9.600000000000023,49419.00000000001
L53860,L,28.350000000000023,37.25,90.0,1550.0,36.1,0.0,0,0,0,0,0,0,-8.899999999999977,55955.0
L48751,L,25.05000000000001,35.25,90.0,1397.0,49.6,119.0,0,0,0,0,0,0,-10.199999999999989,69291.2
M23150,M,25.75,37.55000000000001,90.0,1629.0,32.7,9.0,0,0,0,0,0,0,-11.800000000000011,53268.3
L52835,L,29.350000000000023,38.85000000000002,90.0,1487.0,41.0,2.0,0,0,0,0,0,0,-9.5,60967.0
M22187,M,26.75,37.35000000000002,90.0,1517.0,37.4,78.0,0,0,0,0,0,0,-10.600000000000023,56735.799999999996
L48951,L,25.25,35.450000000000045,90.0,1430.0,45.8,23.0,0,0,0,0,0,0,-10.200000000000045,65493.99999999999
M15226,M,24.350000000000023,35.450000000000045,90.0,1552.0,42.4,68.0,0,0,0,0,0,0,-11.100000000000023,65804.8
M24299,M,24.950000000000045,35.55000000000001,90.0,1433.0,36.7,62.0,0,0,0,0,0,0,-10.599999999999966,52591.100000000006
L55885,L,24.05000000000001,35.35000000000002,90.0,1357.0,51.2,124.0,0,0,0,0,0,0,-11.300000000000011,69478.40000000001
L55161,L,27.850000000000023,39.150000000000034,90.0,1459.0,47.7,148.0,0,0,0,0,0,0,-11.300000000000011,69594.3
H37179,H,27.150000000000034,38.35000000000002,90.0,1429.0,36.9,8.0,0,0,0,0,0,0,-11.199999999999989,52730.1
H38112,H,24.25,35.25,90.0,1375.0,46.6,14.0,0,0,0,0,0,0,-11.0,64075.0
M24753,M,25.75,36.75,90.0,1591.0,36.7,166.0,0,0,0,0,0,0,-11.0,58389.700000000004
L54888,L,27.450000000000045,38.55000000000001,90.0,1467.0,43.2,104.0,0,0,0,0,0,0,-11.099999999999966,63374.4
M24651,M,25.350000000000023,36.25,90.0,1413.0,45.5,89.0,0,0,0,0,0,0,-10.899999999999977,64291.5
L49463,L,26.05000000000001,35.35000000000002,90.0,1635.0,32.2,104.0,0,0,0,0,0,0,-9.300000000000011,52647.00000000001
L55983,L,24.25,35.35000000000002,90.0,1372.0,48.6,60.0,0,0,0,0,0,0,-11.100000000000023,66679.2
L49589,L,25.850000000000023,35.55000000000001,90.0,1367.0,47.7,181.0,0,0,0,0,0,0,-9.699999999999989,65205.9
L54264,L,27.55000000000001,37.650000000000034,90.0,1466.0,44.5,211.0,0,0,0,0,0,0,-10.100000000000023,65237.0
M24079,M,24.850000000000023,35.650000000000034,90.0,1515.0,40.0,105.0,0,0,0,0,0,0,-10.800000000000011,60600.0
L54735,L,27.150000000000034,38.150000000000034,90.0,1758.0,24.4,31.0,0,0,0,0,0,0,-11.0,42895.2
L53455,L,28.150000000000034,37.55000000000001,90.0,1571.0,32.7,42.0,0,0,0,0,0,0,-9.399999999999977,51371.700000000004
L51119,L,29.350000000000023,38.35000000000002,90.0,1495.0,38.8,175.0,0,0,0,0,0,0,-9.0,58005.99999999999
H36474,H,27.55000000000001,37.450000000000045,90.0,1446.0,43.3,150.0,0,0,0,0,0,0,-9.900000000000034,62611.799999999996
M23040,M,26.55000000000001,37.75,90.0,1459.0,48.7,180.0,0,0,0,0,0,0,-11.199999999999989,71053.3
L53239,L,27.75,37.650000000000034,90.0,1511.0,37.1,156.0,0,0,0,0,0,0,-9.900000000000034,56058.1
L56990,L,25.25,35.950000000000045,90.0,1650.0,32.9,153.0,0,0,0,0,0,0,-10.700000000000045,54285.0
L50907,L,29.150000000000034,38.05000000000001,90.0,1634.0,32.5,81.0,0,0,0,0,0,0,-8.899999999999977,53105.0
H38066,H,24.150000000000034,35.35000000000002,90.0,1461.0,41.8,108.0,0,0,0,0,0,0,-11.199999999999989,61069.799999999996
L52898,L,29.25,38.85000000000002,90.0,1621.0,32.5,59.0,0,0,0,0,0,0,-9.600000000000023,52682.5
L50330,L,27.25,36.55000000000001,90.0,1541.0,33.3,59.0,0,0,0,0,0,0,-9.300000000000011,51315.299999999996
L54719,L,27.150000000000034,38.05000000000001,90.0,1449.0,40.0,75.0,0,0,0,0,0,0,-10.899999999999977,57960.0
H35797,H,27.05000000000001,36.55000000000001,90.0,1483.0,43.8,124.0,0,0,0,0,0,0,-9.5,64955.399999999994
L56449,L,25.05000000000001,35.650000000000034,90.0,1477.0,36.1,32.0,0,0,0,0,0,0,-10.600000000000023,53319.700000000004
L48463,L,25.150000000000034,36.35000000000002,90.0,1446.0,45.8,96.0,0,0,0,0,0,0,-11.199999999999989,66226.8
M22031,M,27.05000000000001,37.05000000000001,90.0,1512.0,38.2,35.0,0,0,0,0,0,0,-10.0,57758.4
H36292,H,27.650000000000034,38.05000000000001,90.0,1518.0,35.0,90.0,0,0,0,0,0,0,-10.399999999999977,53130.0
L50488,L,28.25,37.25,90.0,1457.0,41.4,86.0,0,0,0,0,0,0,-9.0,60319.799999999996
H31372,H,24.75,34.35000000000002,90.0,1800.0,24.8,156.0,0,0,0,0,0,0,-9.600000000000023,44640.0
M23513,M,24.25,35.150000000000034,90.0,1335.0,57.9,33.0,0,0,0,0,0,0,-10.900000000000034,77296.5
L49957,L,27.05000000000001,36.25,90.0,1743.0,27.5,5.0,0,0,0,0,0,0,-9.199999999999989,47932.5
L55141,L,27.950000000000045,39.05000000000001,90.0,1489.0,40.3,146.0,0,0,0,0,0,0,-11.099999999999966,60006.7
M17789,M,27.55000000000001,36.35000000000002,90.0,1532.0,39.9,122.0,0,0,0,0,0,0,-8.800000000000011,61126.799999999996
L55001,L,26.850000000000023,38.25,90.0,1802.0,24.4,151.0,0,0,0,0,0,0,-11.399999999999977,43968.799999999996
M20934,M,27.650000000000034,37.75,90.0,1533.0,39.3,194.0,0,0,0,0,0,0,-10.099999999999966,60246.899999999994
L56906,L,25.55000000000001,36.650000000000034,90.0,1465.0,43.8,142.0,0,0,0,0,0,0,-11.100000000000023,64166.99999999999
M20334,M,29.55000000000001,38.950000000000045,90.0,1378.0,47.4,96.0,0,0,0,0,0,0,-9.400000000000034,65317.2
L53355,L,27.850000000000023,37.75,90.0,1403.0,44.3,12.0,0,0,0,0,0,0,-9.899999999999977,62152.899999999994
M16098,M,23.950000000000045,35.35000000000002,90.0,1468.0,43.2,184.0,0,0,0,0,0,0,-11.399999999999977,63417.600000000006
L52370,L,30.950000000000045,40.05000000000001,90.0,1452.0,41.0,128.0,0,0,0,0,0,0,-9.099999999999966,59532.0
M18783,M,29.05000000000001,37.85000000000002,90.0,1335.0,50.7,158.0,0,0,0,0,0,0,-8.800000000000011,67684.5
M16346,M,25.05000000000001,35.950000000000045,90.0,1524.0,34.6,161.0,0,0,0,0,0,0,-10.900000000000034,52730.4
L47497,L,24.650000000000034,35.25,90.0,1450.0,28.4,179.0,0,0,0,0,0,0,-10.599999999999966,41180.0
L49774,L,25.650000000000034,35.75,90.0,1708.0,27.3,11.0,0,0,0,0,0,0,-10.099999999999966,46628.4
L54146,L,27.650000000000034,38.05000000000001,90.0,1396.0,61.4,109.0,0,0,0,0,0,0,-10.399999999999977,85714.4
L55210,L,27.450000000000045,38.85000000000002,90.0,1606.0,42.2,3.0,0,0,0,0,0,0,-11.399999999999977,67773.20000000001
L47658,L,24.25,35.85000000000002,90.0,1498.0,44.5,161.0,0,0,0,0,0,0,-11.600000000000023,66661.0
L55227,L,27.450000000000045,38.650000000000034,90.0,1463.0,38.2,41.0,0,0,0,0,0,0,-11.199999999999989,55886.600000000006
M15923,M,23.75,34.650000000000034,90.0,1664.0,32.8,142.0,0,0,0,0,0,0,-10.900000000000034,54579.2
L49948,L,26.850000000000023,36.25,90.0,1491.0,40.1,5.0,0,0,0,0,0,0,-9.399999999999977,59789.1
M17181,M,26.150000000000034,35.650000000000034,90.0,1314.0,52.5,193.0,0,0,0,0,0,0,-9.5,68985.0
L53110,L,27.55000000000001,37.450000000000045,90.0,1589.0,33.3,50.0,0,0,0,0,0,0,-9.900000000000034,52913.7
L53001,L,28.150000000000034,37.85000000000002,90.0,1417.0,49.5,139.0,0,0,0,0,0,0,-9.699999999999989,70141.5
L49077,L,24.650000000000034,34.25,90.0,1530.0,37.5,155.0,0,0,0,0,0,0,-9.599999999999966,57375.0
L55630,L,26.05000000000001,36.85000000000002,90.0,1559.0,46.2,23.0,0,0,0,0,0,0,-10.800000000000011,72025.8
M16723,M,24.75,34.55000000000001,90.0,1465.0,39.5,69.0,0,0,0,0,0,0,-9.800000000000011,57867.5
L48983,L,24.950000000000045,34.55000000000001,90.0,1424.0,47.3,80.0,0,0,0,0,0,0,-9.599999999999966,67355.2
L53182,L,27.350000000000023,37.35000000000002,90.0,1527.0,43.0,8.0,0,0,0,0,0,0,-10.0,65661.0
L51251,L,28.75,37.450000000000045,90.0,1720.0,25.9,85.0,0,0,0,0,0,0,-8.700000000000045,44548.0
L48818,L,24.650000000000034,34.650000000000034,90.0,1611.0,35.9,102.0,0,0,0,0,0,0,-10.0,57834.899999999994
H29595,H,25.05000000000001,35.25,90.0,1811.0,24.7,49.0,0,0,0,0,0,0,-10.199999999999989,44731.7
M18543,M,29.150000000000034,38.55000000000001,90.0,1664.0,33.5,12.0,0,0,0,0,0,0,-9.399999999999977,55744.0
L49759,L,26.150000000000034,35.950000000000045,90.0,1445.0,45.5,187.0,0,0,0,0,0,0,-9.800000000000011,65747.5
L52163,L,30.650000000000034,39.85000000000002,90.0,1558.0,37.4,5.0,0,0,0,0,0,0,-9.199999999999989,58269.2
L55583,L,25.350000000000023,36.35000000000002,90.0,1446.0,40.4,115.0,0,0,0,0,0,0,-11.0,58418.4
L47242,L,25.450000000000045,35.85000000000002,90.0,1363.0,50.2,13.0,0,0,0,0,0,0,-10.399999999999977,68422.6
L52753,L,29.350000000000023,39.05000000000001,90.0,1486.0,37.9,14.0,0,0,0,0,0,0,-9.699999999999989,56319.4
H33894,H,29.55000000000001,37.55000000000001,90.0,1568.0,36.4,20.0,0,0,0,0,0,0,-8.0,57075.2
L50124,L,27.55000000000001,36.450000000000045,90.0,1505.0,34.9,174.0,0,0,0,0,0,0,-8.900000000000034,52524.5
H38258,H,24.25,35.25,90.0,1611.0,28.6,58.0,0,0,0,0,0,0,-11.0,46074.600000000006
L50662,L,28.75,37.650000000000034,90.0,1662.0,28.9,48.0,0,0,0,0,0,0,-8.900000000000034,48031.799999999996
L56777,L,25.75,36.950000000000045,90.0,1729.0,29.9,50.0,0,0,0,0,0,0,-11.200000000000045,51697.1
L48789,L,24.55000000000001,34.55000000000001,90.0,1629.0,31.9,15.0,0,0,0,0,0,0,-10.0,51965.1
L48490,L,25.75,37.150000000000034,90.0,1723.0,27.3,48.0,0,0,0,0,0,0,-11.400000000000034,47037.9
L49410,L,26.25,35.450000000000045,90.0,1455.0,41.5,173.0,0,0,0,0,0,0,-9.200000000000045,60382.5
L54278,L,27.450000000000045,37.450000000000045,90.0,1603.0,35.1,156.0,0,0,0,0,0,0,-10.0,56265.3
M17291,M,25.75,35.75,90.0,1510.0,38.9,0.0,0,0,0,0,0,0,-10.0,58739.0
L55977,L,24.150000000000034,35.450000000000045,90.0,1498.0,31.2,104.0,0,0,0,0,0,0,-11.300000000000011,46737.6
L51121,L,29.05000000000001,38.25,90.0,1631.0,19.9,200.0,0,0,0,0,0,0,-9.199999999999989,32456.899999999998
L47988,L,23.75,34.55000000000001,90.0,1424.0,37.7,59.0,0,0,0,0,0,0,-10.800000000000011,53684.8
L56434,L,25.05000000000001,35.950000000000045,90.0,1597.0,36.6,5.0,0,0,0,0,0,0,-10.900000000000034,58450.200000000004
L52933,L,29.05000000000001,38.450000000000045,90.0,1603.0,35.7,48.0,0,0,0,0,0,0,-9.400000000000034,57227.100000000006
L48402,L,23.75,35.150000000000034,90.0,1710.0,29.4,137.0,0,0,0,0,0,0,-11.400000000000034,50274.0
L54216,L,27.55000000000001,37.450000000000045,90.0,1540.0,56.2,92.0,0,0,0,0,0,0,-9.900000000000034,86548.0
L54591,L,26.850000000000023,37.85000000000002,90.0,1734.0,26.9,146.0,0,0,0,0,0,0,-11.0,46644.6
L50442,L,28.150000000000034,36.85000000000002,90.0,1517.0,43.0,199.0,0,0,0,0,0,0,-8.699999999999989,65231.0
L50242,L,26.850000000000023,35.85000000000002,90.0,1799.0,23.9,88.0,0,0,0,0,0,0,-9.0,42996.1
L53572,L,26.950000000000045,36.55000000000001,90.0,1480.0,39.4,140.0,0,0,0,0,0,0,-9.599999999999966,58312.0
L51816,L,29.850000000000023,38.150000000000034,90.0,1746.0,28.1,205.0,0,0,0,0,0,0,-8.300000000000011,49062.600000000006
M24777,M,25.350000000000023,35.650000000000034,90.0,1635.0,36.0,21.0,0,0,0,0,0,0,-10.300000000000011,58860.0
L52722,L,29.25,38.650000000000034,90.0,1433.0,43.2,136.0,0,0,0,0,0,0,-9.400000000000034,61905.600000000006
L54805,L,27.450000000000045,38.55000000000001,90.0,1445.0,44.3,76.0,0,0,0,0,0,0,-11.099999999999966,64013.49999999999
M16098,M,23.950000000000045,35.25,90.0,1502.0,33.3,146.0,0,0,0,0,0,0,-11.299999999999955,50016.6
L54090,L,27.75,38.150000000000034,90.0,1450.0,43.7,171.0,0,0,0,0,0,0,-10.400000000000034,63365.00000000001
L53376,L,27.75,37.650000000000034,90.0,1689.0,30.4,55.0,0,0,0,0,0,0,-9.900000000000034,51345.6
M18771,M,28.950000000000045,38.150000000000034,90.0,1706.0,29.9,126.0,0,0,0,0,0,0,-9.199999999999989,51009.399999999994
L55255,L,27.150000000000034,38.650000000000034,90.0,1651.0,28.2,117.0,0,0,0,0,0,0,-11.5,46558.2
M18692,M,29.150000000000034,37.75,90.0,1612.0,36.1,153.0,0,0,0,0,0,0,-8.599999999999966,58193.200000000004
L52114,L,30.450000000000045,39.05000000000001,90.0,1510.0,38.7,119.0,0,0,0,0,0,0,-8.599999999999966,58437.00000000001
L53990,L,27.75,37.55000000000001,90.0,1727.0,34.5,127.0,0,0,0,0,0,0,-9.800000000000011,59581.5
L54594,L,26.75,37.950000000000045,90.0,1488.0,41.2,186.0,0,0,0,0,0,0,-11.200000000000045,61305.600000000006
M19406,M,29.25,37.25,90.0,1499.0,42.5,191.0,0,0,0,0,0,0,-8.0,63707.5
L49078,L,24.650000000000034,34.35000000000002,90.0,1446.0,50.0,157.0,0,0,0,0,0,0,-9.699999999999989,72300.0
L53319,L,27.650000000000034,37.55000000000001,90.0,1586.0,46.7,142.0,0,0,0,0,0,0,-9.899999999999977,74066.20000000001
L53162,L,27.55000000000001,37.650000000000034,90.0,1393.0,49.1,188.0,0,0,0,0,0,0,-10.100000000000023,68396.3
L47403,L,25.25,35.450000000000045,90.0,1569.0,32.2,160.0,0,0,0,0,0,0,-10.200000000000045,50521.8
M18545,M,29.25,38.35000000000002,90.0,1459.0,43.1,184.0,0,0,0,0,0,0,-9.100000000000023,62882.9
M20748,M,28.25,37.85000000000002,90.0,1417.0,38.8,139.0,0,0,0,0,0,0,-9.600000000000023,54979.6
L55964,L,24.350000000000023,35.450000000000045,90.0,1452.0,47.8,168.0,0,0,0,0,0,0,-11.100000000000023,69405.59999999999
L55863,L,24.05000000000001,35.35000000000002,90.0,1615.0,37.0,188.0,0,0,0,0,0,0,-11.300000000000011,59755.0
L50525,L,28.150000000000034,37.55000000000001,90.0,1594.0,34.1,2.0,0,0,0,0,0,0,-9.399999999999977,54355.4
L51290,L,28.850000000000023,37.450000000000045,90.0,1361.0,38.7,182.0,0,0,0,0,0,0,-8.600000000000023,52670.700000000004
L53376,L,27.75,37.75,90.0,1701.0,30.4,55.0,0,0,0,0,0,0,-10.0,51710.399999999994
M23184,M,25.55000000000001,36.35000000000002,90.0,1394.0,52.1,113.0,0,0,0,0,0,0,-10.800000000000011,72627.40000000001
H30274,H,22.55000000000001,32.950000000000045,90.0,1753.0,27.8,9.0,0,0,0,0,0,0,-10.400000000000034,48733.4
M24696,M,25.150000000000034,36.25,90.0,1439.0,44.2,0.0,0,0,0,0,0,0,-11.099999999999966,63603.8
L50187,L,27.25,36.55000000000001,90.0,1588.0,31.8,175.0,0,0,0,0,0,0,-9.300000000000011,50498.4
L47515,L,24.25,34.950000000000045,90.0,1490.0,25.9,169.0,0,0,0,0,0,0,-10.700000000000045,38591.0
H34167,H,29.850000000000023,37.950000000000045,90.0,1607.0,36.9,39.0,0,0,0,0,0,0,-8.100000000000023,59298.299999999996
L55161,L,27.850000000000023,39.150000000000034,90.0,1501.0,40.4,155.0,0,0,0,0,0,0,-11.300000000000011,60640.4
L47946,L,23.650000000000034,34.85000000000002,90.0,1666.0,30.8,9.0,0,0,0,0,0,0,-11.199999999999989,51312.8
H36557,H,27.650000000000034,37.450000000000045,90.0,1568.0,35.4,130.0,0,0,0,0,0,0,-9.800000000000011,55507.2
L50475,L,27.950000000000045,37.25,90.0,1496.0,43.4,158.0,0,0,0,0,0,0,-9.299999999999955,64926.4
L56553,L,24.55000000000001,35.25,90.0,1326.0,62.3,101.0,0,0,0,0,0,0,-10.699999999999989,82609.8
L55257,L,27.150000000000034,38.650000000000034,90.0,1357.0,48.8,109.0,0,0,0,0,0,0,-11.5,66221.59999999999
M15287,M,24.350000000000023,35.35000000000002,90.0,1771.0,26.1,22.0,0,0,0,0,0,0,-11.0,46223.100000000006
L53496,L,27.75,37.25,90.0,1544.0,38.7,148.0,0,0,0,0,0,0,-9.5,59752.8
L53447,L,27.650000000000034,37.25,90.0,1551.0,36.6,23.0,0,0,0,0,0,0,-9.599999999999966,56766.600000000006
L47837,L,24.55000000000001,35.950000000000045,90.0,1443.0,45.1,117.0,0,0,0,0,0,0,-11.400000000000034,65079.3
L50026,L,27.150000000000034,36.05000000000001,90.0,1788.0,24.4,170.0,0,0,0,0,0,0,-8.899999999999977,43627.2
L54191,L,27.350000000000023,37.35000000000002,90.0,1536.0,36.2,114.0,0,0,0,0,0,0,-10.0,55603.200000000004
L51970,L,30.25,38.950000000000045,90.0,1603.0,32.5,197.0,0,0,0,0,0,0,-8.700000000000045,52097.5
L54753,L,27.150000000000034,37.950000000000045,90.0,1606.0,37.1,160.0,0,0,0,0,0,0,-10.800000000000011,59582.600000000006
L50120,L,27.75,36.450000000000045,90.0,1551.0,29.9,201.0,0,0,0,0,0,0,-8.700000000000045,46374.899999999994
H39184,H,25.150000000000034,34.950000000000045,90.0,1452.0,39.8,58.0,0,0,0,0,0,0,-9.800000000000011,57789.6
L54894,L,27.350000000000023,38.35000000000002,90.0,1373.0,50.8,78.0,0,0,0,0,0,0,-11.0,69748.4
L47395,L,25.150000000000034,35.450000000000045,90.0,1472.0,44.0,140.0,0,0,0,0,0,0,-10.300000000000011,64768.0
L53658,L,27.350000000000023,36.650000000000034,90.0,1462.0,41.9,143.0,0,0,0,0,0,0,-9.300000000000011,61257.799999999996
L51642,L,29.55000000000001,37.25,90.0,1501.0,46.8,112.0,0,0,0,0,0,0,-7.699999999999989,70246.8
L50314,L,27.05000000000001,36.450000000000045,90.0,1445.0,48.7,66.0,0,0,0,0,0,0,-9.400000000000034,70371.5
L53761,L,28.150000000000034,37.450000000000045,90.0,1365.0,46.3,144.0,0,0,0,0,0,0,-9.300000000000011,63199.49999999999
L48482,L,25.450000000000045,36.650000000000034,90.0,1505.0,45.7,144.0,0,0,0,0,0,0,-11.199999999999989,68778.5
L51116,L,29.350000000000023,38.35000000000002,90.0,1549.0,41.1,65.0,0,0,0,0,0,0,-9.0,63663.9
M21049,M,27.850000000000023,37.75,90.0,1522.0,46.3,37.0,0,0,0,0,0,0,-9.899999999999977,70468.59999999999
L56881,L,25.75,36.650000000000034,90.0,1448.0,42.2,74.0,0,0,0,0,0,0,-10.900000000000034,61105.600000000006
L49838,L,26.850000000000023,36.150000000000034,90.0,1395.0,44.5,40.0,0,0,0,0,0,0,-9.300000000000011,62077.5
L56333,L,24.350000000000023,35.450000000000045,90.0,1546.0,33.8,13.0,0,0,0,0,0,0,-11.100000000000023,52254.799999999996
L52759,L,29.450000000000045,39.05000000000001,90.0,1595.0,36.8,32.0,0,0,0,0,0,0,-9.599999999999966,58695.99999999999
L56319,L,24.350000000000023,35.450000000000045,90.0,1590.0,33.3,108.0,0,0,0,0,0,0,-11.100000000000023,52946.99999999999
L48709,L,24.950000000000045,35.85000000000002,90.0,1557.0,49.8,56.0,0,0,0,0,0,0,-10.899999999999977,77538.59999999999
L49002,L,24.950000000000045,34.450000000000045,90.0,1488.0,34.6,157.0,0,0,0,0,0,0,-9.5,51484.8
M17763,M,27.55000000000001,36.35000000000002,90.0,1431.0,31.3,108.0,0,0,0,0,0,0,-8.800000000000011,44790.3
L53372,L,27.850000000000023,37.75,90.0,1528.0,38.4,47.0,0,0,0,0,0,0,-9.899999999999977,58675.2
L51621,L,29.25,37.05000000000001,90.0,1445.0,46.0,148.0,0,0,0,0,0,0,-7.800000000000011,66470.0
M18707,M,29.150000000000034,37.85000000000002,90.0,1503.0,45.7,175.0,0,0,0,0,0,0,-8.699999999999989,68687.1
M21657,M,27.850000000000023,37.55000000000001,90.0,1348.0,54.8,95.0,0,0,0,0,0,0,-9.699999999999989,73870.4
M17080,M,26.450000000000045,35.85000000000002,90.0,1520.0,41.2,56.0,0,0,0,0,0,0,-9.399999999999977,62624.00000000001
M18806,M,29.150000000000034,38.150000000000034,90.0,1658.0,31.0,2.0,0,0,0,0,0,0,-9.0,51398.0
L52421,L,30.55000000000001,39.950000000000045,90.0,1683.0,28.4,98.0,0,0,0,0,0,0,-9.400000000000034,47797.2
L53916,L,28.450000000000045,37.85000000000002,90.0,1396.0,48.2,144.0,0,0,0,0,0,0,-9.399999999999977,67287.2
L50411,L,27.55000000000001,36.150000000000034,90.0,1525.0,36.5,100.0,0,0,0,0,0,0,-8.600000000000023,55662.5
L49810,L,26.850000000000023,36.650000000000034,90.0,1472.0,42.6,101.0,0,0,0,0,0,0,-9.800000000000011,62707.200000000004
M23008,M,26.55000000000001,37.25,90.0,1488.0,39.5,127.0,0,0,0,0,0,0,-10.699999999999989,58776.0
L56798,L,25.850000000000023,36.950000000000045,90.0,1490.0,37.8,102.0,0,0,0,0,0,0,-11.100000000000023,56321.99999999999
L47333,L,25.25,35.05000000000001,90.0,1495.0,40.3,126.0,0,0,0,0,0,0,-9.800000000000011,60248.49999999999
L56333,L,24.350000000000023,35.25,90.0,1546.0,33.8,127.0,0,0,0,0,0,0,-10.899999999999977,52254.799999999996
L51039,L,29.55000000000001,38.450000000000045,90.0,1370.0,54.0,211.0,1,0,0,0,1,0,-8.900000000000034,73980.0
L53038,L,28.150000000000034,37.85000000000002,90.0,1417.0,48.5,78.0,0,0,0,0,0,0,-9.699999999999989,68724.5
L54250,L,27.55000000000001,37.55000000000001,90.0,1399.0,61.0,177.0,0,0,0,0,0,0,-10.0,85339.0
L49998,L,27.05000000000001,36.25,90.0,1428.0,44.8,59.0,0,0,0,0,0,0,-9.199999999999989,63974.399999999994
M23921,M,24.25,35.25,90.0,1369.0,26.0,110.0,0,0,0,0,0,0,-11.0,35594.0
M24765,M,25.55000000000001,35.650000000000034,90.0,1581.0,32.7,200.0,0,0,0,0,0,0,-10.100000000000023,51698.700000000004
L53413,L,28.05000000000001,37.150000000000034,90.0,1576.0,37.6,104.0,0,0,0,0,0,0,-9.100000000000023,59257.600000000006
L52175,L,30.450000000000045,39.450000000000045,90.0,1471.0,47.5,124.0,0,0,0,0,0,0,-9.0,69872.5
L51049,L,29.55000000000001,38.55000000000001,90.0,1467.0,39.1,8.0,0,0,0,0,0,0,-9.0,57359.700000000004
L48810,L,24.75,34.75,90.0,1406.0,47.9,85.0,0,0,0,0,0,0,-10.0,67347.4
L48840,L,24.850000000000023,34.650000000000034,90.0,1499.0,38.1,166.0,0,0,0,0,0,0,-9.800000000000011,57111.9
M19706,M,30.150000000000034,38.650000000000034,90.0,1367.0,47.5,75.0,1,0,1,0,0,0,-8.5,64932.5
M17035,M,26.450000000000045,36.150000000000034,90.0,1590.0,53.2,137.0,0,0,0,0,0,0,-9.699999999999989,84588.0
L56314,L,24.55000000000001,35.55000000000001,90.0,1581.0,36.3,95.0,0,0,0,0,0,0,-11.0,57390.299999999996
M20651,M,28.650000000000034,38.150000000000034,90.0,1542.0,40.1,49.0,0,0,0,0,0,0,-9.5,61834.200000000004
L53373,L,27.850000000000023,37.75,90.0,1577.0,38.4,49.0,0,0,0,0,0,0,-9.899999999999977,60556.799999999996
L49002,L,24.950000000000045,34.75,90.0,1388.0,39.4,157.0,0,0,0,0,0,0,-9.799999999999955,54687.2
L48175,L,23.150000000000034,34.05000000000001,90.0,1440.0,45.1,175.0,0,0,0,0,0,0,-10.899999999999977,64944.0
L54275,L,27.450000000000045,36.950000000000045,90.0,1759.0,28.7,19.0,0,0,0,0,0,0,-9.5,50483.299999999996
L56084,L,24.25,35.55000000000001,90.0,1692.0,28.3,116.0,0,0,0,0,0,0,-11.300000000000011,47883.6
L53466,L,27.950000000000045,37.450000000000045,90.0,1364.0,35.2,70.0,0,0,0,0,0,0,-9.5,48012.8
M24162,M,26.150000000000034,37.05000000000001,90.0,1589.0,40.3,16.0,0,0,0,0,0,0,-10.899999999999977,64036.7
L49818,L,26.650000000000034,36.35000000000002,90.0,1539.0,37.4,128.0,0,0,0,0,0,0,-9.699999999999989,57558.6
L53071,L,28.25,37.85000000000002,90.0,1547.0,39.4,157.0,0,0,0,0,0,0,-9.600000000000023,60951.799999999996
L48282,L,23.450000000000045,34.25,90.0,1594.0,31.8,43.0,0,0,0,0,0,0,-10.799999999999955,50689.200000000004
L52861,L,29.05000000000001,38.450000000000045,90.0,1383.0,44.3,124.0,0,0,0,0,0,0,-9.400000000000034,61266.899999999994
L53339,L,27.850000000000023,37.85000000000002,90.0,1499.0,37.0,190.0,0,0,0,0,0,0,-10.0,55463.0
L51208,L,28.850000000000023,37.75,90.0,1415.0,44.9,156.0,0,0,0,0,0,0,-8.899999999999977,63533.5
L49185,L,25.350000000000023,35.05000000000001,90.0,1622.0,36.6,20.0,0,0,0,0,0,0,-9.699999999999989,59365.200000000004
L51813,L,29.850000000000023,38.150000000000034,90.0,1382.0,50.5,203.0,0,0,0,0,0,0,-8.300000000000011,69791.0
L55864,L,24.05000000000001,35.150000000000034,90.0,1556.0,40.4,179.0,0,0,0,0,0,0,-11.100000000000023,62862.399999999994
L54274,L,27.450000000000045,37.05000000000001,90.0,1493.0,47.9,18.0,0,0,0,0,0,0,-9.599999999999966,71514.7
L56076,L,24.25,35.55000000000001,90.0,1456.0,51.7,131.0,0,0,0,0,0,0,-11.300000000000011,75275.2
L57036,L,25.450000000000045,36.150000000000034,90.0,1683.0,33.0,176.0,0,0,0,0,0,0,-10.699999999999989,55539.0
H35545,H,27.850000000000023,37.85000000000002,90.0,1359.0,49.7,135.0,0,0,0,0,0,0,-10.0,67542.3
M15535,M,24.55000000000001,35.950000000000045,90.0,1424.0,43.2,2.0,0,0,0,0,0,0,-11.400000000000034,61516.8
L49931,L,26.55000000000001,36.05000000000001,90.0,1412.0,46.4,168.0,0,0,0,0,0,0,-9.5,65516.799999999996
L53758,L,28.25,37.450000000000045,90.0,1543.0,40.9,7.0,0,0,0,0,0,0,-9.200000000000045,63108.7
L54915,L,27.350000000000023,38.450000000000045,90.0,1406.0,38.2,136.0,0,0,0,0,0,0,-11.100000000000023,53709.200000000004
L51623,L,29.350000000000023,37.150000000000034,90.0,1405.0,40.6,23.0,0,0,0,0,0,0,-7.800000000000011,57043.0
L50849,L,29.150000000000034,38.35000000000002,90.0,1465.0,40.2,143.0,0,0,0,0,0,0,-9.199999999999989,58893.00000000001
H35511,H,27.75,37.650000000000034,90.0,1477.0,50.5,2.0,0,0,0,0,0,0,-9.900000000000034,74588.5
M21483,M,28.25,37.55000000000001,90.0,1442.0,44.3,91.0,0,0,0,0,0,0,-9.300000000000011,63880.6
L55447,L,26.05000000000001,37.450000000000045,90.0,1560.0,38.8,175.0,0,0,0,0,0,0,-11.400000000000034,60527.99999999999
L53413,L,28.05000000000001,37.75,90.0,1471.0,37.1,153.0,0,0,0,0,0,0,-9.699999999999989,54574.1
L50526,L,28.150000000000034,37.55000000000001,90.0,1534.0,35.7,174.0,0,0,0,0,0,0,-9.399999999999977,54763.8
L57115,L,25.150000000000034,35.150000000000034,90.0,1452.0,39.0,94.0,0,0,0,0,0,0,-10.0,56628.0
M17598,M,26.650000000000034,35.950000000000045,90.0,1454.0,44.4,155.0,0,0,0,0,0,0,-9.300000000000011,64557.6
L51677,L,29.350000000000023,37.150000000000034,90.0,1523.0,36.0,70.0,0,0,0,0,0,0,-7.800000000000011,54828.0
M21496,M,28.350000000000023,37.35000000000002,90.0,1510.0,48.7,47.0,0,0,0,0,0,0,-9.0,73537.0
L51840,L,30.05000000000001,38.05000000000001,90.0,1435.0,43.9,174.0,0,0,0,0,0,0,-8.0,62996.5
L48659,L,25.05000000000001,36.150000000000034,90.0,1355.0,41.5,148.0,0,0,0,0,0,0,-11.100000000000023,56232.5
M17891,M,27.450000000000045,36.55000000000001,90.0,1474.0,39.1,4.0,0,0,0,0,0,0,-9.099999999999966,57633.4
L51841,L,30.150000000000034,38.150000000000034,90.0,1610.0,32.9,124.0,0,0,0,0,0,0,-8.0,52969.0
L49990,L,26.650000000000034,35.950000000000045,90.0,1790.0,25.1,131.0,0,0,0,0,0,0,-9.300000000000011,44929.0
L50252,L,26.950000000000045,36.05000000000001,90.0,1314.0,58.2,114.0,0,0,0,0,0,0,-9.099999999999966,76474.8
L56777,L,25.75,36.950000000000045,90.0,1418.0,44.8,52.0,0,0,0,0,0,0,-11.200000000000045,63526.399999999994
L50701,L,28.75,37.75,90.0,1469.0,46.1,193.0,0,0,0,0,0,0,-9.0,67720.90000000001
L49053,L,25.25,34.950000000000045,90.0,1367.0,52.7,92.0,0,0,0,0,0,0,-9.700000000000045,72040.90000000001
L52425,L,30.450000000000045,39.85000000000002,90.0,1575.0,50.9,54.0,0,0,0,0,0,0,-9.399999999999977,80167.5
M17691,M,27.25,36.05000000000001,90.0,1490.0,46.9,163.0,0,0,0,0,0,0,-8.800000000000011,69881.0
L53795,L,28.55000000000001,37.450000000000045,90.0,1595.0,38.7,73.0,0,0,0,0,0,0,-8.900000000000034,61726.50000000001
M24406,M,26.450000000000045,38.05000000000001,90.0,1560.0,43.9,192.0,0,0,0,0,0,0,-11.599999999999966,68484.0
L50565,L,28.350000000000023,37.55000000000001,90.0,1466.0,43.6,79.0,0,0,0,0,0,0,-9.199999999999989,63917.6
M18981,M,28.950000000000045,37.450000000000045,90.0,1615.0,29.5,0.0,0,0,0,0,0,0,-8.5,47642.5
L52372,L,30.75,39.950000000000045,90.0,1424.0,46.0,130.0,0,0,0,0,0,0,-9.200000000000045,65504.0
L56898,L,25.75,36.75,90.0,1396.0,45.5,117.0,0,0,0,0,0,0,-11.0,63518.0
L56278,L,24.150000000000034,35.05000000000001,90.0,1469.0,49.5,0.0,0,0,0,0,0,0,-10.899999999999977,72715.5
L50873,L,28.950000000000045,38.150000000000034,90.0,1397.0,31.5,64.0,0,0,0,0,0,0,-9.199999999999989,44005.5
L56150,L,23.950000000000045,34.75,90.0,1438.0,41.2,98.0,0,0,0,0,0,0,-10.799999999999955,59245.600000000006
L56766,L,26.25,37.450000000000045,90.0,1348.0,54.5,143.0,0,0,0,0,0,0,-11.200000000000045,73466.0
L56833,L,25.950000000000045,36.950000000000045,90.0,1486.0,41.9,201.0,0,0,0,0,0,0,-11.0,62263.4
L51574,L,29.05000000000001,36.85000000000002,90.0,1465.0,48.6,156.0,0,0,0,0,0,0,-7.800000000000011,71199.0
L54272,L,27.55000000000001,37.05000000000001,90.0,1481.0,42.1,5.0,0,0,0,0,0,0,-9.5,62350.1
M20649,M,28.650000000000034,37.950000000000045,90.0,1615.0,35.8,147.0,0,0,0,0,0,0,-9.300000000000011,57816.99999999999
H32866,H,28.450000000000045,37.25,90.0,1615.0,35.4,2.0,0,0,0,0,0,0,-8.799999999999955,57171.0
L53723,L,28.25,37.650000000000034,90.0,1298.0,52.7,155.0,0,0,0,0,0,0,-9.400000000000034,68404.6
L55089,L,27.350000000000023,38.85000000000002,90.0,1798.0,27.5,193.0,0,0,0,0,0,0,-11.5,49445.0
L52202,L,30.850000000000023,39.950000000000045,90.0,1453.0,39.4,171.0,0,0,0,0,0,0,-9.100000000000023,57248.2
L50478,L,28.05000000000001,37.150000000000034,90.0,1433.0,38.1,124.0,0,0,0,0,0,0,-9.100000000000023,54597.3
H34786,H,29.75,39.150000000000034,90.0,1431.0,44.7,175.0,0,0,0,0,0,0,-9.400000000000034,63965.700000000004
M20321,M,29.75,39.150000000000034,90.0,1450.0,52.1,145.0,0,0,0,0,0,0,-9.400000000000034,75545.0
L53866,L,28.55000000000001,37.55000000000001,90.0,1318.0,47.2,192.0,0,0,0,0,0,0,-9.0,62209.600000000006
M24112,M,25.05000000000001,35.85000000000002,90.0,1589.0,37.9,148.0,0,0,0,0,0,0,-10.800000000000011,60223.1
L50616,L,28.350000000000023,37.35000000000002,90.0,1466.0,36.9,189.0,0,0,0,0,0,0,-9.0,54095.4
L54812,L,27.350000000000023,38.35000000000002,90.0,1607.0,33.5,94.0,0,0,0,0,0,0,-11.0,53834.5
M15645,M,23.75,34.85000000000002,90.0,1636.0,33.5,57.0,0,0,0,0,0,0,-11.100000000000023,54806.0
M18694,M,29.05000000000001,37.950000000000045,90.0,1348.0,61.4,152.0,0,0,0,0,0,0,-8.900000000000034,82767.2
H31184,H,25.05000000000001,34.450000000000045,90.0,1425.0,44.3,74.0,0,0,0,0,0,0,-9.400000000000034,63127.49999999999
L56576,L,24.55000000000001,35.05000000000001,90.0,1474.0,47.3,13.0,0,0,0,0,0,0,-10.5,69720.2
M18269,M,28.05000000000001,37.25,90.0,1567.0,34.1,150.0,0,0,0,0,0,0,-9.199999999999989,53434.700000000004
M24089,M,25.05000000000001,35.450000000000045,90.0,1447.0,49.6,166.0,0,0,0,0,0,0,-10.400000000000034,71771.2
L55237,L,27.05000000000001,38.35000000000002,90.0,1686.0,34.2,67.0,0,0,0,0,0,0,-11.300000000000011,57661.200000000004
L51281,L,28.650000000000034,37.25,90.0,1477.0,46.4,127.0,0,0,0,0,0,0,-8.599999999999966,68532.8
L54457,L,26.950000000000045,37.05000000000001,90.0,1496.0,38.2,85.0,0,0,0,0,0,0,-10.099999999999966,57147.200000000004
L47480,L,24.650000000000034,35.25,90.0,1469.0,45.3,134.0,0,0,0,0,0,0,-10.599999999999966,66545.7
L54584,L,26.650000000000034,37.650000000000034,90.0,1447.0,40.2,161.0,0,0,0,0,0,0,-11.0,58169.4
L53947,L,28.350000000000023,37.75,90.0,1447.0,44.9,16.0,0,0,0,0,0,0,-9.399999999999977,64970.299999999996
L54728,L,27.05000000000001,38.25,90.0,1495.0,43.6,36.0,0,0,0,0,0,0,-11.199999999999989,65182.0
L47239,L,25.650000000000034,35.950000000000045,90.0,1461.0,48.7,47.0,0,0,0,0,0,0,-10.300000000000011,71150.7
H36354,H,28.150000000000034,37.650000000000034,90.0,1509.0,40.1,25.0,0,0,0,0,0,0,-9.5,60510.9
L53041,L,28.25,37.85000000000002,90.0,1474.0,47.3,84.0,0,0,0,0,0,0,-9.600000000000023,69720.2
L57142,L,25.05000000000001,34.75,90.0,1429.0,52.3,192.0,0,0,0,0,0,0,-9.699999999999989,74736.7
L50302,L,26.850000000000023,36.150000000000034,90.0,1462.0,39.7,37.0,0,0,0,0,0,0,-9.300000000000011,58041.4
L54763,L,27.25,38.05000000000001,90.0,1416.0,47.9,192.0,0,0,0,0,0,0,-10.800000000000011,67826.4
L50765,L,28.75,37.950000000000045,90.0,1455.0,43.2,137.0,0,0,0,0,0,0,-9.200000000000045,62856.00000000001
L49397,L,26.55000000000001,35.950000000000045,90.0,1610.0,33.0,139.0,0,0,0,0,0,0,-9.400000000000034,53130.0
L53702,L,28.150000000000034,37.85000000000002,90.0,1667.0,30.8,59.0,0,0,0,0,0,0,-9.699999999999989,51343.6
M20956,M,27.650000000000034,37.55000000000001,90.0,1483.0,32.2,110.0,0,0,0,0,0,0,-9.899999999999977,47752.600000000006
M18294,M,28.350000000000023,37.35000000000002,90.0,1456.0,44.1,184.0,0,0,0,0,0,0,-9.0,64209.6
L47400,L,25.25,35.55000000000001,90.0,1486.0,42.4,144.0,0,0,0,0,0,0,-10.300000000000011,63006.4
H38789,H,24.55000000000001,35.25,90.0,1378.0,49.5,98.0,0,0,0,0,0,0,-10.699999999999989,68211.0
L57070,L,25.650000000000034,36.35000000000002,90.0,1767.0,27.6,157.0,0,0,0,0,0,0,-10.699999999999989,48769.200000000004
L56921,L,25.75,36.950000000000045,90.0,1630.0,42.9,2.0,0,0,0,0,0,0,-11.200000000000045,69927.0
M21756,M,27.850000000000023,38.450000000000045,90.0,1376.0,40.0,140.0,0,0,0,0,0,0,-10.600000000000023,55040.0
L55251,L,27.350000000000023,38.85000000000002,90.0,1555.0,41.7,106.0,0,0,0,0,0,0,-11.5,64843.50000000001
M17626,M,26.850000000000023,36.35000000000002,90.0,1368.0,55.1,176.0,0,0,0,0,0,0,-9.5,75376.8
M22546,M,27.55000000000001,38.25,90.0,1614.0,36.9,38.0,0,0,0,0,0,0,-10.699999999999989,59556.6
L49056,L,25.150000000000034,34.85000000000002,90.0,1390.0,62.0,98.0,0,0,0,0,0,0,-9.699999999999989,86180.0
L54272,L,27.55000000000001,37.05000000000001,90.0,1486.0,47.2,8.0,0,0,0,0,0,0,-9.5,70139.2
L53345,L,27.650000000000034,37.55000000000001,90.0,1416.0,52.4,180.0,0,0,0,0,0,0,-9.899999999999977,74198.4
L53915,L,28.450000000000045,37.55000000000001,90.0,1533.0,35.9,148.0,0,0,0,0,0,0,-9.099999999999966,55034.7
M22526,M,27.350000000000023,38.450000000000045,90.0,1318.0,52.8,192.0,0,0,0,0,0,0,-11.100000000000023,69590.4
L50678,L,28.75,37.55000000000001,90.0,1465.0,45.3,2.0,0,0,0,0,0,0,-8.800000000000011,66364.5
L55418,L,25.950000000000045,37.25,90.0,1548.0,40.3,92.0,0,0,0,0,0,0,-11.299999999999955,62384.399999999994
L50966,L,29.150000000000034,37.650000000000034,90.0,1480.0,43.5,59.0,0,0,0,0,0,0,-8.5,64380.0
H31532,H,26.150000000000034,35.75,90.0,1429.0,43.0,98.0,0,0,0,0,0,0,-9.599999999999966,61447.0
L52627,L,29.850000000000023,39.75,90.0,1511.0,44.1,109.0,0,0,0,0,0,0,-9.899999999999977,66635.1
L48448,L,24.950000000000045,36.450000000000045,90.0,1452.0,46.4,46.0,0,0,0,0,0,0,-11.5,67372.8
L52784,L,29.75,39.150000000000034,90.0,1412.0,46.5,92.0,0,0,0,0,0,0,-9.400000000000034,65658.0
L55669,L,25.25,36.450000000000045,90.0,1608.0,33.0,37.0,0,0,0,0,0,0,-11.200000000000045,53064.0
M15683,M,23.55000000000001,34.450000000000045,90.0,1490.0,38.4,150.0,0,0,0,0,0,0,-10.900000000000034,57216.0
L54773,L,27.25,37.950000000000045,90.0,1405.0,40.3,197.0,0,0,0,0,0,0,-10.700000000000045,56621.49999999999
H35707,H,27.850000000000023,37.25,90.0,1512.0,34.8,86.0,0,0,0,0,0,0,-9.399999999999977,52617.6
L55678,L,25.350000000000023,36.55000000000001,90.0,1539.0,38.5,191.0,0,0,0,0,0,0,-11.199999999999989,59251.5
M19541,M,30.350000000000023,38.650000000000034,90.0,1584.0,35.8,94.0,0,0,0,0,0,0,-8.300000000000011,56707.2
L55774,L,24.25,35.150000000000034,90.0,1533.0,44.3,174.0,0,0,0,0,0,0,-10.900000000000034,67911.9
M21522,M,28.150000000000034,37.150000000000034,90.0,1658.0,30.1,190.0,0,0,0,0,0,0,-9.0,49905.8
M19892,M,30.850000000000023,39.950000000000045,90.0,1694.0,31.4,104.0,0,0,0,0,0,0,-9.100000000000023,53191.6
L54228,L,27.450000000000045,37.25,90.0,1568.0,37.7,116.0,0,0,0,0,0,0,-9.799999999999955,59113.600000000006
H30318,H,22.55000000000001,33.05000000000001,90.0,1489.0,39.4,151.0,0,0,0,0,0,0,-10.5,58666.6
L55589,L,25.350000000000023,36.450000000000045,90.0,1553.0,44.6,133.0,0,0,0,0,0,0,-11.100000000000023,69263.8
L47432,L,24.950000000000045,35.05000000000001,90.0,1620.0,35.8,148.0,0,0,0,0,0,0,-10.099999999999966,57995.99999999999
L56962,L,25.450000000000045,36.450000000000045,90.0,1373.0,53.2,66.0,0,0,0,0,0,0,-11.0,73043.6
M22794,M,27.650000000000034,38.75,90.0,1394.0,46.7,135.0,0,0,0,0,0,0,-11.099999999999966,65099.8
L47242,L,25.650000000000034,35.85000000000002,90.0,1619.0,31.6,37.0,0,0,0,0,0,0,-10.199999999999989,51160.4
L50561,L,28.150000000000034,37.650000000000034,90.0,1455.0,44.1,45.0,0,0,0,0,0,0,-9.5,64165.5
L52420,L,30.55000000000001,39.75,90.0,1355.0,54.5,44.0,0,0,0,0,0,0,-9.199999999999989,73847.5
L54337,L,26.950000000000045,36.85000000000002,90.0,1486.0,40.1,182.0,0,0,0,0,0,0,-9.899999999999977,59588.6
M19947,M,30.850000000000023,39.85000000000002,90.0,1477.0,43.2,66.0,0,0,0,0,0,0,-9.0,63806.4
L57160,L,25.450000000000045,35.25,90.0,1559.0,36.6,101.0,0,0,0,0,0,0,-9.799999999999955,57059.4
M21687,M,27.850000000000023,37.75,90.0,1515.0,43.2,92.0,0,0,0,0,0,0,-9.899999999999977,65448.00000000001
L53561,L,27.05000000000001,36.55000000000001,90.0,1394.0,42.7,156.0,0,0,0,0,0,0,-9.5,59523.8
L56828,L,25.950000000000045,37.150000000000034,90.0,1445.0,43.2,185.0,0,0,0,0,0,0,-11.199999999999989,62424.00000000001
L53071,L,28.25,37.85000000000002,90.0,1334.0,47.5,157.0,0,0,0,0,0,0,-9.600000000000023,63365.0
L54260,L,27.450000000000045,37.25,90.0,1418.0,47.3,203.0,0,0,0,0,0,0,-9.799999999999955,67071.4
L53610,L,27.150000000000034,36.650000000000034,90.0,1394.0,46.6,176.0,0,0,0,0,0,0,-9.5,64960.4
M16584,M,25.150000000000034,34.450000000000045,90.0,1360.0,52.5,176.0,0,0,0,0,0,0,-9.300000000000011,71400.0
L51523,L,28.55000000000001,36.650000000000034,90.0,1490.0,38.8,156.0,0,0,0,0,0,0,-8.100000000000023,57811.99999999999
L54237,L,27.650000000000034,37.450000000000045,90.0,1466.0,39.1,144.0,0,0,0,0,0,0,-9.800000000000011,57320.6
M19822,M,30.75,39.55000000000001,90.0,1532.0,40.0,160.0,0,0,0,0,0,0,-8.800000000000011,61280.0
L54027,L,28.05000000000001,38.25,90.0,1757.0,28.0,94.0,0,0,0,0,0,0,-10.199999999999989,49196.0
L49451,L,26.05000000000001,35.35000000000002,90.0,1568.0,34.4,69.0,0,0,0,0,0,0,-9.300000000000011,53939.2
L57141,L,25.05000000000001,34.75,90.0,1474.0,39.4,137.0,0,0,0,0,0,0,-9.699999999999989,58075.6
M22642,M,27.25,38.450000000000045,90.0,1518.0,34.4,53.0,0,0,0,0,0,0,-11.200000000000045,52219.2
L49158,L,24.850000000000023,34.650000000000034,90.0,1441.0,41.2,148.0,0,0,0,0,0,0,-9.800000000000011,59369.200000000004
L51446,L,29.450000000000045,37.950000000000045,90.0,1615.0,31.2,184.0,0,0,0,0,0,0,-8.5,50388.0
L53866,L,28.55000000000001,37.85000000000002,90.0,1715.0,24.8,59.0,0,0,0,0,0,0,-9.300000000000011,42532.0
H38742,H,25.350000000000023,35.950000000000045,90.0,1679.0,33.9,184.0,0,0,0,0,0,0,-10.600000000000023,56918.1
L53542,L,26.850000000000023,36.450000000000045,90.0,1683.0,28.7,119.0,0,0,0,0,0,0,-9.600000000000023,48302.1
L55508,L,25.450000000000045,36.35000000000002,90.0,1816.0,23.4,0.0,0,0,0,0,0,0,-10.899999999999977,42494.399999999994
L53625,L,27.25,37.150000000000034,90.0,1662.0,34.4,57.0,0,0,0,0,0,0,-9.900000000000034,57172.799999999996
L55277,L,27.05000000000001,38.55000000000001,90.0,1462.0,43.7,172.0,0,0,0,0,0,0,-11.5,63889.4
L56602,L,24.950000000000045,35.150000000000034,90.0,1717.0,27.6,21.0,0,0,0,0,0,0,-10.199999999999989,47389.200000000004
L49190,L,25.450000000000045,35.150000000000034,90.0,1404.0,48.0,32.0,0,0,0,0,0,0,-9.699999999999989,67392.0
L51728,L,29.350000000000023,37.35000000000002,90.0,1448.0,43.3,197.0,0,0,0,0,0,0,-8.0,62698.399999999994
L47806,L,25.25,36.950000000000045,90.0,1544.0,39.5,92.0,0,0,0,0,0,0,-11.700000000000045,60988.0
L56782,L,25.75,37.05000000000001,90.0,1375.0,45.5,63.0,0,0,0,0,0,0,-11.300000000000011,62562.5
L56376,L,24.850000000000023,35.650000000000034,90.0,1529.0,40.6,2.0,0,0,0,0,0,0,-10.800000000000011,62077.4
L52978,L,28.350000000000023,37.75,90.0,1356.0,39.0,160.0,0,0,0,0,0,0,-9.399999999999977,52884.0
H31906,H,25.950000000000045,36.35000000000002,90.0,1481.0,38.3,187.0,0,0,0,0,0,0,-10.399999999999977,56722.299999999996
M24079,M,24.55000000000001,35.75,90.0,1609.0,33.0,68.0,0,0,0,0,0,0,-11.199999999999989,53097.0
L53049,L,28.350000000000023,37.85000000000002,90.0,1432.0,48.7,147.0,0,0,0,0,0,0,-9.5,69738.40000000001
H36632,H,26.75,36.650000000000034,90.0,1567.0,36.2,119.0,0,0,0,0,0,0,-9.900000000000034,56725.4
L55418,L,25.950000000000045,37.25,90.0,1519.0,45.3,0.0,0,0,0,0,0,0,-11.299999999999955,68810.7
L54892,L,27.450000000000045,38.35000000000002,90.0,1699.0,31.6,73.0,0,0,0,0,0,0,-10.899999999999977,53688.4
L56470,L,25.05000000000001,35.85000000000002,90.0,1413.0,42.2,87.0,0,0,0,0,0,0,-10.800000000000011,59628.600000000006
L53157,L,27.450000000000045,37.55000000000001,90.0,1423.0,40.5,171.0,0,0,0,0,0,0,-10.099999999999966,57631.5
L55850,L,24.350000000000023,35.450000000000045,90.0,1546.0,40.2,155.0,0,0,0,0,0,0,-11.100000000000023,62149.200000000004
M17019,M,26.350000000000023,36.05000000000001,90.0,1351.0,49.5,210.0,0,0,0,0,0,0,-9.699999999999989,66874.5
M17747,M,27.350000000000023,36.450000000000045,90.0,1365.0,51.2,157.0,0,0,0,0,0,0,-9.100000000000023,69888.0
L47850,L,24.450000000000045,35.85000000000002,90.0,1515.0,36.2,202.0,0,0,0,0,0,0,-11.399999999999977,54843.00000000001
L50482,L,28.25,37.35000000000002,90.0,1734.0,31.6,72.0,0,0,0,0,0,0,-9.100000000000023,54794.4
L53562,L,27.05000000000001,36.55000000000001,90.0,1623.0,34.5,156.0,0,0,0,0,0,0,-9.5,55993.5
L53756,L,28.350000000000023,37.35000000000002,90.0,1488.0,43.7,186.0,0,0,0,0,0,0,-9.0,65025.600000000006
L49078,L,24.650000000000034,34.35000000000002,90.0,1530.0,37.0,157.0,0,0,0,0,0,0,-9.699999999999989,56610.0
M18453,M,28.650000000000034,37.25,90.0,1377.0,44.8,161.0,0,0,0,0,0,0,-8.599999999999966,61689.6
M22680,M,27.05000000000001,38.35000000000002,90.0,1431.0,43.4,26.0,0,0,0,0,0,0,-11.300000000000011,62105.4
H30368,H,22.75,33.450000000000045,90.0,1495.0,38.4,79.0,0,0,0,0,0,0,-10.700000000000045,57408.0
L54679,L,27.150000000000034,38.650000000000034,90.0,1486.0,26.3,187.0,0,0,0,0,0,0,-11.5,39081.8
L53945,L,28.350000000000023,37.75,90.0,1603.0,31.2,9.0,0,0,0,0,0,0,-9.399999999999977,50013.6
M24305,M,24.450000000000045,35.55000000000001,90.0,1279.0,56.7,125.0,0,0,0,0,0,0,-11.099999999999966,72519.3
L55582,L,25.150000000000034,36.35000000000002,90.0,1473.0,44.1,113.0,0,0,0,0,0,0,-11.199999999999989,64959.3
L49078,L,24.650000000000034,34.35000000000002,90.0,1675.0,29.1,157.0,0,0,0,0,0,0,-9.699999999999989,48742.5
L53142,L,27.350000000000023,37.650000000000034,90.0,1754.0,29.9,125.0,0,0,0,0,0,0,-10.300000000000011,52444.6
L49197,L,25.55000000000001,35.35000000000002,90.0,1485.0,42.8,44.0,0,0,0,0,0,0,-9.800000000000011,63557.99999999999
M17086,M,25.950000000000045,35.75,90.0,1685.0,32.5,105.0,0,0,0,0,0,0,-9.799999999999955,54762.5
L56498,L,25.350000000000023,36.150000000000034,90.0,1569.0,32.1,17.0,0,0,0,0,0,0,-10.800000000000011,50364.9
L56933,L,25.350000000000023,36.650000000000034,90.0,1463.0,50.1,203.0,0,0,0,0,0,0,-11.300000000000011,73296.3
L49827,L,26.650000000000034,36.150000000000034,90.0,1452.0,41.2,198.0,0,0,0,0,0,0,-9.5,59822.4
M21657,M,28.05000000000001,37.55000000000001,90.0,1636.0,34.9,30.0,0,0,0,0,0,0,-9.5,57096.399999999994
L53466,L,27.950000000000045,37.450000000000045,90.0,1407.0,46.9,70.0,0,0,0,0,0,0,-9.5,65988.3
M20160,M,30.650000000000034,40.150000000000034,90.0,1386.0,57.4,202.0,0,0,0,0,0,0,-9.5,79556.4
L55994,L,24.05000000000001,35.25,90.0,1462.0,51.2,135.0,0,0,0,0,0,0,-11.199999999999989,74854.40000000001
M22184,M,26.75,36.450000000000045,90.0,1612.0,33.0,20.0,0,0,0,0,0,0,-9.700000000000045,53196.0
M17863,M,27.450000000000045,36.35000000000002,90.0,1429.0,45.8,94.0,0,0,0,0,0,0,-8.899999999999977,65448.2
L51687,L,29.25,36.950000000000045,90.0,1455.0,31.8,190.0,0,0,0,0,0,0,-7.7000000000000455,46269.0
L52237,L,30.650000000000034,39.75,90.0,1619.0,31.8,192.0,0,0,0,0,0,0,-9.099999999999966,51484.200000000004
L50703,L,28.650000000000034,37.75,90.0,1379.0,49.2,188.0,0,0,0,0,0,0,-9.099999999999966,67846.8
L49078,L,24.75,34.35000000000002,90.0,1690.0,29.0,157.0,0,0,0,0,0,0,-9.600000000000023,49010.0
L53038,L,28.25,37.950000000000045,90.0,1348.0,44.5,78.0,0,0,0,0,0,0,-9.700000000000045,59986.0
H32498,H,26.850000000000023,36.150000000000034,90.0,1329.0,55.2,21.0,0,0,0,0,0,0,-9.300000000000011,73360.8
L49166,L,24.950000000000045,34.75,90.0,1483.0,44.0,185.0,0,0,0,0,0,0,-9.799999999999955,65252.0
H31547,H,26.25,35.85000000000002,90.0,1762.0,28.0,141.0,0,0,0,0,0,0,-9.600000000000023,49336.0
M17247,M,26.150000000000034,35.35000000000002,90.0,1627.0,33.7,132.0,0,0,0,0,0,0,-9.199999999999989,54829.9
L57148,L,25.25,34.85000000000002,90.0,1705.0,23.8,154.0,0,0,0,0,0,0,-9.600000000000023,40579.0
M18058,M,26.850000000000023,35.950000000000045,90.0,1451.0,45.7,11.0,0,0,0,0,0,0,-9.100000000000023,66310.7
L48195,L,23.05000000000001,34.05000000000001,90.0,1471.0,43.6,22.0,0,0,0,0,0,0,-11.0,64135.6
L48487,L,25.55000000000001,36.85000000000002,90.0,1556.0,39.4,154.0,0,0,0,0,0,0,-11.300000000000011,61306.399999999994
L53407,L,28.05000000000001,37.650000000000034,90.0,1523.0,38.2,139.0,0,0,0,0,0,0,-9.600000000000023,58178.600000000006
L47641,L,24.25,35.450000000000045,90.0,1555.0,42.5,196.0,0,0,0,0,0,0,-11.200000000000045,66087.5
L56257,L,24.150000000000034,34.950000000000045,90.0,1436.0,26.1,154.0,0,0,0,0,0,0,-10.800000000000011,37479.6
L55255,L,27.25,38.85000000000002,90.0,1556.0,31.1,117.0,0,0,0,0,0,0,-11.600000000000023,48391.600000000006
L53271,L,27.75,37.55000000000001,90.0,1412.0,57.5,14.0,0,0,0,0,0,0,-9.800000000000011,81190.0
L56236,L,24.150000000000034,35.25,90.0,1556.0,37.1,156.0,0,0,0,0,0,0,-11.099999999999966,57727.600000000006
M21991,M,27.350000000000023,36.75,90.0,1708.0,30.4,141.0,0,0,0,0,0,0,-9.399999999999977,51923.2
L50765,L,28.650000000000034,37.55000000000001,90.0,1709.0,27.7,137.0,0,0,0,0,0,0,-8.899999999999977,47339.299999999996
L48709,L,24.950000000000045,35.85000000000002,90.0,1448.0,44.0,56.0,0,0,0,0,0,0,-10.899999999999977,63712.0
L56313,L,24.55000000000001,35.55000000000001,90.0,1662.0,45.7,93.0,0,0,0,0,0,0,-11.0,75953.40000000001
L48482,L,25.450000000000045,36.650000000000034,90.0,1506.0,45.7,141.0,0,0,0,0,0,0,-11.199999999999989,68824.2
M18599,M,29.150000000000034,38.05000000000001,90.0,1453.0,47.0,115.0,0,0,0,0,0,0,-8.899999999999977,68291.0
L51237,L,28.850000000000023,37.650000000000034,90.0,1512.0,38.6,52.0,0,0,0,0,0,0,-8.800000000000011,58363.200000000004
L49327,L,26.25,35.75,90.0,1550.0,45.3,174.0,0,0,0,0,0,0,-9.5,70215.0
L50218,L,27.25,36.35000000000002,90.0,1501.0,44.8,19.0,0,0,0,0,0,0,-9.100000000000023,67244.8
L53793,L,28.55000000000001,37.450000000000045,90.0,1513.0,43.0,64.0,0,0,0,0,0,0,-8.900000000000034,65059.0
M20931,M,27.75,37.650000000000034,90.0,1418.0,52.0,185.0,0,0,0,0,0,0,-9.900000000000034,73736.0
M23732,M,24.75,36.05000000000001,90.0,1614.0,38.1,87.0,0,0,0,0,0,0,-11.300000000000011,61493.4
L51643,L,29.25,37.35000000000002,90.0,1735.0,27.0,203.0,0,0,0,0,0,0,-8.100000000000023,46845.0
L47975,L,23.75,34.75,90.0,1418.0,39.1,76.0,0,0,0,0,0,0,-11.0,55443.8
L49314,L,26.150000000000034,35.85000000000002,90.0,1326.0,59.0,146.0,0,0,0,0,0,0,-9.699999999999989,78234.0
M24781,M,25.350000000000023,35.05000000000001,90.0,1472.0,41.1,33.0,0,0,0,0,0,0,-9.699999999999989,60499.200000000004
L55568,L,25.75,36.75,90.0,1365.0,46.5,5.0,0,0,0,0,0,0,-11.0,63472.5
H38754,H,25.25,36.05000000000001,90.0,1436.0,37.1,2.0,0,0,0,0,0,0,-10.800000000000011,53275.6
M22122,M,27.25,37.450000000000045,90.0,1534.0,36.7,14.0,0,0,0,0,0,0,-10.200000000000045,56297.8
H31146,H,25.150000000000034,34.55000000000001,90.0,1415.0,44.1,116.0,0,0,0,0,0,0,-9.399999999999977,62401.5
L56930,L,25.55000000000001,36.650000000000034,90.0,1555.0,32.6,197.0,0,0,0,0,0,0,-11.100000000000023,50693.0
L52807,L,29.55000000000001,38.950000000000045,90.0,1468.0,43.3,157.0,0,0,0,0,0,0,-9.400000000000034,63564.399999999994
L53661,L,27.05000000000001,36.75,90.0,1465.0,43.9,92.0,0,0,0,0,0,0,-9.699999999999989,64313.5
L48891,L,25.05000000000001,34.650000000000034,90.0,1355.0,51.3,64.0,0,0,0,0,0,0,-9.600000000000023,69511.5
L55627,L,25.450000000000045,36.950000000000045,90.0,1523.0,49.9,17.0,0,0,0,0,0,0,-11.5,75997.7
H35424,H,27.55000000000001,37.55000000000001,90.0,1536.0,43.4,26.0,0,0,0,0,0,0,-10.0,66662.4
L47768,L,24.450000000000045,36.25,90.0,1517.0,41.2,229.0,0,0,0,0,0,0,-11.799999999999955,62500.4
L50603,L,28.25,37.25,90.0,1496.0,44.8,0.0,0,0,0,0,0,0,-9.0,67020.8
L56909,L,25.650000000000034,36.650000000000034,90.0,1613.0,31.8,145.0,0,0,0,0,0,0,-11.0,51293.4
L49952,L,26.75,36.25,90.0,1467.0,29.6,20.0,0,0,0,0,0,0,-9.5,43423.200000000004
L52041,L,30.350000000000023,39.05000000000001,90.0,1409.0,52.9,104.0,0,0,0,0,0,0,-8.699999999999989,74536.09999999999
L51669,L,29.350000000000023,37.25,90.0,1487.0,40.2,46.0,0,0,0,0,0,0,-7.899999999999977,59777.4
L57142,L,25.05000000000001,34.75,90.0,1498.0,42.0,168.0,0,0,0,0,0,0,-9.699999999999989,62916.0
L51560,L,28.650000000000034,36.450000000000045,90.0,1435.0,49.0,223.0,0,0,0,0,0,0,-7.800000000000011,70315.0
H38486,H,24.05000000000001,34.950000000000045,90.0,1555.0,35.7,140.0,0,0,0,0,0,0,-10.900000000000034,55513.50000000001
L54276,L,27.450000000000045,37.35000000000002,90.0,1489.0,47.8,21.0,0,0,0,0,0,0,-9.899999999999977,71174.2
L51956,L,30.350000000000023,38.950000000000045,90.0,1584.0,36.4,7.0,0,0,0,0,0,0,-8.600000000000023,57657.6
M16341,M,24.950000000000045,36.05000000000001,90.0,1506.0,37.2,147.0,0,0,0,0,0,0,-11.099999999999966,56023.200000000004
L47941,L,23.55000000000001,34.650000000000034,90.0,1452.0,47.3,206.0,0,0,0,0,0,0,-11.100000000000023,68679.59999999999
L50447,L,28.05000000000001,36.85000000000002,90.0,1431.0,48.0,7.0,0,0,0,0,0,0,-8.800000000000011,68688.0
L48448,L,24.850000000000023,36.35000000000002,90.0,1548.0,36.6,50.0,0,0,0,0,0,0,-11.5,56656.8
L49279,L,26.25,36.150000000000034,90.0,1521.0,41.5,96.0,0,0,0,0,0,0,-9.900000000000034,63121.5
L50579,L,28.25,37.35000000000002,90.0,1436.0,43.2,94.0,0,0,0,0,0,0,-9.100000000000023,62035.200000000004
M20654,M,28.75,38.35000000000002,90.0,1492.0,40.8,124.0,0,0,0,0,0,0,-9.600000000000023,60873.6
L49907,L,26.55000000000001,36.150000000000034,90.0,1560.0,37.4,127.0,0,0,0,0,0,0,-9.600000000000023,58344.0
M23447,M,24.25,34.75,90.0,1320.0,54.3,166.0,0,0,0,0,0,0,-10.5,71676.0
M23266,M,25.25,36.450000000000045,90.0,1452.0,45.3,76.0,0,0,0,0,0,0,-11.200000000000045,65775.59999999999
L55737,L,25.150000000000034,35.85000000000002,90.0,1471.0,48.6,91.0,0,0,0,0,0,0,-10.699999999999989,71490.6
M18752,M,28.450000000000045,37.25,90.0,1557.0,33.4,26.0,0,0,0,0,0,0,-8.799999999999955,52003.799999999996
L51264,L,28.850000000000023,37.25,90.0,1427.0,35.6,117.0,0,0,0,0,0,0,-8.399999999999977,50801.200000000004
L55396,L,25.950000000000045,37.35000000000002,90.0,1791.0,27.0,124.0,0,0,0,0,0,0,-11.399999999999977,48357.0
L53040,L,28.150000000000034,37.75,90.0,1470.0,40.3,85.0,0,0,0,0,0,0,-9.599999999999966,59240.99999999999
H34746,H,30.450000000000045,39.55000000000001,90.0,1403.0,46.2,141.0,0,0,0,0,0,0,-9.099999999999966,64818.600000000006
M23818,M,24.25,34.950000000000045,90.0,1734.0,38.2,70.0,0,0,0,0,0,0,-10.700000000000045,66238.8
L56410,L,25.05000000000001,36.05000000000001,90.0,1573.0,39.0,133.0,0,0,0,0,0,0,-11.0,61347.0
L50701,L,28.75,37.450000000000045,90.0,1401.0,50.1,193.0,0,0,0,0,0,0,-8.700000000000045,70190.1
M24775,M,25.350000000000023,35.55000000000001,90.0,1662.0,28.3,139.0,0,0,0,0,0,0,-10.199999999999989,47034.6
L54040,L,27.950000000000045,38.05000000000001,90.0,1734.0,27.7,52.0,0,0,0,0,0,0,-10.099999999999966,48031.799999999996
M16658,M,24.850000000000023,34.55000000000001,90.0,1431.0,48.4,92.0,0,0,0,0,0,0,-9.699999999999989,69260.4
L54049,L,27.850000000000023,38.05000000000001,90.0,1412.0,47.0,64.0,0,0,0,0,0,0,-10.199999999999989,66364.0
L52764,L,29.25,38.75,90.0,1578.0,42.8,102.0,0,0,0,0,0,0,-9.5,67538.4
M19352,M,30.650000000000034,39.35000000000002,90.0,1430.0,56.5,193.0,0,0,0,0,0,0,-8.699999999999989,80795.0
L50236,L,27.25,36.25,90.0,1387.0,38.7,152.0,0,0,0,0,0,0,-9.0,53676.9
L48409,L,23.950000000000045,35.25,90.0,1304.0,53.5,204.0,0,0,0,0,0,0,-11.299999999999955,69764.0
H35550,H,27.75,37.650000000000034,90.0,1390.0,43.7,131.0,0,0,0,0,0,0,-9.900000000000034,60743.00000000001
L48831,L,24.75,34.650000000000034,90.0,1394.0,46.7,109.0,0,0,0,0,0,0,-9.900000000000034,65099.8
L55230,L,27.05000000000001,38.35000000000002,90.0,1426.0,43.3,73.0,0,0,0,0,0,0,-11.300000000000011,61745.799999999996
H35393,H,27.450000000000045,37.55000000000001,90.0,1501.0,37.7,48.0,0,0,0,0,0,0,-10.099999999999966,56587.700000000004
L47792,L,24.950000000000045,36.75,90.0,1530.0,35.5,198.0,0,0,0,0,0,0,-11.799999999999955,54315.0
L48397,L,23.75,34.75,90.0,1547.0,43.4,117.0,0,0,0,0,0,0,-11.0,67139.8
L55966,L,24.350000000000023,35.35000000000002,90.0,1506.0,36.7,146.0,0,0,0,0,0,0,-11.0,55270.200000000004
L55774,L,24.25,34.85000000000002,90.0,1356.0,39.0,184.0,0,0,0,0,0,0,-10.600000000000023,52884.0
H30653,H,24.350000000000023,35.55000000000001,90.0,1332.0,45.5,144.0,0,0,0,0,0,0,-11.199999999999989,60606.0
L54543,L,26.350000000000023,37.35000000000002,90.0,1506.0,40.3,56.0,0,0,0,0,0,0,-11.0,60691.799999999996
L49671,L,25.850000000000023,35.75,90.0,1431.0,42.3,0.0,0,0,0,0,0,0,-9.899999999999977,60531.299999999996
L54675,L,27.150000000000034,38.75,90.0,1387.0,47.0,177.0,0,0,0,0,0,0,-11.599999999999966,65189.0
L47720,L,24.25,36.25,90.0,1642.0,45.5,94.0,0,0,0,0,0,0,-12.0,74711.0
L56473,L,25.05000000000001,35.85000000000002,90.0,1713.0,27.3,97.0,0,0,0,0,0,0,-10.800000000000011,46764.9
M21319,M,27.350000000000023,36.85000000000002,90.0,1582.0,38.8,174.0,0,0,0,0,0,0,-9.5,61381.6
H32866,H,28.350000000000023,36.85000000000002,90.0,1468.0,44.5,2.0,0,0,0,0,0,0,-8.5,65326.0
L56424,L,25.05000000000001,35.75,90.0,1586.0,34.1,168.0,0,0,0,0,0,0,-10.699999999999989,54082.600000000006
M17612,M,26.55000000000001,36.55000000000001,90.0,1681.0,30.4,189.0,0,0,0,0,0,0,-10.0,51102.399999999994
L51501,L,28.55000000000001,37.05000000000001,90.0,1362.0,62.8,192.0,1,0,1,0,0,0,-8.5,85533.59999999999
L48790,L,24.650000000000034,34.55000000000001,90.0,1573.0,37.9,33.0,0,0,0,0,0,0,-9.899999999999977,59616.7
L53901,L,28.55000000000001,38.05000000000001,90.0,1336.0,61.4,104.0,0,0,0,0,0,0,-9.5,82030.4
L53757,L,28.25,37.25,90.0,1530.0,40.2,188.0,0,0,0,0,0,0,-9.0,61506.00000000001
L50420,L,27.75,36.35000000000002,90.0,1389.0,50.3,124.0,0,0,0,0,0,0,-8.600000000000023,69866.7
L49707,L,25.650000000000034,35.75,90.0,1438.0,44.5,190.0,0,0,0,0,0,0,-10.099999999999966,63991.0
L50992,L,28.850000000000023,37.450000000000045,90.0,1427.0,50.0,84.0,0,0,0,0,0,0,-8.600000000000023,71350.0
L55389,L,26.150000000000034,37.650000000000034,90.0,1530.0,40.0,197.0,0,0,0,0,0,0,-11.5,61200.0
L50240,L,26.850000000000023,35.85000000000002,90.0,1401.0,46.7,59.0,0,0,0,0,0,0,-9.0,65426.700000000004
H30996,H,23.950000000000045,34.650000000000034,90.0,1485.0,49.0,179.0,0,0,0,0,0,0,-10.699999999999989,72765.0
L52330,L,31.150000000000034,40.450000000000045,90.0,1590.0,35.7,17.0,0,0,0,0,0,0,-9.300000000000011,56763.00000000001
L53972,L,28.650000000000034,37.55000000000001,90.0,1467.0,40.4,84.0,0,0,0,0,0,0,-8.899999999999977,59266.799999999996
M14923,M,25.75,35.85000000000002,90.0,1812.0,25.9,0.0,0,0,0,0,0,0,-10.100000000000023,46930.799999999996
M22739,M,27.650000000000034,39.150000000000034,90.0,1535.0,40.3,114.0,0,0,0,0,0,0,-11.5,61860.49999999999
M21202,M,27.150000000000034,36.650000000000034,90.0,1546.0,42.0,55.0,0,0,0,0,0,0,-9.5,64932.0
L49306,L,26.150000000000034,35.85000000000002,90.0,1544.0,35.5,121.0,0,0,0,0,0,0,-9.699999999999989,54812.0
M23954,M,24.150000000000034,34.950000000000045,90.0,1408.0,46.1,171.0,0,0,0,0,0,0,-10.800000000000011,64908.8
L50607,L,28.450000000000045,37.450000000000045,90.0,1544.0,36.6,185.0,0,0,0,0,0,0,-9.0,56510.4
L50660,L,28.75,37.650000000000034,90.0,1475.0,40.6,79.0,0,0,0,0,0,0,-8.900000000000034,59885.0
M21994,M,27.350000000000023,36.85000000000002,90.0,1397.0,48.3,111.0,0,0,0,0,0,0,-9.5,67475.09999999999
M16091,M,24.05000000000001,35.35000000000002,90.0,1458.0,42.4,158.0,0,0,0,0,0,0,-11.300000000000011,61819.2
M20358,M,29.75,39.35000000000002,90.0,1651.0,33.8,23.0,0,0,0,0,0,0,-9.600000000000023,55803.799999999996
L53458,L,28.05000000000001,37.55000000000001,90.0,1424.0,52.6,40.0,0,0,0,0,0,0,-9.5,74902.40000000001
L54765,L,27.25,37.950000000000045,90.0,1481.0,38.7,189.0,0,0,0,0,0,0,-10.700000000000045,57314.700000000004
M21711,M,27.650000000000034,38.25,90.0,1659.0,33.6,16.0,0,0,0,0,0,0,-10.599999999999966,55742.4
L50831,L,28.950000000000045,38.35000000000002,90.0,1386.0,56.6,202.0,0,0,0,0,0,0,-9.399999999999977,78447.6
M15520,M,24.55000000000001,35.950000000000045,90.0,1700.0,27.4,176.0,0,0,0,0,0,0,-11.400000000000034,46580.0
M19810,M,30.75,39.85000000000002,90.0,1450.0,40.2,119.0,0,0,0,0,0,0,-9.100000000000023,58290.00000000001
M15412,M,24.25,36.150000000000034,90.0,1456.0,47.1,26.0,0,0,0,0,0,0,-11.900000000000034,68577.6
L48361,L,24.05000000000001,35.25,90.0,1527.0,34.2,21.0,0,0,0,0,0,0,-11.199999999999989,52223.4
L54665,L,27.150000000000034,38.450000000000045,90.0,1669.0,38.8,154.0,0,0,0,0,0,0,-11.300000000000011,64757.2
L48636,L,25.850000000000023,37.150000000000034,90.0,1383.0,53.0,91.0,0,0,0,0,0,0,-11.300000000000011,73299.0
M19019,M,28.850000000000023,37.35000000000002,90.0,1469.0,43.8,94.0,0,0,0,0,0,0,-8.5,64342.2
L52757,L,29.25,39.05000000000001,90.0,1455.0,40.4,127.0,0,0,0,0,0,0,-9.800000000000011,58782.0
M18462,M,28.55000000000001,37.450000000000045,90.0,1544.0,43.0,188.0,0,0,0,0,0,0,-8.900000000000034,66392.0
L48152,L,22.650000000000034,33.450000000000045,90.0,1431.0,49.6,115.0,0,0,0,0,0,0,-10.800000000000011,70977.6
M21077,M,27.650000000000034,37.650000000000034,90.0,1329.0,60.4,103.0,0,0,0,0,0,0,-10.0,80271.59999999999
M22546,M,27.55000000000001,38.55000000000001,90.0,1454.0,48.9,185.0,0,0,0,0,0,0,-11.0,71100.59999999999
L49996,L,26.850000000000023,36.25,90.0,1434.0,47.4,127.0,0,0,0,0,0,0,-9.399999999999977,67971.59999999999
L55580,L,25.450000000000045,36.450000000000045,90.0,1533.0,40.7,135.0,0,0,0,0,0,0,-11.0,62393.100000000006
L50922,L,29.150000000000034,38.25,90.0,1434.0,43.9,44.0,0,0,0,0,0,0,-9.099999999999966,62952.6
L48343,L,23.950000000000045,35.150000000000034,90.0,1519.0,36.0,171.0,0,0,0,0,0,0,-11.199999999999989,54684.0
M24299,M,24.950000000000045,35.55000000000001,90.0,1734.0,27.4,62.0,0,0,0,0,0,0,-10.599999999999966,47511.6
L55814,L,24.55000000000001,35.150000000000034,90.0,1732.0,28.9,61.0,0,0,0,0,0,0,-10.600000000000023,50054.799999999996
L50668,L,28.75,37.75,90.0,1546.0,43.8,99.0,0,0,0,0,0,0,-9.0,67714.79999999999
L54369,L,27.25,37.25,90.0,1648.0,33.6,48.0,0,0,0,0,0,0,-10.0,55372.8
H38687,H,25.05000000000001,35.55000000000001,90.0,1520.0,38.9,53.0,0,0,0,0,0,0,-10.5,59128.0
L55819,L,24.350000000000023,35.25,90.0,1614.0,35.8,24.0,0,0,0,0,0,0,-10.899999999999977,57781.2
L55411,L,25.950000000000045,37.25,90.0,1423.0,43.0,139.0,0,0,0,0,0,0,-11.299999999999955,61189.0
L56688,L,25.850000000000023,36.950000000000045,90.0,1593.0,36.0,173.0,0,0,0,0,0,0,-11.100000000000023,57348.0
L56352,L,24.55000000000001,35.55000000000001,90.0,1715.0,27.2,193.0,0,0,0,0,0,0,-11.0,46648.0
L51835,L,29.950000000000045,37.950000000000045,90.0,1435.0,47.6,19.0,0,0,0,0,0,0,-8.0,68306.0
L53058,L,28.25,37.85000000000002,90.0,1675.0,35.8,85.0,0,0,0,0,0,0,-9.600000000000023,59964.99999999999
L50102,L,27.55000000000001,36.35000000000002,90.0,1731.0,30.6,153.0,0,0,0,0,0,0,-8.800000000000011,52968.600000000006
L55053,L,27.55000000000001,39.150000000000034,90.0,1470.0,38.6,56.0,0,0,0,0,0,0,-11.600000000000023,56742.0
L55668,L,25.25,36.25,90.0,1385.0,45.9,121.0,0,0,0,0,0,0,-11.0,63571.5
M16976,M,26.25,36.25,90.0,1589.0,31.0,196.0,0,0,0,0,0,0,-10.0,49259.0
H39210,H,25.25,36.150000000000034,90.0,1495.0,30.9,0.0,0,0,0,0,0,0,-10.900000000000034,46195.5
L55600,L,25.75,37.25,90.0,1555.0,36.6,159.0,0,0,0,0,0,0,-11.5,56913.0
L52420,L,30.55000000000001,39.85000000000002,90.0,1484.0,42.0,44.0,0,0,0,0,0,0,-9.300000000000011,62328.0
L53256,L,27.850000000000023,37.75,90.0,1512.0,36.7,190.0,0,0,0,0,0,0,-9.899999999999977,55490.4
L52537,L,30.150000000000034,39.35000000000002,90.0,1425.0,40.6,92.0,0,0,0,0,0,0,-9.199999999999989,57855.0
M23670,M,24.150000000000034,35.55000000000001,90.0,1625.0,35.4,28.0,0,0,0,0,0,0,-11.399999999999977,57525.0
L47705,L,24.25,36.25,90.0,1466.0,29.6,53.0,0,0,0,0,0,0,-12.0,43393.6
L55587,L,25.25,36.35000000000002,90.0,1357.0,38.1,64.0,0,0,0,0,0,0,-11.100000000000023,51701.700000000004
L51237,L,28.850000000000023,37.650000000000034,90.0,1487.0,42.0,38.0,0,0,0,0,0,0,-8.800000000000011,62454.0
L56412,L,25.05000000000001,35.85000000000002,90.0,1537.0,36.0,59.0,0,0,0,0,0,0,-10.800000000000011,55332.0
L53668,L,27.55000000000001,36.650000000000034,90.0,1611.0,34.3,171.0,0,0,0,0,0,0,-9.100000000000023,55257.299999999996
L55706,L,25.150000000000034,36.150000000000034,90.0,1492.0,45.3,14.0,0,0,0,0,0,0,-11.0,67587.59999999999
M17366,M,25.75,35.950000000000045,90.0,1507.0,34.7,6.0,0,0,0,0,0,0,-10.200000000000045,52292.9
L55411,L,26.05000000000001,37.450000000000045,90.0,1510.0,37.9,96.0,0,0,0,0,0,0,-11.400000000000034,57229.0
L52352,L,30.950000000000045,40.05000000000001,90.0,1396.0,51.2,68.0,0,0,0,0,0,0,-9.099999999999966,71475.2
L56716,L,26.150000000000034,37.450000000000045,90.0,1430.0,42.1,102.0,0,0,0,0,0,0,-11.300000000000011,60203.0
L47930,L,23.55000000000001,35.05000000000001,90.0,1356.0,45.6,210.0,0,0,0,0,0,0,-11.5,61833.6
L53459,L,28.150000000000034,37.650000000000034,90.0,1431.0,42.8,50.0,0,0,0,0,0,0,-9.5,61246.799999999996
L53971,L,28.05000000000001,37.55000000000001,90.0,1551.0,41.2,59.0,0,0,0,0,0,0,-9.5,63901.200000000004
L56169,L,24.05000000000001,34.75,90.0,1688.0,30.4,81.0,0,0,0,0,0,0,-10.699999999999989,51315.2
M19810,M,30.650000000000034,39.55000000000001,90.0,1408.0,47.0,181.0,0,0,0,0,0,0,-8.899999999999977,66176.0
M23972,M,24.450000000000045,35.35000000000002,90.0,1482.0,38.3,39.0,0,0,0,0,0,0,-10.899999999999977,56760.6
M18098,M,27.75,36.150000000000034,90.0,1392.0,42.7,119.0,0,0,0,0,0,0,-8.400000000000034,59438.4
L50824,L,29.05000000000001,38.25,90.0,1776.0,25.4,81.0,0,0,0,0,0,0,-9.199999999999989,45110.399999999994
L56907,L,25.650000000000034,36.650000000000034,90.0,1461.0,39.9,130.0,0,0,0,0,0,0,-11.0,58293.9
L54781,L,27.25,38.150000000000034,90.0,1372.0,55.5,18.0,0,0,0,0,0,0,-10.900000000000034,76146.0
L51974,L,30.450000000000045,39.450000000000045,90.0,1604.0,37.8,160.0,0,0,0,0,0,0,-9.0,60631.2
L52899,L,29.150000000000034,38.85000000000002,90.0,1524.0,43.3,171.0,0,0,0,0,0,0,-9.699999999999989,65989.2
L47452,L,24.950000000000045,34.950000000000045,90.0,1738.0,27.3,47.0,0,0,0,0,0,0,-10.0,47447.4
M23699,M,24.25,35.75,90.0,1640.0,35.2,166.0,0,0,0,0,0,0,-11.5,57728.00000000001
L50703,L,28.650000000000034,37.75,90.0,1364.0,55.5,197.0,0,0,0,0,0,0,-9.099999999999966,75702.0
L51667,L,29.350000000000023,37.35000000000002,90.0,1436.0,40.0,43.0,0,0,0,0,0,0,-8.0,57440.0
M22441,M,27.150000000000034,38.150000000000034,90.0,1454.0,41.6,33.0,0,0,0,0,0,0,-11.0,60486.4
L53630,L,27.150000000000034,37.05000000000001,90.0,1448.0,43.6,179.0,0,0,0,0,0,0,-9.899999999999977,63132.8
H36996,H,27.55000000000001,38.05000000000001,90.0,1489.0,45.9,162.0,0,0,0,0,0,0,-10.5,68345.09999999999
L55336,L,25.850000000000023,37.35000000000002,90.0,1392.0,56.8,26.0,0,0,0,0,0,0,-11.5,79065.59999999999
M17758,M,27.450000000000045,36.450000000000045,90.0,1456.0,44.7,85.0,0,0,0,0,0,0,-9.0,65083.200000000004
L55397,L,26.150000000000034,37.450000000000045,90.0,1577.0,37.3,44.0,0,0,0,0,0,0,-11.300000000000011,58822.1
L47999,L,23.650000000000034,34.450000000000045,90.0,1446.0,48.6,148.0,0,0,0,0,0,0,-10.800000000000011,70275.6
L56894,L,25.75,36.85000000000002,90.0,1525.0,40.1,106.0,0,0,0,0,0,0,-11.100000000000023,61152.5
L55850,L,24.350000000000023,35.75,90.0,1530.0,42.3,155.0,0,0,0,0,0,0,-11.399999999999977,64718.99999999999
M23150,M,25.75,37.35000000000002,90.0,1677.0,27.2,14.0,0,0,0,0,0,0,-11.600000000000023,45614.4
L52833,L,29.350000000000023,38.650000000000034,90.0,1648.0,29.7,215.0,0,0,0,0,0,0,-9.300000000000011,48945.6
M15227,M,24.450000000000045,35.25,90.0,1488.0,41.5,64.0,0,0,0,0,0,0,-10.799999999999955,61752.0
L52310,L,30.950000000000045,40.150000000000034,90.0,1485.0,46.3,121.0,0,0,0,0,0,0,-9.199999999999989,68755.5
L54769,L,27.25,37.85000000000002,90.0,1518.0,38.0,18.0,0,0,0,0,0,0,-10.600000000000023,57684.0
M18541,M,28.950000000000045,38.150000000000034,90.0,1786.0,26.7,174.0,0,0,0,0,0,0,-9.199999999999989,47686.2
M17353,M,25.850000000000023,35.650000000000034,90.0,1418.0,47.6,204.0,0,0,0,0,0,0,-9.800000000000011,67496.8
M23329,M,25.450000000000045,36.650000000000034,90.0,1280.0,45.5,2.0,0,0,0,0,0,0,-11.199999999999989,58240.0
L54276,L,27.450000000000045,37.05000000000001,90.0,1524.0,43.9,21.0,0,0,0,0,0,0,-9.599999999999966,66903.59999999999
L53273,L,27.75,37.650000000000034,90.0,1375.0,57.2,20.0,0,0,0,0,0,0,-9.900000000000034,78650.0
L57141,L,25.05000000000001,34.75,90.0,1399.0,54.9,137.0,0,0,0,0,0,0,-9.699999999999989,76805.09999999999
L54132,L,27.650000000000034,38.150000000000034,90.0,1498.0,40.6,73.0,0,0,0,0,0,0,-10.5,60818.8
L49216,L,25.650000000000034,35.55000000000001,90.0,1679.0,28.5,79.0,0,0,0,0,0,0,-9.899999999999977,47851.5
L51493,L,28.55000000000001,37.05000000000001,90.0,1637.0,29.9,37.0,0,0,0,0,0,0,-8.5,48946.299999999996
L50947,L,29.150000000000034,37.950000000000045,90.0,1695.0,30.9,183.0,0,0,0,0,0,0,-8.800000000000011,52375.5
L52688,L,29.55000000000001,38.950000000000045,90.0,1347.0,52.8,192.0,0,0,0,0,0,0,-9.400000000000034,71121.59999999999
H31324,H,24.75,35.85000000000002,90.0,1583.0,32.0,161.0,0,0,0,0,0,0,-11.100000000000023,50656.0
L48429,L,24.05000000000001,35.55000000000001,90.0,1416.0,44.0,216.0,0,0,0,0,0,0,-11.5,62304.0
L54221,L,27.350000000000023,37.35000000000002,90.0,1518.0,47.3,98.0,0,0,0,0,0,0,-10.0,71801.4
L50823,L,29.150000000000034,38.55000000000001,90.0,1428.0,42.5,0.0,0,0,0,0,0,0,-9.399999999999977,60690.0
L52911,L,29.150000000000034,38.55000000000001,90.0,1545.0,34.0,158.0,0,0,0,0,0,0,-9.399999999999977,52530.0
M24617,M,25.450000000000045,36.150000000000034,90.0,1517.0,34.0,35.0,0,0,0,0,0,0,-10.699999999999989,51578.0
L52417,L,30.650000000000034,39.950000000000045,90.0,1471.0,39.4,141.0,0,0,0,0,0,0,-9.300000000000011,57957.4
L56464,L,25.05000000000001,35.75,90.0,1411.0,45.0,124.0,0,0,0,0,0,0,-10.699999999999989,63495.0
L49306,L,26.150000000000034,35.85000000000002,90.0,1524.0,35.5,7.0,0,0,0,0,0,0,-9.699999999999989,54102.0
L49635,L,25.950000000000045,35.450000000000045,90.0,1418.0,45.6,175.0,0,0,0,0,0,0,-9.5,64660.8
L50766,L,28.650000000000034,37.55000000000001,90.0,1593.0,34.9,168.0,0,0,0,0,0,0,-8.899999999999977,55595.7
M24302,M,24.950000000000045,35.650000000000034,90.0,1394.0,48.4,70.0,0,0,0,0,0,0,-10.699999999999989,67469.59999999999
M17084,M,26.150000000000034,35.85000000000002,90.0,1665.0,28.1,160.0,0,0,0,0,0,0,-9.699999999999989,46786.5
L56473,L,25.05000000000001,35.85000000000002,90.0,1537.0,39.0,77.0,0,0,0,0,0,0,-10.800000000000011,59943.0
M22923,M,27.350000000000023,38.55000000000001,90.0,1522.0,38.4,198.0,0,0,0,0,0,0,-11.199999999999989,58444.799999999996
L50999,L,29.05000000000001,37.55000000000001,90.0,1459.0,36.4,100.0,0,0,0,0,0,0,-8.5,53107.6
L55467,L,25.75,37.450000000000045,90.0,1365.0,51.4,70.0,0,0,0,0,0,0,-11.700000000000045,70161.0
L53270,L,27.75,37.75,90.0,1705.0,30.6,14.0,0,0,0,0,0,0,-10.0,52173.0
L49512,L,26.05000000000001,35.35000000000002,90.0,1373.0,50.4,137.0,0,0,0,0,0,0,-9.300000000000011,69199.2
L51172,L,29.150000000000034,38.150000000000034,90.0,1614.0,35.3,129.0,0,0,0,0,0,0,-9.0,56974.2
L54537,L,26.350000000000023,36.85000000000002,90.0,1381.0,52.7,202.0,0,0,0,0,0,0,-10.5,72778.7
L54099,L,27.850000000000023,38.05000000000001,90.0,1680.0,31.2,197.0,0,0,0,0,0,0,-10.199999999999989,52416.0
L54746,L,27.150000000000034,37.950000000000045,90.0,1613.0,34.7,142.0,0,0,0,0,0,0,-10.800000000000011,55971.100000000006
L50309,L,26.950000000000045,36.25,90.0,1729.0,27.2,39.0,0,0,0,0,0,0,-9.299999999999955,47028.799999999996
M18390,M,28.75,37.75,90.0,1441.0,43.7,46.0,0,0,0,0,0,0,-9.0,62971.700000000004
M20509,M,29.25,38.75,90.0,1447.0,53.2,208.0,0,0,0,0,0,0,-9.5,76980.40000000001
L56939,L,25.350000000000023,36.55000000000001,90.0,1483.0,37.7,0.0,0,0,0,0,0,0,-11.199999999999989,55909.100000000006
L50582,L,28.350000000000023,37.35000000000002,90.0,1380.0,47.3,15.0,0,0,0,0,0,0,-9.0,65273.99999999999
L51211,L,28.75,37.650000000000034,90.0,1362.0,49.8,229.0,1,0,1,0,0,0,-8.900000000000034,67827.59999999999
L51706,L,29.350000000000023,37.35000000000002,90.0,1694.0,27.4,73.0,0,0,0,0,0,0,-8.0,46415.6
L48632,L,25.850000000000023,37.150000000000034,90.0,1584.0,47.3,83.0,0,0,0,0,0,0,-11.300000000000011,74923.2
M15645,M,23.650000000000034,34.85000000000002,90.0,1485.0,43.2,50.0,0,0,0,0,0,0,-11.199999999999989,64152.00000000001
L55376,L,26.25,37.650000000000034,90.0,1621.0,34.1,217.0,0,0,0,0,0,0,-11.400000000000034,55276.100000000006
L56277,L,24.150000000000034,34.950000000000045,90.0,1258.0,52.4,206.0,0,0,0,0,0,0,-10.800000000000011,65919.2
L48656,L,25.25,36.35000000000002,90.0,1692.0,28.3,135.0,0,0,0,0,0,0,-11.100000000000023,47883.6
M18355,M,28.75,37.75,90.0,1615.0,36.4,119.0,0,0,0,0,0,0,-9.0,58786.0
L48940,L,24.950000000000045,34.35000000000002,90.0,1684.0,40.0,26.0,0,0,0,0,0,0,-9.399999999999977,67360.0
L55389,L,26.150000000000034,37.650000000000034,90.0,1403.0,51.1,22.0,0,0,0,0,0,0,-11.5,71693.3
L55163,L,27.850000000000023,39.25,90.0,1527.0,42.6,105.0,0,0,0,0,0,0,-11.399999999999977,65050.200000000004
L55234,L,27.25,38.75,90.0,1419.0,47.0,119.0,0,0,0,0,0,0,-11.5,66693.0
L51923,L,30.150000000000034,38.05000000000001,90.0,1634.0,31.9,16.0,0,0,0,0,0,0,-7.899999999999977,52124.6
M16057,M,23.75,34.85000000000002,90.0,1441.0,41.8,60.0,0,0,0,0,0,0,-11.100000000000023,60233.799999999996
L56366,L,24.75,35.85000000000002,90.0,1452.0,41.7,30.0,0,0,0,0,0,0,-11.100000000000023,60548.4
L55863,L,24.05000000000001,35.35000000000002,90.0,1472.0,46.1,188.0,0,0,0,0,0,0,-11.300000000000011,67859.2
L51294,L,28.850000000000023,37.450000000000045,90.0,1358.0,53.1,24.0,0,0,0,0,0,0,-8.600000000000023,72109.8
L55073,L,27.650000000000034,39.55000000000001,90.0,1448.0,44.9,112.0,0,0,0,0,0,0,-11.899999999999977,65015.2
L53423,L,27.850000000000023,37.25,90.0,1465.0,40.6,74.0,0,0,0,0,0,0,-9.399999999999977,59479.0
L48309,L,23.650000000000034,34.75,90.0,1557.0,33.3,111.0,0,0,0,0,0,0,-11.099999999999966,51848.1
H33189,H,28.650000000000034,37.450000000000045,90.0,1467.0,46.1,12.0,0,0,0,0,0,0,-8.800000000000011,67628.7
H34719,H,30.350000000000023,39.85000000000002,90.0,1436.0,44.0,198.0,0,0,0,0,0,0,-9.5,63184.0
L49077,L,24.650000000000034,34.25,90.0,1529.0,43.4,155.0,0,0,0,0,0,0,-9.599999999999966,66358.59999999999
M22956,M,27.05000000000001,38.55000000000001,90.0,1493.0,37.4,169.0,0,0,0,0,0,0,-11.5,55838.2
L55969,L,24.25,35.35000000000002,90.0,1580.0,43.9,181.0,0,0,0,0,0,0,-11.100000000000023,69362.0
L47529,L,24.350000000000023,35.150000000000034,90.0,1595.0,34.3,41.0,0,0,0,0,0,0,-10.800000000000011,54708.49999999999
L50142,L,27.55000000000001,36.35000000000002,90.0,1508.0,39.9,122.0,0,0,0,0,0,0,-8.800000000000011,60169.2
M24031,M,24.55000000000001,35.650000000000034,90.0,1596.0,37.9,190.0,0,0,0,0,0,0,-11.100000000000023,60488.399999999994
L55897,L,23.950000000000045,35.55000000000001,90.0,1474.0,34.6,142.0,0,0,0,0,0,0,-11.599999999999966,51000.4
L53607,L,27.05000000000001,37.35000000000002,90.0,1441.0,43.1,16.0,0,0,0,0,0,0,-10.300000000000011,62107.1
L56922,L,25.75,37.05000000000001,90.0,1461.0,45.0,179.0,0,0,0,0,0,0,-11.300000000000011,65745.0
L56649,L,25.450000000000045,36.25,90.0,1497.0,45.9,147.0,0,0,0,0,0,0,-10.799999999999955,68712.3
L55232,L,27.350000000000023,38.75,90.0,1546.0,41.0,139.0,0,0,0,0,0,0,-11.399999999999977,63386.0
L54312,L,27.350000000000023,36.75,90.0,1429.0,44.6,112.0,0,0,0,0,0,0,-9.399999999999977,63733.4
L50335,L,27.350000000000023,36.55000000000001,90.0,1397.0,54.0,129.0,0,0,0,0,0,0,-9.199999999999989,75438.0
L55265,L,27.05000000000001,38.25,90.0,1525.0,49.8,143.0,0,0,0,0,0,0,-11.199999999999989,75945.0
L57131,L,25.05000000000001,34.650000000000034,90.0,1596.0,32.3,115.0,0,0,0,0,0,0,-9.600000000000023,51550.799999999996
L56275,L,24.150000000000034,34.950000000000045,90.0,1433.0,43.9,202.0,0,0,0,0,0,0,-10.800000000000011,62908.7
H34115,H,30.350000000000023,38.650000000000034,90.0,1429.0,46.2,143.0,0,0,0,0,0,0,-8.300000000000011,66019.8
L49508,L,26.150000000000034,35.450000000000045,90.0,1449.0,42.4,221.0,0,0,0,0,0,0,-9.300000000000011,61437.6
L54779,L,27.350000000000023,37.85000000000002,90.0,1547.0,32.1,13.0,0,0,0,0,0,0,-10.5,49658.700000000004
L49818,L,26.650000000000034,36.25,90.0,1739.0,27.5,49.0,0,0,0,0,0,0,-9.599999999999966,47822.5
M18104,M,27.850000000000023,36.55000000000001,90.0,1488.0,48.0,135.0,0,0,0,0,0,0,-8.699999999999989,71424.0
L47809,L,25.150000000000034,36.950000000000045,90.0,1639.0,31.9,99.0,0,0,0,0,0,0,-11.800000000000011,52284.1
M24401,M,26.450000000000045,37.650000000000034,90.0,1470.0,41.2,105.0,0,0,0,0,0,0,-11.199999999999989,60564.00000000001
M17056,M,26.55000000000001,35.75,90.0,1470.0,41.7,87.0,0,0,0,0,0,0,-9.199999999999989,61299.00000000001
L50966,L,29.150000000000034,37.75,90.0,1495.0,36.6,59.0,0,0,0,0,0,0,-8.599999999999966,54717.0
M18687,M,29.25,37.75,90.0,1818.0,26.7,125.0,0,0,0,0,0,0,-8.5,48540.6
L54271,L,27.450000000000045,37.05000000000001,90.0,1567.0,37.3,142.0,0,0,0,0,0,0,-9.599999999999966,58449.1
H39136,H,25.55000000000001,36.75,90.0,1328.0,44.1,117.0,0,0,0,0,0,0,-11.199999999999989,58564.8
L49188,L,25.350000000000023,35.150000000000034,90.0,1379.0,41.7,27.0,0,0,0,0,0,0,-9.800000000000011,57504.3
L53048,L,28.350000000000023,37.950000000000045,90.0,1498.0,47.5,101.0,0,0,0,0,0,0,-9.600000000000023,71155.0
L47809,L,25.150000000000034,37.05000000000001,90.0,1302.0,60.2,99.0,0,0,0,0,0,0,-11.899999999999977,78380.40000000001
M15502,M,24.650000000000034,36.25,90.0,1226.0,35.4,155.0,0,0,0,0,0,0,-11.599999999999966,43400.4
L57141,L,25.05000000000001,34.75,90.0,1541.0,37.1,12.0,0,0,0,0,0,0,-9.699999999999989,57171.100000000006
M23604,M,24.25,35.55000000000001,90.0,1551.0,42.2,20.0,0,0,0,0,0,0,-11.300000000000011,65452.200000000004
L54222,L,27.450000000000045,37.35000000000002,90.0,1642.0,47.1,100.0,0,0,0,0,0,0,-9.899999999999977,77338.2
L48812,L,24.75,34.75,90.0,1426.0,43.5,89.0,0,0,0,0,0,0,-10.0,62031.0
L49926,L,26.55000000000001,36.05000000000001,90.0,1654.0,31.9,173.0,0,0,0,0,0,0,-9.5,52762.6
L48643,L,25.650000000000034,36.950000000000045,90.0,1607.0,39.5,92.0,0,0,0,0,0,0,-11.300000000000011,63476.5
L56355,L,24.650000000000034,35.85000000000002,90.0,1479.0,40.4,127.0,0,0,0,0,0,0,-11.199999999999989,59751.6
L56213,L,24.25,35.05000000000001,90.0,1675.0,29.6,100.0,0,0,0,0,0,0,-10.800000000000011,49580.0
L55958,L,24.350000000000023,35.450000000000045,90.0,1398.0,52.4,0.0,0,0,0,0,0,0,-11.100000000000023,73255.2
L56923,L,25.75,36.950000000000045,90.0,1415.0,51.3,136.0,0,0,0,0,0,0,-11.200000000000045,72589.5
M20931,M,27.75,37.75,90.0,1452.0,43.6,181.0,0,0,0,0,0,0,-10.0,63307.200000000004
M21962,M,27.650000000000034,37.150000000000034,90.0,1393.0,42.2,35.0,0,0,0,0,0,0,-9.5,58784.600000000006
M20901,M,27.55000000000001,37.85000000000002,90.0,1486.0,46.9,106.0,0,0,0,0,0,0,-10.300000000000011,69693.4
L56256,L,24.05000000000001,34.950000000000045,90.0,1562.0,35.7,152.0,0,0,0,0,0,0,-10.900000000000034,55763.4
L53854,L,28.350000000000023,37.55000000000001,90.0,1618.0,35.5,173.0,0,0,0,0,0,0,-9.199999999999989,57439.0
L49707,L,25.650000000000034,35.35000000000002,90.0,1450.0,38.7,57.0,0,0,0,0,0,0,-9.699999999999989,56115.00000000001
L53076,L,27.950000000000045,37.650000000000034,90.0,1427.0,55.7,169.0,0,0,0,0,0,0,-9.699999999999989,79483.90000000001
L50766,L,28.650000000000034,37.35000000000002,90.0,1725.0,33.9,114.0,0,0,0,0,0,0,-8.699999999999989,58477.5
L53629,L,27.450000000000045,37.05000000000001,90.0,1519.0,52.3,7.0,0,0,0,0,0,0,-9.599999999999966,79443.7
L48897,L,25.05000000000001,34.55000000000001,90.0,1477.0,44.5,82.0,0,0,0,0,0,0,-9.5,65726.5
M19346,M,29.450000000000045,37.35000000000002,90.0,1447.0,44.4,45.0,0,0,0,0,0,0,-7.899999999999977,64246.799999999996
L49071,L,24.650000000000034,34.35000000000002,90.0,1469.0,41.8,139.0,0,0,0,0,0,0,-9.699999999999989,61404.2
L55053,L,27.350000000000023,39.150000000000034,90.0,1592.0,31.4,56.0,0,0,0,0,0,0,-11.800000000000011,49988.799999999996
L53709,L,28.05000000000001,37.25,90.0,1501.0,37.2,57.0,0,0,0,0,0,0,-9.199999999999989,55837.200000000004
L56911,L,25.650000000000034,36.85000000000002,90.0,1389.0,44.3,197.0,0,0,0,0,0,0,-11.199999999999989,61532.7
M17686,M,27.150000000000034,36.25,90.0,1515.0,42.2,150.0,0,0,0,0,0,0,-9.099999999999966,63933.00000000001
L52099,L,30.25,39.05000000000001,90.0,1467.0,41.4,0.0,0,0,0,0,0,0,-8.800000000000011,60733.799999999996
M23005,M,26.55000000000001,37.950000000000045,90.0,1685.0,32.2,88.0,0,0,0,0,0,0,-11.400000000000034,54257.00000000001
M18097,M,27.75,36.35000000000002,90.0,1665.0,32.6,116.0,0,0,0,0,0,0,-8.600000000000023,54279.0
L56970,L,25.450000000000045,36.35000000000002,90.0,1483.0,52.4,125.0,0,0,0,0,0,0,-10.899999999999977,77709.2
L47988,L,23.75,34.55000000000001,90.0,1513.0,38.2,120.0,0,0,0,0,0,0,-10.800000000000011,57796.600000000006
M15474,M,25.150000000000034,36.75,90.0,1442.0,48.6,114.0,0,0,0,0,0,0,-11.599999999999966,70081.2
L50678,L,28.25,37.85000000000002,90.0,1657.0,31.1,128.0,0,0,0,0,0,0,-9.600000000000023,51532.700000000004
H38593,H,24.75,35.25,90.0,1390.0,46.4,15.0,0,0,0,0,0,0,-10.5,64496.0
L56782,L,25.75,37.05000000000001,90.0,1705.0,45.3,63.0,0,0,0,0,0,0,-11.300000000000011,77236.5
L54014,L,27.950000000000045,37.85000000000002,90.0,1557.0,36.1,190.0,0,0,0,0,0,0,-9.899999999999977,56207.700000000004
L52948,L,28.55000000000001,38.150000000000034,90.0,1533.0,36.7,85.0,0,0,0,0,0,0,-9.600000000000023,56261.100000000006
M24309,M,25.05000000000001,35.55000000000001,90.0,1524.0,39.5,166.0,0,0,0,0,0,0,-10.5,60198.0
M20305,M,29.850000000000023,39.650000000000034,90.0,1499.0,32.1,104.0,0,0,0,0,0,0,-9.800000000000011,48117.9
L49194,L,25.450000000000045,35.25,90.0,1452.0,39.7,40.0,0,0,0,0,0,0,-9.799999999999955,57644.4
L50401,L,27.350000000000023,36.450000000000045,90.0,1658.0,32.6,179.0,0,0,0,0,0,0,-9.100000000000023,54050.8
L48118,L,22.450000000000045,33.05000000000001,90.0,1823.0,25.8,9.0,0,0,0,0,0,0,-10.599999999999966,47033.4
M17815,M,27.55000000000001,36.35000000000002,90.0,1439.0,43.8,47.0,0,0,0,0,0,0,-8.800000000000011,63028.2
M17699,M,27.25,36.25,90.0,1477.0,42.1,30.0,0,0,0,0,0,0,-9.0,62181.700000000004
L54757,L,27.25,38.05000000000001,90.0,1452.0,52.1,0.0,0,0,0,0,0,0,-10.800000000000011,75649.2
L55976,L,24.350000000000023,35.05000000000001,90.0,1566.0,33.7,63.0,0,0,0,0,0,0,-10.699999999999989,52774.200000000004
L48132,L,22.450000000000045,33.05000000000001,90.0,1448.0,48.9,65.0,0,0,0,0,0,0,-10.599999999999966,70807.2
M17554,M,26.950000000000045,36.450000000000045,90.0,1254.0,62.4,46.0,0,0,0,0,0,0,-9.5,78249.59999999999
M15194,M,24.350000000000023,35.25,90.0,1318.0,44.8,68.0,0,0,0,0,0,0,-10.899999999999977,59046.399999999994
H29857,H,24.25,35.150000000000034,90.0,1408.0,47.7,0.0,0,0,0,0,0,0,-10.900000000000034,67161.6
L49226,L,26.450000000000045,36.25,90.0,1495.0,39.6,103.0,0,0,0,0,0,0,-9.799999999999955,59202.0
L47486,L,24.650000000000034,35.25,90.0,1374.0,43.0,150.0,0,0,0,0,0,0,-10.599999999999966,59082.0
L49476,L,26.25,35.55000000000001,90.0,1509.0,38.8,128.0,0,0,0,0,0,0,-9.300000000000011,58549.2
L49560,L,26.05000000000001,35.25,90.0,1466.0,41.6,85.0,0,0,0,0,0,0,-9.199999999999989,60985.6
L55669,L,25.25,36.25,90.0,1379.0,46.3,121.0,0,0,0,0,0,0,-11.0,63847.7
H36916,H,27.25,38.650000000000034,90.0,1489.0,43.2,201.0,0,0,0,0,0,0,-11.400000000000034,64324.8
M19282,M,29.150000000000034,37.05000000000001,90.0,1738.0,28.0,166.0,0,0,0,0,0,0,-7.899999999999977,48664.0
M18677,M,29.150000000000034,37.950000000000045,90.0,1725.0,31.7,144.0,0,0,0,0,0,0,-8.800000000000011,54682.5
M23378,M,25.150000000000034,36.450000000000045,90.0,1459.0,43.2,127.0,0,0,0,0,0,0,-11.300000000000011,63028.8
M19258,M,29.25,37.05000000000001,90.0,1471.0,39.5,26.0,0,0,0,0,0,0,-7.800000000000011,58104.5
H39002,H,25.650000000000034,36.35000000000002,90.0,1455.0,45.2,157.0,0,0,0,0,0,0,-10.699999999999989,65766.0
L50306,L,26.850000000000023,36.25,90.0,1499.0,37.2,35.0,0,0,0,0,0,0,-9.399999999999977,55762.8
L52023,L,30.450000000000045,39.150000000000034,90.0,1634.0,34.0,67.0,0,0,0,0,0,0,-8.699999999999989,55556.0
L47438,L,24.950000000000045,35.05000000000001,90.0,1675.0,29.5,41.0,0,0,0,0,0,0,-10.099999999999966,49412.5
L52993,L,28.05000000000001,37.85000000000002,90.0,1761.0,30.0,191.0,0,0,0,0,0,0,-9.800000000000011,52830.0
L56266,L,23.950000000000045,34.650000000000034,90.0,1447.0,43.7,179.0,0,0,0,0,0,0,-10.699999999999989,63233.9
L49322,L,26.150000000000034,35.75,90.0,1376.0,42.0,181.0,0,0,0,0,0,0,-9.599999999999966,57792.0
M24016,M,24.350000000000023,35.35000000000002,90.0,1508.0,39.9,145.0,0,0,0,0,0,0,-11.0,60169.2
M18654,M,28.950000000000045,38.150000000000034,90.0,1659.0,31.4,48.0,0,0,0,0,0,0,-9.199999999999989,52092.6
L50891,L,29.05000000000001,38.25,90.0,1543.0,37.2,37.0,0,0,0,0,0,0,-9.199999999999989,57399.600000000006
H30650,H,23.950000000000045,35.35000000000002,90.0,1461.0,42.4,176.0,0,0,0,0,0,0,-11.399999999999977,61946.4
H38867,H,25.05000000000001,35.85000000000002,90.0,1650.0,31.2,107.0,0,0,0,0,0,0,-10.800000000000011,51480.0
L53708,L,28.05000000000001,37.35000000000002,90.0,1548.0,40.0,55.0,0,0,0,0,0,0,-9.300000000000011,61920.0
L50638,L,28.350000000000023,37.25,90.0,1619.0,32.0,24.0,0,0,0,0,0,0,-8.899999999999977,51808.0
M24550,M,25.650000000000034,36.35000000000002,90.0,1375.0,52.3,96.0,0,0,0,0,0,0,-10.699999999999989,71912.5
M14978,M,25.75,35.75,90.0,1685.0,32.0,128.0,0,0,0,0,0,0,-10.0,53920.0
L54404,L,26.650000000000034,36.450000000000045,90.0,1502.0,31.0,175.0,0,0,0,0,0,0,-9.800000000000011,46562.0
L56261,L,24.150000000000034,34.85000000000002,90.0,1551.0,35.1,165.0,0,0,0,0,0,0,-10.699999999999989,54440.100000000006
M15532,M,24.450000000000045,35.75,90.0,1312.0,51.4,206.0,0,0,0,0,0,0,-11.299999999999955,67436.8
L55411,L,26.05000000000001,37.450000000000045,90.0,1326.0,49.8,36.0,0,0,0,0,0,0,-11.400000000000034,66034.8
L52331,L,31.150000000000034,40.450000000000045,90.0,1410.0,53.1,19.0,0,0,0,0,0,0,-9.300000000000011,74871.0
M21950,M,27.450000000000045,37.05000000000001,90.0,1440.0,47.1,5.0,0,0,0,0,0,0,-9.599999999999966,67824.0
L52627,L,29.950000000000045,39.650000000000034,90.0,1465.0,55.8,109.0,0,0,0,0,0,0,-9.699999999999989,81747.0
L48512,L,25.850000000000023,37.150000000000034,90.0,1567.0,36.1,196.0,0,0,0,0,0,0,-11.300000000000011,56568.700000000004
L56669,L,25.55000000000001,36.55000000000001,90.0,1407.0,44.5,207.0,0,0,0,0,0,0,-11.0,62611.5
L52913,L,29.150000000000034,38.55000000000001,90.0,1487.0,50.7,80.0,0,0,0,0,0,0,-9.399999999999977,75390.90000000001
L53646,L,27.150000000000034,36.75,90.0,1740.0,27.1,113.0,0,0,0,0,0,0,-9.599999999999966,47154.0
M16306,M,25.850000000000023,37.05000000000001,90.0,1487.0,44.1,64.0,0,0,0,0,0,0,-11.199999999999989,65576.7
M21722,M,27.950000000000045,38.05000000000001,90.0,1574.0,34.9,48.0,0,0,0,0,0,0,-10.099999999999966,54932.6
L53999,L,27.75,37.55000000000001,90.0,1636.0,36.4,9.0,0,0,0,0,0,0,-9.800000000000011,59550.399999999994
L48261,L,23.850000000000023,34.650000000000034,90.0,1521.0,46.3,5.0,0,0,0,0,0,0,-10.800000000000011,70422.3
L57137,L,24.950000000000045,34.650000000000034,90.0,1503.0,39.5,130.0,0,0,0,0,0,0,-9.699999999999989,59368.5
L49275,L,26.25,36.150000000000034,90.0,1525.0,30.6,30.0,0,0,0,0,0,0,-9.900000000000034,46665.0
L50879,L,29.150000000000034,38.05000000000001,90.0,1461.0,50.5,9.0,0,0,0,0,0,0,-8.899999999999977,73780.5
L54579,L,26.55000000000001,37.450000000000045,90.0,1642.0,35.1,149.0,0,0,0,0,0,0,-10.900000000000034,57634.200000000004
L48428,L,24.05000000000001,35.450000000000045,90.0,1443.0,44.1,98.0,0,0,0,0,0,0,-11.400000000000034,63636.3
M21142,M,27.850000000000023,37.650000000000034,90.0,1525.0,43.5,62.0,0,0,0,0,0,0,-9.800000000000011,66337.5
L52884,L,29.05000000000001,38.450000000000045,90.0,1384.0,50.6,176.0,0,0,0,0,0,0,-9.400000000000034,70030.40000000001
M19058,M,29.05000000000001,37.75,90.0,1439.0,42.7,181.0,0,0,0,0,0,0,-8.699999999999989,61445.3
L52070,L,30.55000000000001,39.35000000000002,90.0,1525.0,43.9,188.0,0,0,0,0,0,0,-8.800000000000011,66947.5
L53024,L,28.25,37.950000000000045,90.0,1740.0,27.9,41.0,0,0,0,0,0,0,-9.700000000000045,48546.0
L50822,L,29.150000000000034,38.450000000000045,90.0,1447.0,57.6,77.0,0,0,0,0,0,0,-9.300000000000011,83347.2
L56423,L,25.150000000000034,35.650000000000034,90.0,1394.0,59.0,166.0,0,0,0,0,0,0,-10.5,82246.0
H35605,H,27.75,37.450000000000045,90.0,1567.0,35.3,42.0,0,0,0,0,0,0,-9.700000000000045,55315.1
L53620,L,27.450000000000045,37.05000000000001,90.0,1527.0,36.7,0.0,0,0,0,0,0,0,-9.599999999999966,56040.9
M20209,M,30.450000000000045,39.55000000000001,90.0,1642.0,33.6,104.0,0,0,0,0,0,0,-9.099999999999966,55171.200000000004
L51652,L,29.55000000000001,37.450000000000045,90.0,1401.0,48.7,124.0,0,0,0,0,0,0,-7.900000000000034,68228.7
M19072,M,28.850000000000023,37.450000000000045,90.0,1409.0,50.1,7.0,0,0,0,0,0,0,-8.600000000000023,70590.90000000001
L49574,L,25.950000000000045,35.35000000000002,90.0,1630.0,29.9,47.0,0,0,0,0,0,0,-9.399999999999977,48737.0
L55456,L,25.650000000000034,37.55000000000001,90.0,1456.0,45.8,200.0,0,0,0,0,0,0,-11.899999999999977,66684.8
M20853,M,27.55000000000001,37.450000000000045,90.0,1407.0,42.4,208.0,0,0,0,0,0,0,-9.900000000000034,59656.799999999996
L47355,L,25.05000000000001,35.05000000000001,90.0,1382.0,43.5,53.0,0,0,0,0,0,0,-10.0,60117.0
H36126,H,28.25,37.55000000000001,90.0,1732.0,24.5,83.0,0,0,0,0,0,0,-9.300000000000011,42434.0
L54781,L,27.25,38.05000000000001,90.0,1351.0,51.1,18.0,0,0,0,0,0,0,-10.800000000000011,69036.1
L53940,L,28.350000000000023,37.75,90.0,1513.0,40.6,0.0,0,0,0,0,0,0,-9.399999999999977,61427.8
L52850,L,29.05000000000001,38.35000000000002,90.0,1425.0,41.2,156.0,0,0,0,0,0,0,-9.300000000000011,58710.00000000001
L53201,L,27.55000000000001,37.650000000000034,90.0,1459.0,45.1,59.0,0,0,0,0,0,0,-10.100000000000023,65800.90000000001
L56714,L,26.650000000000034,38.05000000000001,90.0,1339.0,51.9,97.0,0,0,0,0,0,0,-11.399999999999977,69494.09999999999
L53268,L,27.75,37.75,90.0,1577.0,37.3,12.0,0,0,0,0,0,0,-10.0,58822.1
L48685,L,24.850000000000023,35.55000000000001,90.0,1429.0,48.7,92.0,0,0,0,0,0,0,-10.699999999999989,69592.3
L52231,L,30.650000000000034,39.85000000000002,90.0,1428.0,39.9,176.0,0,0,0,0,0,0,-9.199999999999989,56977.2
L54943,L,27.350000000000023,38.85000000000002,90.0,1555.0,36.9,2.0,0,0,0,0,0,0,-11.5,57379.5
L55564,L,25.75,36.55000000000001,90.0,1445.0,48.9,123.0,0,0,0,0,0,0,-10.800000000000011,70660.5
L50140,L,27.55000000000001,36.35000000000002,90.0,1419.0,48.0,119.0,0,0,0,0,0,0,-8.800000000000011,68112.0
M20000,M,31.150000000000034,40.450000000000045,90.0,1383.0,50.7,202.0,0,0,0,0,0,0,-9.300000000000011,70118.1
L51828,L,30.150000000000034,38.25,90.0,1457.0,49.4,2.0,0,0,0,0,0,0,-8.099999999999966,71975.8
L52605,L,29.05000000000001,39.05000000000001,90.0,1386.0,27.9,56.0,0,0,0,0,0,0,-10.0,38669.4
L52338,L,31.150000000000034,40.35000000000002,90.0,1498.0,37.0,17.0,0,0,0,0,0,0,-9.199999999999989,55426.0
M24386,M,25.950000000000045,37.150000000000034,90.0,1303.0,54.8,76.0,0,0,0,0,0,0,-11.199999999999989,71404.4
L56073,L,24.350000000000023,35.55000000000001,90.0,1681.0,27.8,121.0,0,0,0,0,0,0,-11.199999999999989,46731.8
L56257,L,24.150000000000034,34.950000000000045,90.0,1495.0,36.1,154.0,0,0,0,0,0,0,-10.800000000000011,53969.5
M20620,M,28.75,38.150000000000034,90.0,1452.0,42.6,85.0,0,0,0,0,0,0,-9.400000000000034,61855.200000000004
H31955,H,25.950000000000045,35.650000000000034,90.0,1568.0,32.6,90.0,0,0,0,0,0,0,-9.699999999999989,51116.8
M21551,M,28.650000000000034,37.85000000000002,90.0,1423.0,45.0,37.0,0,0,0,0,0,0,-9.199999999999989,64035.0
L48953,L,25.350000000000023,34.85000000000002,90.0,1509.0,46.7,27.0,0,0,0,0,0,0,-9.5,70470.3
L47806,L,25.25,36.950000000000045,90.0,1455.0,37.1,94.0,0,0,0,0,0,0,-11.700000000000045,53980.5
L56310,L,24.450000000000045,35.55000000000001,90.0,1469.0,43.2,105.0,0,0,0,0,0,0,-11.099999999999966,63460.8
H38751,H,25.350000000000023,35.650000000000034,90.0,1458.0,40.3,207.0,0,0,0,0,0,0,-10.300000000000011,58757.399999999994
L47452,L,24.950000000000045,34.950000000000045,90.0,1436.0,40.4,59.0,0,0,0,0,0,0,-10.0,58014.4
L51526,L,28.650000000000034,36.55000000000001,90.0,1524.0,30.4,124.0,0,0,0,0,0,0,-7.899999999999977,46329.6
L55983,L,24.25,35.450000000000045,90.0,1518.0,35.7,75.0,0,0,0,0,0,0,-11.200000000000045,54192.600000000006
M21003,M,27.850000000000023,37.75,90.0,1577.0,38.2,150.0,0,0,0,0,0,0,-9.899999999999977,60241.4
L51298,L,28.850000000000023,37.55000000000001,90.0,1495.0,47.7,206.0,0,0,0,0,0,0,-8.699999999999989,71311.5
L55467,L,25.75,37.450000000000045,90.0,1385.0,55.7,7.0,0,0,0,0,0,0,-11.700000000000045,77144.5
H33555,H,28.55000000000001,36.950000000000045,90.0,1462.0,50.3,0.0,0,0,0,0,0,0,-8.400000000000034,73538.59999999999
L47184,L,25.05000000000001,35.55000000000001,90.0,1448.0,39.5,9.0,0,0,0,0,0,0,-10.5,57196.0
L54410,L,26.650000000000034,36.650000000000034,90.0,1429.0,39.4,155.0,0,0,0,0,0,0,-10.0,56302.6
L50662,L,28.75,37.450000000000045,90.0,1657.0,31.5,108.0,0,0,0,0,0,0,-8.700000000000045,52195.5
L55304,L,27.05000000000001,38.25,90.0,1457.0,46.0,32.0,0,0,0,0,0,0,-11.199999999999989,67022.0
L56975,L,25.350000000000023,36.35000000000002,90.0,1448.0,48.1,109.0,0,0,0,0,0,0,-11.0,69648.8
L52783,L,29.75,39.25,90.0,1527.0,43.9,90.0,0,0,0,0,0,0,-9.5,67035.3
L47970,L,23.650000000000034,34.75,90.0,1446.0,48.2,114.0,0,0,0,0,0,0,-11.099999999999966,69697.2
M21756,M,27.850000000000023,38.450000000000045,90.0,1510.0,40.0,140.0,0,0,0,0,0,0,-10.600000000000023,60400.0
M16486,M,24.850000000000023,34.650000000000034,90.0,1503.0,37.9,75.0,0,0,0,0,0,0,-9.800000000000011,56963.7
L53973,L,28.150000000000034,37.55000000000001,90.0,1391.0,50.4,86.0,0,0,0,0,0,0,-9.399999999999977,70106.4
L54332,L,27.05000000000001,36.75,90.0,1566.0,36.4,54.0,0,0,0,0,0,0,-9.699999999999989,57002.399999999994
L49637,L,25.850000000000023,35.450000000000045,90.0,1661.0,32.2,91.0,0,0,0,0,0,0,-9.600000000000023,53484.200000000004
L54368,L,27.25,37.25,90.0,1606.0,30.5,50.0,0,0,0,0,0,0,-10.0,48983.0
L48520,L,25.55000000000001,37.05000000000001,90.0,1435.0,45.1,10.0,0,0,0,0,0,0,-11.5,64718.5
L52799,L,29.450000000000045,38.85000000000002,90.0,1451.0,43.0,183.0,0,0,0,0,0,0,-9.399999999999977,62393.0
M23588,M,24.150000000000034,35.55000000000001,90.0,1515.0,35.4,84.0,0,0,0,0,0,0,-11.399999999999977,53631.0
L52151,L,30.650000000000034,39.55000000000001,90.0,1456.0,49.6,181.0,0,0,0,0,0,0,-8.899999999999977,72217.6
L54525,L,26.450000000000045,37.05000000000001,90.0,1545.0,36.2,37.0,0,0,0,0,0,0,-10.599999999999966,55929.00000000001
M15280,M,24.150000000000034,35.450000000000045,90.0,1301.0,39.6,92.0,0,0,0,0,0,0,-11.300000000000011,51519.6
L54107,L,27.950000000000045,37.85000000000002,90.0,1709.0,30.8,7.0,0,0,0,0,0,0,-9.899999999999977,52637.200000000004
L53447,L,27.650000000000034,37.25,90.0,1387.0,55.1,23.0,0,0,0,0,0,0,-9.599999999999966,76423.7
L55186,L,27.75,38.950000000000045,90.0,1462.0,41.4,166.0,0,0,0,0,0,0,-11.200000000000045,60526.799999999996
L57070,L,25.650000000000034,36.35000000000002,90.0,1542.0,33.3,157.0,0,0,0,0,0,0,-10.699999999999989,51348.6
L52772,L,29.350000000000023,38.75,90.0,1437.0,46.7,44.0,0,0,0,0,0,0,-9.399999999999977,67107.90000000001
L56796,L,25.75,36.950000000000045,90.0,1556.0,37.3,100.0,0,0,0,0,0,0,-11.200000000000045,58038.799999999996
H38756,H,25.150000000000034,35.75,90.0,1706.0,31.8,64.0,0,0,0,0,0,0,-10.599999999999966,54250.8
L50046,L,27.650000000000034,36.25,90.0,1471.0,37.0,5.0,0,0,0,0,0,0,-8.599999999999966,54427.0
H30941,H,24.950000000000045,35.85000000000002,90.0,1425.0,44.5,49.0,0,0,0,0,0,0,-10.899999999999977,63412.5
L53916,L,28.55000000000001,37.950000000000045,90.0,1348.0,49.4,106.0,0,0,0,0,0,0,-9.400000000000034,66591.2
M16137,M,24.950000000000045,35.75,90.0,1608.0,34.1,0.0,0,0,0,0,0,0,-10.799999999999955,54832.8
L54620,L,26.850000000000023,38.25,90.0,1553.0,35.1,43.0,0,0,0,0,0,0,-11.399999999999977,54510.3
L51694,L,29.25,37.150000000000034,90.0,1397.0,50.0,7.0,0,0,0,0,0,0,-7.900000000000034,69850.0
L47435,L,24.850000000000023,35.05000000000001,90.0,1394.0,39.0,204.0,0,0,0,0,0,0,-10.199999999999989,54366.0
M20478,M,29.850000000000023,38.85000000000002,90.0,1447.0,40.9,0.0,0,0,0,0,0,0,-9.0,59182.299999999996
M18419,M,28.650000000000034,37.650000000000034,90.0,1443.0,47.1,92.0,0,0,0,0,0,0,-9.0,67965.3
L50470,L,28.05000000000001,37.25,90.0,1542.0,42.6,46.0,0,0,0,0,0,0,-9.199999999999989,65689.2
L56786,L,25.75,36.950000000000045,90.0,1474.0,41.4,64.0,0,0,0,0,0,0,-11.200000000000045,61023.6
M20601,M,29.150000000000034,38.55000000000001,90.0,1732.0,40.5,218.0,0,0,0,0,0,0,-9.399999999999977,70146.0
L56817,L,26.05000000000001,36.950000000000045,90.0,1663.0,31.7,166.0,0,0,0,0,0,0,-10.900000000000034,52717.1
H32467,H,27.05000000000001,36.25,90.0,1506.0,35.6,63.0,0,0,0,0,0,0,-9.199999999999989,53613.6
M17183,M,26.05000000000001,35.55000000000001,90.0,1343.0,47.1,198.0,0,0,0,0,0,0,-9.5,63255.3
L50090,L,27.450000000000045,36.35000000000002,90.0,1576.0,35.2,122.0,0,0,0,0,0,0,-8.899999999999977,55475.200000000004
M17261,M,26.05000000000001,35.35000000000002,90.0,1367.0,47.6,176.0,0,0,0,0,0,0,-9.300000000000011,65069.200000000004
M16764,M,24.850000000000023,34.450000000000045,90.0,1663.0,30.8,171.0,0,0,0,0,0,0,-9.600000000000023,51220.4
L50656,L,28.650000000000034,37.450000000000045,90.0,1522.0,41.3,70.0,0,0,0,0,0,0,-8.800000000000011,62858.6
L56327,L,24.450000000000045,35.55000000000001,90.0,1483.0,45.8,150.0,0,0,0,0,0,0,-11.099999999999966,67921.4
L47810,L,25.150000000000034,36.85000000000002,90.0,1554.0,37.3,176.0,0,0,0,0,0,0,-11.699999999999989,57964.2
M21157,M,27.850000000000023,37.25,90.0,1541.0,38.4,100.0,0,0,0,0,0,0,-9.399999999999977,59174.399999999994
M24298,M,24.950000000000045,35.55000000000001,90.0,1315.0,45.6,59.0,0,0,0,0,0,0,-10.599999999999966,59964.0
L54668,L,27.150000000000034,38.55000000000001,90.0,1691.0,28.8,160.0,0,0,0,0,0,0,-11.399999999999977,48700.8
M17455,M,25.650000000000034,35.450000000000045,90.0,1738.0,25.5,13.0,0,0,0,0,0,0,-9.800000000000011,44319.0
H32537,H,27.25,36.75,90.0,1617.0,34.1,37.0,0,0,0,0,0,0,-9.5,55139.700000000004
L48446,L,23.950000000000045,34.950000000000045,90.0,1498.0,43.0,206.0,0,0,0,0,0,0,-11.0,64414.0
L48388,L,23.850000000000023,34.950000000000045,90.0,1489.0,43.2,7.0,0,0,0,0,0,0,-11.100000000000023,64324.8
L49295,L,26.25,35.85000000000002,90.0,1404.0,44.7,87.0,0,0,0,0,0,0,-9.600000000000023,62758.8
H31184,H,25.25,34.450000000000045,90.0,1605.0,31.0,156.0,0,0,0,0,0,0,-9.200000000000045,49755.0
L56306,L,24.25,35.35000000000002,90.0,1477.0,36.9,74.0,0,0,0,0,0,0,-11.100000000000023,54501.299999999996
M20910,M,27.75,37.950000000000045,90.0,1546.0,37.9,133.0,0,0,0,0,0,0,-10.200000000000045,58593.399999999994
H33987,H,29.650000000000034,37.85000000000002,90.0,1436.0,52.4,47.0,0,0,0,0,0,0,-8.199999999999989,75246.4
L50391,L,27.150000000000034,36.05000000000001,90.0,1499.0,42.7,48.0,0,0,0,0,0,0,-8.899999999999977,64007.3
L47256,L,25.850000000000023,36.75,90.0,1314.0,59.3,101.0,0,0,0,0,0,0,-10.899999999999977,77920.2
L47517,L,24.450000000000045,35.150000000000034,90.0,1725.0,28.4,13.0,0,0,0,0,0,0,-10.699999999999989,48990.0
M19078,M,28.850000000000023,37.450000000000045,90.0,1608.0,33.6,24.0,0,0,0,0,0,0,-8.600000000000023,54028.8
L53137,L,27.55000000000001,37.650000000000034,90.0,1376.0,49.4,115.0,0,0,0,0,0,0,-10.100000000000023,67974.4
H30006,H,24.350000000000023,36.35000000000002,90.0,1268.0,50.4,240.0,0,0,0,0,0,0,-12.0,63907.2
H37585,H,26.850000000000023,38.25,90.0,1532.0,34.5,155.0,0,0,0,0,0,0,-11.399999999999977,52854.0
L56350,L,24.55000000000001,35.55000000000001,90.0,1686.0,27.3,188.0,0,0,0,0,0,0,-11.0,46027.8
L57065,L,25.650000000000034,36.450000000000045,90.0,1389.0,48.7,143.0,0,0,0,0,0,0,-10.800000000000011,67644.3
L55041,L,27.350000000000023,38.85000000000002,90.0,1470.0,42.9,25.0,0,0,0,0,0,0,-11.5,63063.0
L50679,L,28.75,37.85000000000002,90.0,1651.0,30.9,130.0,0,0,0,0,0,0,-9.100000000000023,51015.899999999994
L56553,L,24.55000000000001,35.35000000000002,90.0,1761.0,25.9,74.0,0,0,0,0,0,0,-10.800000000000011,45609.899999999994
L54154,L,27.55000000000001,37.85000000000002,90.0,1318.0,52.1,176.0,0,0,0,0,0,0,-10.300000000000011,68667.8
L48453,L,24.950000000000045,36.25,90.0,1520.0,40.4,63.0,0,0,0,0,0,0,-11.299999999999955,61408.0
M15562,M,24.55000000000001,35.75,90.0,1531.0,48.3,18.0,0,0,0,0,0,0,-11.199999999999989,73947.3
L54685,L,27.350000000000023,38.75,90.0,1542.0,39.4,168.0,0,0,0,0,0,0,-11.399999999999977,60754.799999999996
M17830,M,27.350000000000023,36.650000000000034,90.0,1429.0,42.8,129.0,0,0,0,0,0,0,-9.300000000000011,61161.2
L53364,L,27.850000000000023,37.85000000000002,90.0,1553.0,33.7,26.0,0,0,0,0,0,0,-10.0,52336.100000000006
L49473,L,26.350000000000023,35.75,90.0,1465.0,39.4,203.0,0,0,0,0,0,0,-9.399999999999977,57721.0
M20760,M,27.05000000000001,37.55000000000001,90.0,1383.0,41.0,181.0,0,0,0,0,0,0,-10.5,56703.0
M18119,M,28.25,37.450000000000045,90.0,1424.0,47.9,199.0,0,0,0,0,0,0,-9.200000000000045,68209.59999999999
L56915,L,25.650000000000034,36.950000000000045,90.0,1465.0,49.2,161.0,0,0,0,0,0,0,-11.300000000000011,72078.0
L53415,L,28.150000000000034,37.75,90.0,1471.0,37.0,25.0,0,0,0,0,0,0,-9.599999999999966,54427.0
L51826,L,30.150000000000034,38.25,90.0,1497.0,46.0,29.0,0,0,0,0,0,0,-8.099999999999966,68862.0
L56076,L,24.25,35.55000000000001,90.0,1638.0,31.8,131.0,0,0,0,0,0,0,-11.300000000000011,52088.4
L50266,L,26.850000000000023,36.05000000000001,90.0,1748.0,25.8,150.0,0,0,0,0,0,0,-9.199999999999989,45098.4
H35378,H,27.350000000000023,37.650000000000034,90.0,1444.0,49.0,125.0,0,0,0,0,0,0,-10.300000000000011,70756.0
L56410,L,25.05000000000001,36.05000000000001,90.0,1467.0,37.6,132.0,0,0,0,0,0,0,-11.0,55159.200000000004
L54338,L,27.05000000000001,37.150000000000034,90.0,1490.0,42.6,184.0,0,0,0,0,0,0,-10.100000000000023,63474.0
L49832,L,26.650000000000034,36.25,90.0,1476.0,40.5,107.0,0,0,0,0,0,0,-9.599999999999966,59778.0
L54157,L,27.55000000000001,37.85000000000002,90.0,1540.0,40.6,137.0,0,0,0,0,0,0,-10.300000000000011,62524.0
L56810,L,25.850000000000023,36.950000000000045,90.0,1583.0,35.8,47.0,0,0,0,0,0,0,-11.100000000000023,56671.399999999994
L50195,L,27.650000000000034,36.450000000000045,90.0,1274.0,54.7,181.0,0,0,0,0,0,0,-8.800000000000011,69687.8
M18495,M,29.05000000000001,38.25,90.0,1435.0,43.5,9.0,0,0,0,0,0,0,-9.199999999999989,62422.5
L47209,L,25.850000000000023,36.25,90.0,1693.0,40.8,84.0,0,0,0,0,0,0,-10.399999999999977,69074.4
L48703,L,25.150000000000034,35.85000000000002,90.0,1624.0,36.8,92.0,0,0,0,0,0,0,-10.699999999999989,59763.2
L52674,L,29.650000000000034,39.150000000000034,90.0,1578.0,34.2,39.0,0,0,0,0,0,0,-9.5,53967.600000000006
L53731,L,28.25,37.55000000000001,90.0,1331.0,52.1,121.0,0,0,0,0,0,0,-9.300000000000011,69345.1
L49651,L,25.75,35.35000000000002,90.0,1301.0,54.1,156.0,0,0,0,0,0,0,-9.600000000000023,70384.1
L55973,L,24.25,35.450000000000045,90.0,1589.0,33.1,84.0,0,0,0,0,0,0,-11.200000000000045,52595.9
L56253,L,24.05000000000001,35.150000000000034,90.0,1563.0,34.0,156.0,0,0,0,0,0,0,-11.100000000000023,53142.0
L54167,L,27.55000000000001,37.950000000000045,90.0,1650.0,30.8,166.0,0,0,0,0,0,0,-10.400000000000034,50820.0
M17757,M,27.450000000000045,36.25,90.0,1444.0,40.2,93.0,0,0,0,0,0,0,-8.799999999999955,58048.8
M15199,M,24.350000000000023,35.05000000000001,90.0,1526.0,41.0,15.0,0,0,0,0,0,0,-10.699999999999989,62566.0
L50837,L,28.950000000000045,38.35000000000002,90.0,1749.0,29.2,114.0,0,0,0,0,0,0,-9.399999999999977,51070.799999999996
L53987,L,27.850000000000023,37.85000000000002,90.0,1453.0,50.6,123.0,0,0,0,0,0,0,-10.0,73521.8
L56827,L,25.950000000000045,37.05000000000001,90.0,1411.0,43.2,2.0,0,0,0,0,0,0,-11.099999999999966,60955.200000000004
L56602,L,24.950000000000045,35.85000000000002,90.0,1541.0,33.2,127.0,0,0,0,0,0,0,-10.899999999999977,51161.200000000004
H36466,H,27.450000000000045,37.25,90.0,1492.0,39.2,124.0,0,0,0,0,0,0,-9.799999999999955,58486.4
L50120,L,27.75,36.55000000000001,90.0,1353.0,49.1,155.0,0,0,0,0,0,0,-8.800000000000011,66432.3
L56942,L,25.450000000000045,36.55000000000001,90.0,1362.0,52.1,7.0,1,0,0,0,1,0,-11.099999999999966,70960.2
L48306,L,23.650000000000034,34.75,90.0,1527.0,36.8,26.0,0,0,0,0,0,0,-11.099999999999966,56193.6
L54794,L,27.350000000000023,38.25,90.0,1432.0,23.9,5.0,0,0,0,0,0,0,-10.899999999999977,34224.799999999996
L48610,L,25.75,36.85000000000002,90.0,1378.0,52.0,10.0,0,0,0,0,0,0,-11.100000000000023,71656.0
L54782,L,27.25,38.05000000000001,90.0,1478.0,28.7,129.0,0,0,0,0,0,0,-10.800000000000011,42418.6
L50647,L,28.650000000000034,37.55000000000001,90.0,1499.0,38.9,46.0,0,0,0,0,0,0,-8.899999999999977,58311.1
L53719,L,28.25,37.55000000000001,90.0,1516.0,44.4,90.0,0,0,0,0,0,0,-9.300000000000011,67310.4
M22494,M,27.25,38.150000000000034,90.0,1506.0,40.7,98.0,0,0,0,0,0,0,-10.900000000000034,61294.200000000004
M16252,M,25.850000000000023,37.150000000000034,90.0,1560.0,35.8,17.0,0,0,0,0,0,0,-11.300000000000011,55847.99999999999
M21756,M,27.850000000000023,37.85000000000002,90.0,1671.0,32.4,140.0,0,0,0,0,0,0,-10.0,54140.399999999994
L55806,L,24.25,35.35000000000002,90.0,1353.0,47.7,41.0,0,0,0,0,0,0,-11.100000000000023,64538.100000000006
H37810,H,25.450000000000045,36.450000000000045,90.0,1572.0,33.6,92.0,0,0,0,0,0,0,-11.0,52819.200000000004
L52745,L,29.25,38.75,90.0,1685.0,30.9,194.0,0,0,0,0,0,0,-9.5,52066.5
L49794,L,26.150000000000034,35.950000000000045,90.0,1483.0,43.9,208.0,0,0,0,0,0,0,-9.800000000000011,65103.7
L56764,L,26.150000000000034,37.35000000000002,90.0,1392.0,41.3,188.0,0,0,0,0,0,0,-11.199999999999989,57489.6
L49990,L,26.75,36.150000000000034,90.0,1772.0,24.8,113.0,0,0,0,0,0,0,-9.400000000000034,43945.6
L55263,L,26.950000000000045,38.25,90.0,1438.0,42.2,15.0,0,0,0,0,0,0,-11.299999999999955,60683.600000000006
M20840,M,27.350000000000023,37.55000000000001,90.0,1433.0,52.0,123.0,0,0,0,0,0,0,-10.199999999999989,74516.0
L55719,L,25.350000000000023,36.25,90.0,1522.0,40.2,45.0,0,0,0,0,0,0,-10.899999999999977,61184.4
L53938,L,28.55000000000001,37.950000000000045,90.0,1790.0,26.3,206.0,0,0,0,0,0,0,-9.400000000000034,47077.0
L51285,L,28.850000000000023,37.35000000000002,90.0,1361.0,49.6,171.0,0,0,0,0,0,0,-8.5,67505.6
L52627,L,29.850000000000023,39.25,90.0,1651.0,28.0,0.0,0,0,0,0,0,0,-9.399999999999977,46228.0
L49003,L,24.950000000000045,34.55000000000001,90.0,1414.0,49.1,196.0,0,0,0,0,0,0,-9.599999999999966,69427.40000000001
M24275,M,24.850000000000023,35.55000000000001,90.0,1551.0,33.7,0.0,0,0,0,0,0,0,-10.699999999999989,52268.700000000004
L49624,L,26.05000000000001,35.25,90.0,1488.0,39.9,122.0,0,0,0,0,0,0,-9.199999999999989,59371.2
L53372,L,27.850000000000023,37.75,90.0,1428.0,45.0,53.0,0,0,0,0,0,0,-9.899999999999977,64260.0
L51587,L,29.150000000000034,37.05000000000001,90.0,1596.0,38.2,24.0,0,0,0,0,0,0,-7.899999999999977,60967.200000000004
H36328,H,27.650000000000034,37.55000000000001,90.0,1484.0,36.4,164.0,0,0,0,0,0,0,-9.899999999999977,54017.6
L48849,L,25.05000000000001,34.75,90.0,1436.0,44.8,181.0,0,0,0,0,0,0,-9.699999999999989,64332.799999999996
L54632,L,27.25,38.450000000000045,90.0,1465.0,50.2,59.0,0,0,0,0,0,0,-11.200000000000045,73543.0
L54446,L,27.25,37.450000000000045,90.0,1681.0,28.1,26.0,0,0,0,0,0,0,-10.200000000000045,47236.100000000006
L55696,L,25.350000000000023,35.35000000000002,90.0,1547.0,36.6,189.0,0,0,0,0,0,0,-10.0,56620.200000000004
M24687,M,25.150000000000034,36.05000000000001,90.0,1484.0,38.0,205.0,0,0,0,0,0,0,-10.899999999999977,56392.0
L55861,L,24.05000000000001,35.25,90.0,1544.0,30.0,7.0,0,0,0,0,0,0,-11.199999999999989,46320.0
L51898,L,30.150000000000034,38.450000000000045,90.0,1611.0,32.2,64.0,0,0,0,0,0,0,-8.300000000000011,51874.200000000004
L53445,L,27.650000000000034,37.150000000000034,90.0,1390.0,49.8,19.0,0,0,0,0,0,0,-9.5,69222.0
M24244,M,24.850000000000023,34.950000000000045,90.0,1379.0,53.8,122.0,0,0,0,0,0,0,-10.100000000000023,74190.2
L49317,L,26.150000000000034,35.650000000000034,90.0,1436.0,44.1,152.0,0,0,0,0,0,0,-9.5,63327.6
L47897,L,24.25,35.55000000000001,90.0,1470.0,38.5,20.0,0,0,0,0,0,0,-11.300000000000011,56595.0
M22520,M,27.350000000000023,38.450000000000045,90.0,1246.0,52.9,119.0,0,0,0,0,0,0,-11.100000000000023,65913.4
M22789,M,27.650000000000034,38.450000000000045,90.0,1669.0,29.2,200.0,0,0,0,0,0,0,-10.800000000000011,48734.799999999996
L56962,L,25.450000000000045,36.75,90.0,1270.0,61.9,64.0,0,0,0,0,0,0,-11.299999999999955,78613.0
L53210,L,27.450000000000045,37.55000000000001,90.0,1597.0,37.3,80.0,0,0,0,0,0,0,-10.099999999999966,59568.1
L54825,L,27.25,38.25,90.0,1609.0,29.3,129.0,0,0,0,0,0,0,-11.0,47143.700000000004
M18429,M,28.650000000000034,37.75,90.0,1377.0,52.3,12.0,0,0,0,0,0,0,-9.099999999999966,72017.09999999999
L54235,L,27.450000000000045,37.450000000000045,90.0,1470.0,40.6,96.0,0,0,0,0,0,0,-10.0,59682.0
M19553,M,30.25,38.35000000000002,90.0,1817.0,24.7,17.0,0,0,0,0,0,0,-8.100000000000023,44879.9
L51947,L,30.450000000000045,38.950000000000045,90.0,1473.0,35.6,37.0,0,0,0,0,0,0,-8.5,52438.8
L48625,L,25.850000000000023,37.05000000000001,90.0,1607.0,33.7,57.0,0,0,0,0,0,0,-11.199999999999989,54155.9
L53852,L,28.350000000000023,37.450000000000045,90.0,1424.0,38.8,214.0,0,0,0,0,0,0,-9.100000000000023,55251.2
L50902,L,29.25,37.950000000000045,90.0,1457.0,43.4,156.0,0,0,0,0,0,0,-8.700000000000045,63233.799999999996
L53469,L,27.850000000000023,37.25,90.0,1431.0,39.1,77.0,0,0,0,0,0,0,-9.399999999999977,55952.1
L52030,L,30.350000000000023,39.150000000000034,90.0,1441.0,42.4,88.0,0,0,0,0,0,0,-8.800000000000011,61098.4
L56202,L,24.25,35.05000000000001,90.0,1297.0,60.5,192.0,1,0,0,0,1,0,-10.800000000000011,78468.5
L57125,L,25.150000000000034,34.75,90.0,1587.0,33.4,101.0,0,0,0,0,0,0,-9.599999999999966,53005.799999999996
L56936,L,25.350000000000023,36.650000000000034,90.0,1420.0,45.0,158.0,0,0,0,0,0,0,-11.300000000000011,63900.0
L53419,L,27.75,37.05000000000001,90.0,1436.0,49.9,19.0,0,0,0,0,0,0,-9.300000000000011,71656.4
L51560,L,28.75,36.450000000000045,90.0,1410.0,46.6,223.0,0,0,0,0,0,0,-7.7000000000000455,65706.0
L48256,L,23.75,34.75,90.0,1553.0,36.9,76.0,0,0,0,0,0,0,-11.0,57305.7
L56434,L,25.05000000000001,35.950000000000045,90.0,1539.0,41.1,54.0,0,0,0,0,0,0,-10.900000000000034,63252.9
M18575,M,29.150000000000034,38.650000000000034,90.0,1444.0,46.8,162.0,0,0,0,0,0,0,-9.5,67579.2
M18980,M,28.950000000000045,37.55000000000001,90.0,1434.0,43.9,210.0,0,0,0,0,0,0,-8.599999999999966,62952.6
L49275,L,26.25,36.150000000000034,90.0,1384.0,41.5,30.0,0,0,0,0,0,0,-9.900000000000034,57436.0
L53396,L,27.650000000000034,37.55000000000001,90.0,1523.0,36.9,64.0,0,0,0,0,0,0,-9.899999999999977,56198.7
M18519,M,29.05000000000001,38.35000000000002,90.0,1465.0,43.5,31.0,0,0,0,0,0,0,-9.300000000000011,63727.5
L55051,L,27.55000000000001,38.75,90.0,1577.0,35.6,124.0,0,0,0,0,0,0,-11.199999999999989,56141.200000000004
M18667,M,29.05000000000001,38.05000000000001,90.0,1544.0,35.7,74.0,0,0,0,0,0,0,-9.0,55120.8
L47788,L,24.850000000000023,36.75,90.0,1452.0,41.8,43.0,0,0,0,0,0,0,-11.899999999999977,60693.6
L56856,L,25.850000000000023,36.950000000000045,90.0,1509.0,38.9,2.0,0,0,0,0,0,0,-11.100000000000023,58700.1
M21228,M,27.150000000000034,36.75,90.0,1761.0,27.9,119.0,0,0,0,0,0,0,-9.599999999999966,49131.899999999994
M18355,M,28.75,37.85000000000002,90.0,1642.0,30.3,121.0,0,0,0,0,0,0,-9.100000000000023,49752.6
H32920,H,28.75,37.450000000000045,90.0,1341.0,48.6,142.0,0,0,0,0,0,0,-8.700000000000045,65172.6
L48402,L,23.850000000000023,35.150000000000034,90.0,1559.0,33.7,137.0,0,0,0,0,0,0,-11.300000000000011,52538.3
L56857,L,25.850000000000023,36.85000000000002,90.0,1474.0,39.2,108.0,0,0,0,0,0,0,-11.0,57780.8
L53957,L,28.05000000000001,37.55000000000001,90.0,1553.0,37.8,155.0,0,0,0,0,0,0,-9.5,58703.399999999994
L56923,L,25.75,37.05000000000001,90.0,1623.0,37.2,179.0,0,0,0,0,0,0,-11.300000000000011,60375.600000000006
L50265,L,26.950000000000045,36.05000000000001,90.0,1456.0,42.5,148.0,0,0,0,0,0,0,-9.099999999999966,61880.0
L47244,L,25.850000000000023,35.950000000000045,90.0,1393.0,45.3,92.0,0,0,0,0,0,0,-10.100000000000023,63102.899999999994
M23378,M,25.150000000000034,36.55000000000001,90.0,1527.0,44.5,194.0,0,0,0,0,0,0,-11.399999999999977,67951.5
L50849,L,29.150000000000034,38.35000000000002,90.0,1507.0,40.2,143.0,0,0,0,0,0,0,-9.199999999999989,60581.4
L49699,L,25.75,35.450000000000045,90.0,1499.0,37.0,54.0,0,0,0,0,0,0,-9.700000000000045,55463.0
L55917,L,24.150000000000034,35.450000000000045,90.0,1446.0,41.7,114.0,0,0,0,0,0,0,-11.300000000000011,60298.200000000004
L55805,L,24.350000000000023,35.25,90.0,1604.0,34.6,39.0,0,0,0,0,0,0,-10.899999999999977,55498.4
H32914,H,28.75,37.75,90.0,1524.0,36.1,18.0,0,0,0,0,0,0,-9.0,55016.4
M16218,M,25.55000000000001,36.650000000000034,90.0,1475.0,42.5,176.0,0,0,0,0,0,0,-11.100000000000023,62687.5
M24285,M,25.05000000000001,35.650000000000034,90.0,1390.0,47.0,0.0,0,0,0,0,0,0,-10.600000000000023,65330.0
L54079,L,27.75,38.450000000000045,90.0,1479.0,43.1,148.0,0,0,0,0,0,0,-10.700000000000045,63744.9
L57060,L,25.650000000000034,36.650000000000034,90.0,1459.0,47.7,136.0,0,0,0,0,0,0,-11.0,69594.3
L49421,L,26.05000000000001,35.25,90.0,1509.0,41.2,197.0,0,0,0,0,0,0,-9.199999999999989,62170.8
L55850,L,24.350000000000023,35.75,90.0,1592.0,30.4,155.0,0,0,0,0,0,0,-11.399999999999977,48396.799999999996
M17298,M,25.950000000000045,35.35000000000002,90.0,1340.0,57.6,62.0,0,0,0,0,0,0,-9.399999999999977,77184.0
L51362,L,29.25,37.55000000000001,90.0,1270.0,59.9,152.0,0,0,0,0,0,0,-8.300000000000011,76073.0
L48708,L,25.150000000000034,35.85000000000002,90.0,1405.0,61.0,90.0,1,0,0,1,0,0,-10.699999999999989,85705.0
L55891,L,23.950000000000045,35.35000000000002,90.0,1459.0,39.6,184.0,0,0,0,0,0,0,-11.399999999999977,57776.4
L49766,L,25.850000000000023,35.55000000000001,90.0,1568.0,35.4,96.0,0,0,0,0,0,0,-9.699999999999989,55507.2
H38486,H,24.05000000000001,34.950000000000045,90.0,1375.0,55.2,140.0,0,0,0,0,0,0,-10.900000000000034,75900.0
L47477,L,24.950000000000045,35.35000000000002,90.0,1336.0,63.2,124.0,0,0,0,0,0,0,-10.399999999999977,84435.2
H30217,H,23.75,34.650000000000034,90.0,1754.0,29.4,141.0,0,0,0,0,0,0,-10.900000000000034,51567.6
L54797,L,27.350000000000023,38.25,90.0,1538.0,38.2,2.0,0,0,0,0,0,0,-10.899999999999977,58751.600000000006
L54960,L,27.25,38.450000000000045,90.0,1397.0,49.1,203.0,0,0,0,0,0,0,-11.200000000000045,68592.7
M22450,M,27.150000000000034,38.05000000000001,90.0,1475.0,42.6,199.0,0,0,0,0,0,0,-10.899999999999977,62835.0
L52252,L,30.950000000000045,39.85000000000002,90.0,1608.0,28.9,28.0,0,0,0,0,0,0,-8.899999999999977,46471.2
L56695,L,25.850000000000023,36.950000000000045,90.0,1682.0,28.8,49.0,0,0,0,0,0,0,-11.100000000000023,48441.6
M15566,M,24.55000000000001,35.75,90.0,1541.0,40.8,199.0,0,0,0,0,0,0,-11.199999999999989,62872.799999999996
L53106,L,27.05000000000001,36.950000000000045,90.0,1558.0,32.7,41.0,0,0,0,0,0,0,-9.900000000000034,50946.600000000006
L50907,L,29.150000000000034,38.150000000000034,90.0,1703.0,27.3,81.0,0,0,0,0,0,0,-9.0,46491.9
L52244,L,30.850000000000023,39.950000000000045,90.0,1501.0,43.8,101.0,0,0,0,0,0,0,-9.100000000000023,65743.8
L51202,L,28.850000000000023,37.75,90.0,1666.0,28.3,203.0,0,0,0,0,0,0,-8.899999999999977,47147.8
H31066,H,24.75,34.650000000000034,90.0,1494.0,35.0,142.0,0,0,0,0,0,0,-9.900000000000034,52290.0
L56473,L,25.150000000000034,35.950000000000045,90.0,1435.0,41.5,93.0,0,0,0,0,0,0,-10.800000000000011,59552.5
L55928,L,24.150000000000034,35.35000000000002,90.0,1384.0,41.8,97.0,0,0,0,0,0,0,-11.199999999999989,57851.2
M21555,M,28.150000000000034,37.55000000000001,90.0,1544.0,40.7,106.0,0,0,0,0,0,0,-9.399999999999977,62840.8
M16454,M,24.75,34.55000000000001,90.0,1350.0,53.8,18.0,0,0,0,0,0,0,-9.800000000000011,72630.0
M24696,M,25.25,36.150000000000034,90.0,1453.0,40.5,2.0,0,0,0,0,0,0,-10.900000000000034,58846.5
L52689,L,29.650000000000034,38.950000000000045,90.0,1465.0,41.7,0.0,0,0,0,0,0,0,-9.300000000000011,61090.50000000001
L47639,L,24.25,35.450000000000045,90.0,1487.0,47.7,74.0,0,0,0,0,0,0,-11.200000000000045,70929.90000000001
L53902,L,28.350000000000023,37.650000000000034,90.0,1524.0,36.7,108.0,0,0,0,0,0,0,-9.300000000000011,55930.8
H34251,H,30.55000000000001,38.75,90.0,1339.0,54.7,49.0,0,0,0,0,0,0,-8.199999999999989,73243.3
M18634,M,29.25,37.950000000000045,90.0,1450.0,45.7,200.0,0,0,0,0,0,0,-8.700000000000045,66265.0
M17096,M,26.350000000000023,35.55000000000001,90.0,1469.0,41.5,210.0,0,0,0,0,0,0,-9.199999999999989,60963.5
M24125,M,25.150000000000034,35.75,90.0,1639.0,34.1,23.0,0,0,0,0,0,0,-10.599999999999966,55889.9
L49889,L,26.450000000000045,35.950000000000045,90.0,1641.0,30.3,81.0,0,0,0,0,0,0,-9.5,49722.3
L49354,L,26.450000000000045,36.05000000000001,90.0,1539.0,36.0,15.0,0,0,0,0,0,0,-9.599999999999966,55404.0
M18584,M,29.150000000000034,38.05000000000001,90.0,1359.0,51.8,70.0,0,0,0,0,0,0,-8.899999999999977,70396.2
M21485,M,28.350000000000023,37.35000000000002,90.0,1388.0,46.0,94.0,0,0,0,0,0,0,-9.0,63848.0
L53109,L,27.05000000000001,36.950000000000045,90.0,1592.0,34.0,48.0,0,0,0,0,0,0,-9.900000000000034,54128.0
M18098,M,27.75,36.35000000000002,90.0,1456.0,44.4,119.0,0,0,0,0,0,0,-8.600000000000023,64646.4
L55343,L,26.55000000000001,37.950000000000045,90.0,1474.0,38.4,176.0,0,0,0,0,0,0,-11.400000000000034,56601.6
L50902,L,29.05000000000001,38.05000000000001,90.0,1451.0,35.1,66.0,0,0,0,0,0,0,-9.0,50930.1
L55447,L,26.05000000000001,37.450000000000045,90.0,1540.0,36.2,175.0,0,0,0,0,0,0,-11.400000000000034,55748.00000000001
L50331,L,27.350000000000023,36.650000000000034,90.0,1428.0,49.8,119.0,0,0,0,0,0,0,-9.300000000000011,71114.4
L49125,L,24.950000000000045,34.950000000000045,90.0,1620.0,32.8,65.0,0,0,0,0,0,0,-10.0,53135.99999999999
L53846,L,28.150000000000034,37.25,90.0,1454.0,42.5,160.0,0,0,0,0,0,0,-9.099999999999966,61795.0
L53060,L,28.150000000000034,37.950000000000045,90.0,1529.0,36.8,173.0,0,0,0,0,0,0,-9.800000000000011,56267.2
L49795,L,26.25,36.05000000000001,90.0,1403.0,45.2,62.0,0,0,0,0,0,0,-9.800000000000011,63415.600000000006
M22427,M,27.150000000000034,37.85000000000002,90.0,1605.0,34.1,144.0,0,0,0,0,0,0,-10.699999999999989,54730.5
L55591,L,25.75,37.05000000000001,90.0,1634.0,35.8,92.0,0,0,0,0,0,0,-11.300000000000011,58497.2
L48798,L,24.75,34.650000000000034,90.0,1391.0,52.9,55.0,0,0,0,0,0,0,-9.900000000000034,73583.9
H38726,H,25.05000000000001,35.950000000000045,90.0,1422.0,45.3,164.0,0,0,0,0,0,0,-10.900000000000034,64416.6
L53709,L,27.950000000000045,37.450000000000045,90.0,1491.0,40.0,56.0,0,0,0,0,0,0,-9.5,59640.0
L49272,L,26.25,36.05000000000001,90.0,1444.0,42.5,7.0,0,0,0,0,0,0,-9.800000000000011,61370.0
L55265,L,27.05000000000001,38.25,90.0,1448.0,45.3,17.0,0,0,0,0,0,0,-11.199999999999989,65594.4
L49788,L,26.350000000000023,36.05000000000001,90.0,1409.0,44.7,46.0,0,0,0,0,0,0,-9.699999999999989,62982.3
M22885,M,27.650000000000034,38.85000000000002,90.0,1422.0,37.1,221.0,0,0,0,0,0,0,-11.199999999999989,52756.200000000004
L48341,L,23.850000000000023,34.650000000000034,90.0,1412.0,39.5,200.0,0,0,0,0,0,0,-10.800000000000011,55774.0
L51791,L,29.950000000000045,38.05000000000001,90.0,1663.0,29.4,146.0,0,0,0,0,0,0,-8.099999999999966,48892.2
M19897,M,30.950000000000045,40.05000000000001,90.0,1586.0,39.9,129.0,0,0,0,0,0,0,-9.099999999999966,63281.399999999994
L47366,L,25.05000000000001,35.25,90.0,1510.0,47.0,2.0,0,0,0,0,0,0,-10.199999999999989,70970.0
L54227,L,27.450000000000045,37.05000000000001,90.0,1462.0,41.4,114.0,0,0,0,0,0,0,-9.599999999999966,60526.799999999996
M21443,M,28.450000000000045,37.35000000000002,90.0,1503.0,38.2,200.0,0,0,0,0,0,0,-8.899999999999977,57414.600000000006
L50793,L,28.55000000000001,37.35000000000002,90.0,1413.0,39.4,2.0,0,0,0,0,0,0,-8.800000000000011,55672.2
L50227,L,27.05000000000001,36.25,90.0,1403.0,51.4,48.0,0,0,0,0,0,0,-9.199999999999989,72114.2
L56961,L,25.450000000000045,36.450000000000045,90.0,1391.0,52.3,61.0,0,0,0,0,0,0,-11.0,72749.3
L52702,L,29.450000000000045,38.85000000000002,90.0,1393.0,50.9,84.0,0,0,0,0,0,0,-9.399999999999977,70903.7
L55816,L,24.350000000000023,35.25,90.0,1536.0,27.3,5.0,0,0,0,0,0,0,-10.899999999999977,41932.8
L49979,L,26.75,36.25,90.0,1678.0,30.8,181.0,0,0,0,0,0,0,-9.5,51682.4
L48824,L,24.950000000000045,34.650000000000034,90.0,1577.0,33.3,146.0,0,0,0,0,0,0,-9.699999999999989,52514.1
M19344,M,29.450000000000045,37.25,90.0,1577.0,43.1,150.0,0,0,0,0,0,0,-7.7999999999999545,67968.7
M24363,M,25.75,37.05000000000001,90.0,1387.0,46.1,143.0,0,0,0,0,0,0,-11.300000000000011,63940.700000000004
H32148,H,26.450000000000045,36.05000000000001,90.0,1349.0,56.8,142.0,0,0,0,0,0,0,-9.599999999999966,76623.2
L49861,L,26.55000000000001,36.05000000000001,90.0,1444.0,42.8,18.0,0,0,0,0,0,0,-9.5,61803.2
M24119,M,25.05000000000001,35.75,90.0,1397.0,45.7,0.0,0,0,0,0,0,0,-10.699999999999989,63842.9
M16098,M,23.950000000000045,35.25,90.0,1532.0,38.2,9.0,0,0,0,0,0,0,-11.299999999999955,58522.4
M24217,M,24.850000000000023,35.450000000000045,90.0,1602.0,33.0,141.0,0,0,0,0,0,0,-10.600000000000023,52866.0
L48120,L,22.25,32.650000000000034,90.0,1542.0,37.3,33.0,0,0,0,0,0,0,-10.400000000000034,57516.6
L49594,L,25.950000000000045,35.35000000000002,90.0,1564.0,33.5,2.0,0,0,0,0,0,0,-9.399999999999977,52394.0
L53355,L,27.75,37.55000000000001,90.0,1492.0,37.1,4.0,0,0,0,0,0,0,-9.800000000000011,55353.200000000004
L54850,L,27.350000000000023,38.55000000000001,90.0,1525.0,37.6,191.0,0,0,0,0,0,0,-11.199999999999989,57340.0
M23720,M,24.75,36.35000000000002,90.0,1444.0,41.3,30.0,0,0,0,0,0,0,-11.600000000000023,59637.2
L49745,L,26.150000000000034,35.85000000000002,90.0,1304.0,50.6,0.0,0,0,0,0,0,0,-9.699999999999989,65982.40000000001
L54470,L,27.25,37.450000000000045,90.0,1479.0,40.5,87.0,0,0,0,0,0,0,-10.200000000000045,59899.5
L53866,L,28.55000000000001,37.85000000000002,90.0,1567.0,36.0,19.0,0,0,0,0,0,0,-9.300000000000011,56412.0
M17499,M,26.650000000000034,36.05000000000001,90.0,1711.0,30.3,15.0,0,0,0,0,0,0,-9.399999999999977,51843.3
L56257,L,24.150000000000034,34.950000000000045,90.0,1432.0,40.2,154.0,0,0,0,0,0,0,-10.800000000000011,57566.4
L51123,L,29.150000000000034,38.25,90.0,1432.0,52.0,205.0,0,0,0,0,0,0,-9.099999999999966,74464.0
L47445,L,24.850000000000023,34.950000000000045,90.0,1454.0,37.1,0.0,0,0,0,0,0,0,-10.100000000000023,53943.4
M24307,M,24.950000000000045,35.75,90.0,1447.0,44.1,81.0,0,0,0,0,0,0,-10.799999999999955,63812.700000000004
L56086,L,24.25,35.55000000000001,90.0,1305.0,54.6,127.0,0,0,0,0,0,0,-11.300000000000011,71253.0
L50967,L,29.150000000000034,37.75,90.0,1532.0,38.0,119.0,0,0,0,0,0,0,-8.599999999999966,58216.0
L49286,L,26.25,36.05000000000001,90.0,1556.0,37.5,104.0,0,0,0,0,0,0,-9.800000000000011,58350.0
L53600,L,27.150000000000034,36.75,90.0,1280.0,59.1,0.0,0,0,0,0,0,0,-9.599999999999966,75648.0
L54656,L,27.05000000000001,38.35000000000002,90.0,1436.0,43.3,128.0,0,0,0,0,0,0,-11.300000000000011,62178.799999999996
H34252,H,30.450000000000045,39.55000000000001,90.0,1459.0,46.5,44.0,0,0,0,0,0,0,-9.099999999999966,67843.5
H30996,H,24.950000000000045,35.150000000000034,90.0,1472.0,43.0,184.0,0,0,0,0,0,0,-10.199999999999989,63296.0
L57089,L,25.25,36.05000000000001,90.0,1372.0,49.7,0.0,0,0,0,0,0,0,-10.800000000000011,68188.40000000001
L49147,L,24.75,34.450000000000045,90.0,1497.0,37.8,131.0,0,0,0,0,0,0,-9.700000000000045,56586.6
L54358,L,26.950000000000045,37.05000000000001,90.0,1650.0,31.1,23.0,0,0,0,0,0,0,-10.099999999999966,51315.0
L55038,L,27.350000000000023,38.75,90.0,1330.0,49.3,18.0,0,0,0,0,0,0,-11.399999999999977,65569.0
L51545,L,28.850000000000023,36.950000000000045,90.0,1651.0,27.1,201.0,0,0,0,0,0,0,-8.100000000000023,44742.100000000006
L51827,L,30.150000000000034,38.25,90.0,1452.0,46.0,0.0,0,0,0,0,0,0,-8.099999999999966,66792.0
M20715,M,28.150000000000034,37.75,90.0,1351.0,45.2,68.0,0,0,0,0,0,0,-9.599999999999966,61065.200000000004
M20118,M,30.350000000000023,39.75,90.0,1671.0,31.8,84.0,0,0,0,0,0,0,-9.399999999999977,53137.8
L49486,L,26.05000000000001,35.450000000000045,90.0,1487.0,36.9,9.0,0,0,0,0,0,0,-9.400000000000034,54870.299999999996
L48397,L,23.850000000000023,34.950000000000045,90.0,1498.0,47.8,117.0,0,0,0,0,0,0,-11.100000000000023,71604.4
L49442,L,25.950000000000045,35.150000000000034,90.0,1438.0,42.4,48.0,0,0,0,0,0,0,-9.199999999999989,60971.2
L47660,L,24.25,35.85000000000002,90.0,1583.0,41.3,5.0,0,0,0,0,0,0,-11.600000000000023,65377.899999999994
L54600,L,26.75,38.150000000000034,90.0,1368.0,44.1,119.0,0,0,0,0,0,0,-11.400000000000034,60328.8
L48983,L,24.950000000000045,34.55000000000001,90.0,1809.0,25.3,109.0,0,0,0,0,0,0,-9.599999999999966,45767.700000000004
M22754,M,27.75,39.25,90.0,1448.0,47.3,176.0,0,0,0,0,0,0,-11.5,68490.4
L56182,L,23.950000000000045,34.950000000000045,90.0,1436.0,43.5,177.0,0,0,0,0,0,0,-11.0,62466.0
M16081,M,23.950000000000045,35.150000000000034,90.0,1706.0,27.7,155.0,0,0,0,0,0,0,-11.199999999999989,47256.2
L52918,L,29.150000000000034,38.55000000000001,90.0,1544.0,42.3,134.0,0,0,0,0,0,0,-9.399999999999977,65311.2
L48610,L,25.75,36.85000000000002,90.0,1686.0,27.3,5.0,0,0,0,0,0,0,-11.100000000000023,46027.8
M24677,M,25.25,36.150000000000034,90.0,1465.0,42.4,173.0,0,0,0,0,0,0,-10.900000000000034,62116.0
L54238,L,27.55000000000001,37.450000000000045,90.0,1520.0,45.9,137.0,0,0,0,0,0,0,-9.900000000000034,69768.0
L54477,L,26.950000000000045,37.35000000000002,90.0,1391.0,39.8,146.0,0,0,0,0,0,0,-10.399999999999977,55361.799999999996
M17183,M,26.05000000000001,35.75,90.0,1401.0,51.3,160.0,0,0,0,0,0,0,-9.699999999999989,71871.3
L54658,L,27.05000000000001,38.450000000000045,90.0,1467.0,39.6,133.0,0,0,0,0,0,0,-11.400000000000034,58093.200000000004
L52391,L,30.55000000000001,39.55000000000001,90.0,1739.0,28.7,185.0,0,0,0,0,0,0,-9.0,49909.299999999996
L53271,L,27.75,37.55000000000001,90.0,1613.0,33.5,176.0,0,0,0,0,0,0,-9.800000000000011,54035.5
L48983,L,25.05000000000001,34.55000000000001,90.0,1402.0,50.0,59.0,0,0,0,0,0,0,-9.5,70100.0
M20954,M,27.75,37.650000000000034,90.0,1452.0,48.1,22.0,0,0,0,0,0,0,-9.900000000000034,69841.2
M15541,M,24.55000000000001,35.85000000000002,90.0,1432.0,49.7,173.0,0,0,0,0,0,0,-11.300000000000011,71170.40000000001
L57163,L,25.55000000000001,35.25,90.0,1484.0,39.7,195.0,0,0,0,0,0,0,-9.699999999999989,58914.8
L54231,L,27.450000000000045,37.25,90.0,1569.0,35.7,118.0,0,0,0,0,0,0,-9.799999999999955,56013.3
L48781,L,24.75,34.650000000000034,90.0,1491.0,38.0,80.0,0,0,0,0,0,0,-9.900000000000034,56658.0
L56990,L,25.05000000000001,35.85000000000002,90.0,1496.0,51.0,153.0,0,0,0,0,0,0,-10.800000000000011,76296.0
L51638,L,29.450000000000045,37.25,90.0,1754.0,28.3,9.0,0,0,0,0,0,0,-7.7999999999999545,49638.200000000004
L49265,L,26.350000000000023,36.150000000000034,90.0,1445.0,45.3,7.0,0,0,0,0,0,0,-9.800000000000011,65458.49999999999
H29997,H,25.650000000000034,36.450000000000045,90.0,1532.0,42.9,215.0,0,0,0,0,0,0,-10.800000000000011,65722.8
L56642,L,25.25,36.05000000000001,90.0,1571.0,46.7,133.0,0,0,0,0,0,0,-10.800000000000011,73365.70000000001
L56879,L,25.650000000000034,36.85000000000002,90.0,1679.0,28.1,0.0,0,0,0,0,0,0,-11.199999999999989,47179.9
L49268,L,26.450000000000045,36.25,90.0,1331.0,36.5,16.0,0,0,0,0,0,0,-9.799999999999955,48581.5
L54535,L,26.450000000000045,37.05000000000001,90.0,1728.0,26.1,38.0,0,0,0,0,0,0,-10.599999999999966,45100.8
L53146,L,27.25,37.650000000000034,90.0,1535.0,36.8,142.0,0,0,0,0,0,0,-10.400000000000034,56487.99999999999
L49342,L,26.350000000000023,35.950000000000045,90.0,1373.0,44.3,217.0,0,0,0,0,0,0,-9.600000000000023,60823.899999999994
H39262,H,25.350000000000023,36.05000000000001,90.0,1532.0,40.6,39.0,0,0,0,0,0,0,-10.699999999999989,62199.200000000004
L54023,L,28.150000000000034,38.05000000000001,90.0,1605.0,42.5,213.0,0,0,0,0,0,0,-9.899999999999977,68212.5
M20954,M,27.75,37.650000000000034,90.0,1530.0,36.6,2.0,0,0,0,0,0,0,-9.900000000000034,55998.0
L54062,L,27.850000000000023,38.25,90.0,1434.0,48.3,105.0,0,0,0,0,0,0,-10.399999999999977,69262.2
L48737,L,25.05000000000001,35.25,90.0,1585.0,30.6,127.0,0,0,0,0,0,0,-10.199999999999989,48501.0
L53854,L,28.450000000000045,37.55000000000001,90.0,1471.0,45.4,119.0,0,0,0,0,0,0,-9.099999999999966,66783.4
M18971,M,28.75,37.450000000000045,90.0,1479.0,41.0,89.0,0,0,0,0,0,0,-8.700000000000045,60639.0
M23806,M,24.150000000000034,35.150000000000034,90.0,1441.0,49.7,31.0,0,0,0,0,0,0,-11.0,71617.7
L55282,L,27.150000000000034,38.650000000000034,90.0,1413.0,38.2,182.0,0,0,0,0,0,0,-11.5,53976.600000000006
L54523,L,26.450000000000045,37.450000000000045,90.0,1468.0,42.7,181.0,0,0,0,0,0,0,-11.0,62683.600000000006
L54071,L,27.75,38.450000000000045,90.0,1777.0,24.4,131.0,0,0,0,0,0,0,-10.700000000000045,43358.799999999996
L47584,L,24.350000000000023,35.55000000000001,90.0,1466.0,44.5,124.0,0,0,0,0,0,0,-11.199999999999989,65237.0
L57071,L,25.650000000000034,36.35000000000002,90.0,1434.0,48.1,192.0,0,0,0,0,0,0,-10.699999999999989,68975.40000000001
L49463,L,26.150000000000034,35.55000000000001,90.0,1390.0,53.9,98.0,0,0,0,0,0,0,-9.399999999999977,74921.0
L53196,L,27.55000000000001,37.55000000000001,90.0,1378.0,53.1,48.0,0,0,0,0,0,0,-10.0,73171.8
M24701,M,25.450000000000045,36.05000000000001,90.0,1699.0,31.4,21.0,0,0,0,0,0,0,-10.599999999999966,53348.6
M21983,M,27.75,37.25,90.0,1541.0,40.4,13.0,0,0,0,0,0,0,-9.5,62256.399999999994
L48649,L,25.450000000000045,36.650000000000034,90.0,1491.0,37.2,94.0,0,0,0,0,0,0,-11.199999999999989,55465.200000000004
L49198,L,25.55000000000001,35.25,90.0,1375.0,46.4,0.0,0,0,0,0,0,0,-9.699999999999989,63800.0
L51816,L,29.950000000000045,38.150000000000034,90.0,1384.0,50.1,210.0,1,0,1,0,0,0,-8.199999999999989,69338.40000000001
H34496,H,30.950000000000045,40.05000000000001,90.0,1590.0,51.8,193.0,0,0,0,0,0,0,-9.099999999999966,82362.0
L53255,L,27.850000000000023,37.75,90.0,1695.0,28.5,53.0,0,0,0,0,0,0,-9.899999999999977,48307.5
L48559,L,25.450000000000045,36.950000000000045,90.0,1381.0,46.8,112.0,0,0,0,0,0,0,-11.5,64630.799999999996
L52083,L,30.450000000000045,39.35000000000002,90.0,1642.0,32.7,0.0,0,0,0,0,0,0,-8.899999999999977,53693.4
H35424,H,27.650000000000034,37.55000000000001,90.0,1616.0,37.9,26.0,0,0,0,0,0,0,-9.899999999999977,61246.399999999994
L49646,L,25.75,35.450000000000045,90.0,1530.0,37.6,126.0,0,0,0,0,0,0,-9.700000000000045,57528.0
L53141,L,27.350000000000023,37.55000000000001,90.0,1469.0,46.0,132.0,0,0,0,0,0,0,-10.199999999999989,67574.0
L51947,L,30.450000000000045,38.55000000000001,90.0,1434.0,45.6,168.0,0,0,0,0,0,0,-8.099999999999966,65390.4
L52147,L,30.75,39.450000000000045,90.0,1426.0,50.7,172.0,0,0,0,0,0,0,-8.700000000000045,72298.2
L47988,L,23.75,34.55000000000001,90.0,1511.0,35.7,120.0,0,0,0,0,0,0,-10.800000000000011,53942.700000000004
M24331,M,25.450000000000045,36.25,90.0,1530.0,27.5,154.0,0,0,0,0,0,0,-10.799999999999955,42075.0
H37551,H,26.350000000000023,37.650000000000034,90.0,1600.0,32.4,155.0,0,0,0,0,0,0,-11.300000000000011,51840.0
L47871,L,24.350000000000023,35.950000000000045,90.0,1438.0,42.1,32.0,0,0,0,0,0,0,-11.600000000000023,60539.8
M18198,M,28.450000000000045,37.75,90.0,1510.0,36.6,124.0,0,0,0,0,0,0,-9.299999999999955,55266.0
L47729,L,24.350000000000023,36.25,90.0,1588.0,34.9,121.0,0,0,0,0,0,0,-11.899999999999977,55421.2
H30102,H,23.75,34.950000000000045,90.0,1793.0,23.1,65.0,0,0,0,0,0,0,-11.200000000000045,41418.3
H38574,H,24.350000000000023,35.35000000000002,90.0,1671.0,28.0,148.0,0,0,0,0,0,0,-11.0,46788.0
L53232,L,27.75,37.85000000000002,90.0,1418.0,42.4,138.0,0,0,0,0,0,0,-10.100000000000023,60123.2
M23620,M,24.25,35.55000000000001,90.0,1392.0,43.4,174.0,0,0,0,0,0,0,-11.300000000000011,60412.799999999996
M22709,M,27.150000000000034,38.55000000000001,90.0,1564.0,47.9,181.0,0,0,0,0,0,0,-11.399999999999977,74915.59999999999
L48328,L,23.950000000000045,34.75,90.0,1348.0,58.0,162.0,0,0,0,0,0,0,-10.799999999999955,78184.0
L50304,L,26.950000000000045,36.25,90.0,1493.0,38.5,42.0,0,0,0,0,0,0,-9.299999999999955,57480.5
L52471,L,30.650000000000034,40.150000000000034,90.0,1421.0,49.8,179.0,0,0,0,0,0,0,-9.5,70765.8
L53110,L,27.150000000000034,37.150000000000034,90.0,1454.0,51.5,50.0,0,0,0,0,0,0,-10.0,74881.0
L51746,L,29.350000000000023,37.650000000000034,90.0,1550.0,34.9,59.0,0,0,0,0,0,0,-8.300000000000011,54095.0
L56269,L,24.150000000000034,34.950000000000045,90.0,1337.0,56.8,2.0,0,0,0,0,0,0,-10.800000000000011,75941.59999999999
L49772,L,25.75,35.450000000000045,90.0,1539.0,45.4,57.0,0,0,0,0,0,0,-9.700000000000045,69870.59999999999
M23664,M,24.25,35.450000000000045,90.0,1525.0,44.9,137.0,0,0,0,0,0,0,-11.200000000000045,68472.5
M17012,M,26.150000000000034,35.650000000000034,90.0,1573.0,33.4,191.0,0,0,0,0,0,0,-9.5,52538.2
L48366,L,24.150000000000034,35.25,90.0,1417.0,44.5,31.0,0,0,0,0,0,0,-11.099999999999966,63056.5
L53235,L,27.55000000000001,37.75,90.0,1471.0,42.0,147.0,0,0,0,0,0,0,-10.199999999999989,61782.0
L53351,L,27.650000000000034,37.55000000000001,90.0,1654.0,29.1,212.0,0,0,0,0,0,0,-9.899999999999977,48131.4
M24010,M,24.350000000000023,35.450000000000045,90.0,1447.0,44.8,199.0,0,0,0,0,0,0,-11.100000000000023,64825.6
L51508,L,28.55000000000001,36.950000000000045,90.0,1441.0,39.2,70.0,0,0,0,0,0,0,-8.400000000000034,56487.200000000004
L56030,L,24.450000000000045,35.85000000000002,90.0,1433.0,47.7,5.0,0,0,0,0,0,0,-11.399999999999977,68354.1
M18654,M,29.05000000000001,37.650000000000034,90.0,1356.0,48.3,18.0,0,0,0,0,0,0,-8.600000000000023,65494.799999999996
L47258,L,25.75,35.75,90.0,1639.0,51.5,0.0,0,0,0,0,0,0,-10.0,84408.5
L55962,L,24.350000000000023,35.55000000000001,90.0,1456.0,44.7,28.0,0,0,0,0,0,0,-11.199999999999989,65083.200000000004
L54667,L,27.150000000000034,38.55000000000001,90.0,1601.0,31.3,2.0,0,0,0,0,0,0,-11.399999999999977,50111.3
M16035,M,24.05000000000001,35.150000000000034,90.0,1446.0,48.3,3.0,0,0,0,0,0,0,-11.100000000000023,69841.8
L56140,L,24.150000000000034,34.75,90.0,1271.0,52.7,75.0,0,0,0,0,0,0,-10.599999999999966,66981.7
L49044,L,24.75,34.450000000000045,90.0,1606.0,32.6,81.0,0,0,0,0,0,0,-9.700000000000045,52355.600000000006
M19058,M,29.25,37.950000000000045,90.0,1432.0,44.5,7.0,0,0,0,0,0,0,-8.700000000000045,63724.0
L56227,L,24.150000000000034,35.25,90.0,1488.0,37.4,67.0,0,0,0,0,0,0,-11.099999999999966,55651.2
L49523,L,25.950000000000045,35.05000000000001,90.0,1459.0,43.9,17.0,0,0,0,0,0,0,-9.099999999999966,64050.1
L49494,L,26.05000000000001,35.75,90.0,1477.0,41.7,16.0,0,0,0,0,0,0,-9.699999999999989,61590.9
L48077,L,22.450000000000045,33.05000000000001,90.0,1502.0,40.6,131.0,0,0,0,0,0,0,-10.599999999999966,60981.200000000004
L55720,L,25.450000000000045,36.35000000000002,90.0,1445.0,41.2,47.0,0,0,0,0,0,0,-10.899999999999977,59534.00000000001
L50534,L,28.350000000000023,37.650000000000034,90.0,1541.0,37.2,191.0,0,0,0,0,0,0,-9.300000000000011,57325.200000000004
L53923,L,28.55000000000001,38.05000000000001,90.0,1710.0,30.8,26.0,0,0,0,0,0,0,-9.5,52668.0
M24356,M,26.05000000000001,37.05000000000001,90.0,1349.0,43.8,226.0,0,0,0,0,0,0,-11.0,59086.2
L53886,L,28.450000000000045,37.75,90.0,1452.0,42.1,146.0,0,0,0,0,0,0,-9.299999999999955,61129.200000000004
L52140,L,30.75,39.55000000000001,90.0,1539.0,32.3,7.0,0,0,0,0,0,0,-8.800000000000011,49709.7
L53430,L,27.75,37.150000000000034,90.0,1530.0,37.7,193.0,0,0,0,0,0,0,-9.400000000000034,57681.00000000001
L55265,L,27.05000000000001,38.25,90.0,1527.0,43.4,143.0,0,0,0,0,0,0,-11.199999999999989,66271.8
M22419,M,27.25,38.150000000000034,90.0,1355.0,56.3,122.0,0,0,0,0,0,0,-10.900000000000034,76286.5
M23787,M,24.25,35.25,90.0,1789.0,25.0,181.0,0,0,0,0,0,0,-11.0,44725.0
L47806,L,25.25,36.950000000000045,90.0,1408.0,47.5,92.0,0,0,0,0,0,0,-11.700000000000045,66880.0
H31524,H,26.150000000000034,35.85000000000002,90.0,1508.0,37.3,85.0,0,0,0,0,0,0,-9.699999999999989,56248.399999999994
M18671,M,28.950000000000045,37.55000000000001,90.0,1464.0,40.1,81.0,0,0,0,0,0,0,-8.599999999999966,58706.4
M24010,M,24.350000000000023,35.450000000000045,90.0,1623.0,57.0,132.0,0,0,0,0,0,0,-11.100000000000023,92511.0
L50363,L,26.950000000000045,36.150000000000034,90.0,1593.0,32.7,173.0,0,0,0,0,0,0,-9.199999999999989,52091.100000000006
L54793,L,27.350000000000023,38.35000000000002,90.0,1533.0,36.5,47.0,0,0,0,0,0,0,-11.0,55954.5
M18906,M,28.75,37.75,90.0,1603.0,38.1,26.0,0,0,0,0,0,0,-9.0,61074.3
L54241,L,27.450000000000045,37.25,90.0,1479.0,35.6,155.0,0,0,0,0,0,0,-9.799999999999955,52652.4
L49198,L,25.55000000000001,35.35000000000002,90.0,1365.0,46.4,48.0,0,0,0,0,0,0,-9.800000000000011,63336.0
L55006,L,26.650000000000034,37.950000000000045,90.0,1474.0,41.9,165.0,0,0,0,0,0,0,-11.300000000000011,61760.6
L56789,L,25.850000000000023,36.950000000000045,90.0,1487.0,46.6,24.0,0,0,0,0,0,0,-11.100000000000023,69294.2
L51343,L,28.950000000000045,37.35000000000002,90.0,1549.0,36.9,107.0,0,0,0,0,0,0,-8.399999999999977,57158.1
L56532,L,25.05000000000001,35.55000000000001,90.0,1492.0,40.6,76.0,0,0,0,0,0,0,-10.5,60575.200000000004
H34017,H,29.75,37.85000000000002,90.0,1696.0,27.9,123.0,0,0,0,0,0,0,-8.100000000000023,47318.399999999994
L51124,L,29.05000000000001,38.25,90.0,1491.0,40.2,207.0,0,0,0,0,0,0,-9.199999999999989,59938.200000000004
H39334,H,25.350000000000023,35.650000000000034,90.0,1499.0,37.8,123.0,0,0,0,0,0,0,-10.300000000000011,56662.2
L55255,L,27.25,38.85000000000002,90.0,1605.0,31.0,17.0,0,0,0,0,0,0,-11.600000000000023,49755.0
L49103,L,24.75,34.55000000000001,90.0,1397.0,34.1,142.0,0,0,0,0,0,0,-9.800000000000011,47637.700000000004
L50983,L,29.05000000000001,37.75,90.0,1488.0,37.5,60.0,0,0,0,0,0,0,-8.699999999999989,55800.0
L53258,L,27.650000000000034,37.650000000000034,90.0,1512.0,43.5,201.0,0,0,0,0,0,0,-10.0,65772.0
M23153,M,25.75,37.35000000000002,90.0,1394.0,44.5,85.0,0,0,0,0,0,0,-11.600000000000023,62033.0
L55805,L,24.450000000000045,35.150000000000034,90.0,1467.0,45.3,43.0,0,0,0,0,0,0,-10.699999999999989,66455.09999999999
L56552,L,24.55000000000001,35.25,90.0,1487.0,41.3,84.0,0,0,0,0,0,0,-10.699999999999989,61413.1
L53537,L,27.05000000000001,36.55000000000001,90.0,1364.0,54.5,39.0,0,0,0,0,0,0,-9.5,74338.0
L47407,L,25.25,35.35000000000002,90.0,1539.0,35.3,168.0,0,0,0,0,0,0,-10.100000000000023,54326.7
L56384,L,24.75,35.650000000000034,90.0,1434.0,41.9,14.0,0,0,0,0,0,0,-10.900000000000034,60084.6
L53444,L,27.75,37.25,90.0,1548.0,37.1,148.0,0,0,0,0,0,0,-9.5,57430.8
L56242,L,24.05000000000001,35.150000000000034,90.0,1576.0,35.2,113.0,0,0,0,0,0,0,-11.100000000000023,55475.200000000004
L55946,L,24.350000000000023,35.55000000000001,90.0,1360.0,31.7,190.0,0,0,0,0,0,0,-11.199999999999989,43112.0
L55126,L,27.650000000000034,38.450000000000045,90.0,1431.0,49.9,127.0,0,0,0,0,0,0,-10.800000000000011,71406.9
L55902,L,24.05000000000001,35.450000000000045,90.0,1366.0,54.0,140.0,0,0,0,0,0,0,-11.400000000000034,73764.0
M21085,M,28.05000000000001,37.650000000000034,90.0,1424.0,41.4,131.0,0,0,0,0,0,0,-9.600000000000023,58953.6
L55983,L,24.25,35.450000000000045,90.0,1683.0,31.0,80.0,0,0,0,0,0,0,-11.200000000000045,52173.0
M21364,M,27.850000000000023,36.85000000000002,90.0,1567.0,35.3,212.0,0,0,0,0,0,0,-9.0,55315.1
L48531,L,25.650000000000034,37.05000000000001,90.0,1433.0,48.3,49.0,0,0,0,0,0,0,-11.399999999999977,69213.9
L54707,L,26.950000000000045,38.150000000000034,90.0,1470.0,50.2,40.0,0,0,0,0,0,0,-11.199999999999989,73794.0
L56413,L,25.05000000000001,35.55000000000001,90.0,1446.0,45.1,138.0,0,0,0,0,0,0,-10.5,65214.6
L56255,L,24.150000000000034,34.950000000000045,90.0,1484.0,43.0,212.0,0,0,0,0,0,0,-10.800000000000011,63812.0
M23250,M,25.55000000000001,36.650000000000034,90.0,1441.0,48.0,84.0,0,0,0,0,0,0,-11.100000000000023,69168.0
L53078,L,27.850000000000023,37.85000000000002,90.0,1300.0,44.9,174.0,0,0,0,0,0,0,-10.0,58370.0
L54047,L,27.850000000000023,38.150000000000034,90.0,1568.0,36.7,60.0,0,0,0,0,0,0,-10.300000000000011,57545.600000000006
M18108,M,27.850000000000023,36.55000000000001,90.0,1429.0,40.0,146.0,0,0,0,0,0,0,-8.699999999999989,57160.0
M17483,M,26.450000000000045,36.25,90.0,1556.0,38.2,80.0,0,0,0,0,0,0,-9.799999999999955,59439.200000000004
M20841,M,27.55000000000001,37.55000000000001,90.0,1447.0,37.7,183.0,0,0,0,0,0,0,-10.0,54551.9
M24687,M,25.25,36.150000000000034,90.0,1539.0,34.3,198.0,0,0,0,0,0,0,-10.900000000000034,52787.7
M15390,M,24.450000000000045,36.35000000000002,90.0,1403.0,48.4,155.0,0,0,0,0,0,0,-11.899999999999977,67905.2
L53257,L,27.75,37.75,90.0,1414.0,41.7,162.0,0,0,0,0,0,0,-10.0,58963.8
M24719,M,25.450000000000045,36.450000000000045,90.0,1498.0,42.8,10.0,0,0,0,0,0,0,-11.0,64114.399999999994
L50391,L,27.150000000000034,36.05000000000001,90.0,1446.0,44.4,74.0,0,0,0,0,0,0,-8.899999999999977,64202.4
L56906,L,25.650000000000034,36.650000000000034,90.0,1577.0,35.2,139.0,0,0,0,0,0,0,-11.0,55510.4
H39042,H,25.850000000000023,36.85000000000002,90.0,1569.0,36.0,132.0,0,0,0,0,0,0,-11.0,56484.0
L51112,L,29.450000000000045,38.450000000000045,90.0,1492.0,44.2,121.0,0,0,0,0,0,0,-9.0,65946.40000000001
M22789,M,27.650000000000034,38.85000000000002,90.0,1612.0,31.2,175.0,0,0,0,0,0,0,-11.199999999999989,50294.4
L52842,L,29.05000000000001,38.35000000000002,90.0,1616.0,41.9,9.0,0,0,0,0,0,0,-9.300000000000011,67710.4
L53706,L,28.05000000000001,37.150000000000034,90.0,1516.0,36.0,51.0,0,0,0,0,0,0,-9.100000000000023,54576.0
L55976,L,24.05000000000001,35.450000000000045,90.0,1441.0,51.2,61.0,0,0,0,0,0,0,-11.400000000000034,73779.2
L56495,L,25.350000000000023,36.150000000000034,90.0,1555.0,41.0,120.0,0,0,0,0,0,0,-10.800000000000011,63755.0
L57023,L,25.55000000000001,36.150000000000034,90.0,1383.0,52.1,26.0,0,0,0,0,0,0,-10.600000000000023,72054.3
M17528,M,26.75,36.35000000000002,90.0,1640.0,33.8,211.0,0,0,0,0,0,0,-9.600000000000023,55431.99999999999
L51169,L,29.150000000000034,38.150000000000034,90.0,1540.0,39.6,120.0,0,0,0,0,0,0,-9.0,60984.0
L47698,L,24.450000000000045,36.35000000000002,90.0,1533.0,39.7,41.0,0,0,0,0,0,0,-11.899999999999977,60860.100000000006
L53063,L,28.25,37.950000000000045,90.0,1800.0,33.8,135.0,0,0,0,0,0,0,-9.700000000000045,60839.99999999999
L50483,L,28.05000000000001,37.25,90.0,1353.0,53.5,28.0,0,0,0,0,0,0,-9.199999999999989,72385.5
L50335,L,27.25,36.55000000000001,90.0,1367.0,54.8,135.0,0,0,0,0,0,0,-9.300000000000011,74911.59999999999
M19253,M,29.05000000000001,36.950000000000045,90.0,1373.0,46.6,25.0,1,0,1,0,0,0,-7.900000000000034,63981.8
L55296,L,27.150000000000034,38.650000000000034,90.0,1457.0,43.0,12.0,0,0,0,0,0,0,-11.5,62651.0
L56414,L,25.05000000000001,35.55000000000001,90.0,1356.0,50.0,136.0,0,0,0,0,0,0,-10.5,67800.0
M18167,M,28.05000000000001,37.35000000000002,90.0,1704.0,31.8,9.0,0,0,0,0,0,0,-9.300000000000011,54187.200000000004
L47892,L,24.350000000000023,35.450000000000045,90.0,1445.0,46.5,170.0,0,0,0,0,0,0,-11.100000000000023,67192.5
L52886,L,29.25,38.75,90.0,1383.0,46.1,139.0,0,0,0,0,0,0,-9.5,63756.3
L51719,L,29.450000000000045,37.35000000000002,90.0,1420.0,50.6,166.0,0,0,0,0,0,0,-7.899999999999977,71852.0
M20455,M,29.450000000000045,38.85000000000002,90.0,1361.0,48.1,108.0,0,0,0,0,0,0,-9.399999999999977,65464.1
M20968,M,27.650000000000034,37.75,90.0,1349.0,28.1,63.0,0,0,0,0,0,0,-10.099999999999966,37906.9
L49602,L,25.75,35.05000000000001,90.0,1490.0,42.0,143.0,0,0,0,0,0,0,-9.300000000000011,62580.0
L52180,L,30.450000000000045,39.25,90.0,1325.0,58.2,219.0,0,0,0,0,0,0,-8.799999999999955,77115.0
M16057,M,23.850000000000023,34.650000000000034,90.0,1530.0,33.4,170.0,0,0,0,0,0,0,-10.800000000000011,51102.0
L47281,L,25.650000000000034,35.650000000000034,90.0,1469.0,40.9,179.0,0,0,0,0,0,0,-10.0,60082.1
L56451,L,24.850000000000023,35.55000000000001,90.0,1437.0,43.0,104.0,0,0,0,0,0,0,-10.699999999999989,61791.0
M21493,M,28.350000000000023,37.35000000000002,90.0,1372.0,46.6,114.0,0,0,0,0,0,0,-9.0,63935.200000000004
M23854,M,24.05000000000001,34.75,90.0,1653.0,31.9,116.0,0,0,0,0,0,0,-10.699999999999989,52730.7
M21123,M,27.650000000000034,37.150000000000034,90.0,1698.0,27.0,14.0,0,0,0,0,0,0,-9.5,45846.0
L56602,L,24.950000000000045,35.35000000000002,90.0,1515.0,40.5,20.0,0,0,0,0,0,0,-10.399999999999977,61357.5
M17691,M,27.150000000000034,36.05000000000001,90.0,1412.0,48.1,163.0,0,0,0,0,0,0,-8.899999999999977,67917.2
M22754,M,27.650000000000034,39.35000000000002,90.0,1511.0,43.2,25.0,0,0,0,0,0,0,-11.699999999999989,65275.200000000004
L52038,L,30.55000000000001,39.150000000000034,90.0,1349.0,51.0,108.0,0,0,0,0,0,0,-8.600000000000023,68799.0
M18795,M,29.150000000000034,38.25,90.0,1419.0,48.7,192.0,0,0,0,0,0,0,-9.099999999999966,69105.3
L52966,L,28.650000000000034,38.05000000000001,90.0,1465.0,48.2,192.0,0,0,0,0,0,0,-9.399999999999977,70613.0
L48997,L,24.950000000000045,34.55000000000001,90.0,1563.0,36.6,145.0,0,0,0,0,0,0,-9.599999999999966,57205.8
M24472,M,25.850000000000023,37.05000000000001,90.0,1651.0,31.0,89.0,0,0,0,0,0,0,-11.199999999999989,51181.0
L51186,L,28.850000000000023,37.950000000000045,90.0,1492.0,45.0,179.0,0,0,0,0,0,0,-9.100000000000023,67140.0
L53978,L,28.05000000000001,37.650000000000034,90.0,1676.0,32.4,98.0,0,0,0,0,0,0,-9.600000000000023,54302.399999999994
M22703,M,27.55000000000001,38.55000000000001,90.0,1441.0,41.3,205.0,0,0,0,0,0,0,-11.0,59513.299999999996
M16184,M,25.650000000000034,37.05000000000001,90.0,1444.0,46.9,19.0,0,0,0,0,0,0,-11.399999999999977,67723.59999999999
L54729,L,27.05000000000001,38.25,90.0,1435.0,49.9,97.0,0,0,0,0,0,0,-11.199999999999989,71606.5
L52044,L,30.450000000000045,39.150000000000034,90.0,1525.0,41.1,2.0,0,0,0,0,0,0,-8.699999999999989,62677.5
L54955,L,27.150000000000034,38.35000000000002,90.0,1461.0,42.2,36.0,0,0,0,0,0,0,-11.199999999999989,61654.200000000004
L48009,L,22.950000000000045,34.150000000000034,90.0,1413.0,50.0,166.0,0,0,0,0,0,0,-11.199999999999989,70650.0
H30782,H,25.650000000000034,36.950000000000045,90.0,1708.0,27.1,27.0,0,0,0,0,0,0,-11.300000000000011,46286.8
M19312,M,29.450000000000045,37.35000000000002,90.0,1447.0,39.2,172.0,0,0,0,0,0,0,-7.899999999999977,56722.4
L54204,L,27.450000000000045,37.450000000000045,90.0,1525.0,39.7,53.0,0,0,0,0,0,0,-10.0,60542.50000000001
L53283,L,27.75,37.650000000000034,90.0,1407.0,45.1,51.0,0,0,0,0,0,0,-9.900000000000034,63455.700000000004
L53375,L,27.75,37.650000000000034,90.0,1477.0,41.2,156.0,0,0,0,0,0,0,-9.900000000000034,60852.4
M21650,M,27.950000000000045,37.55000000000001,90.0,1366.0,46.7,79.0,0,0,0,0,0,0,-9.599999999999966,63792.200000000004
M17291,M,25.75,35.05000000000001,90.0,1527.0,42.2,16.0,0,0,0,0,0,0,-9.300000000000011,64439.4
L52997,L,29.150000000000034,38.55000000000001,90.0,1486.0,36.7,206.0,0,0,0,0,0,0,-9.399999999999977,54536.200000000004
L56246,L,24.05000000000001,35.150000000000034,90.0,1570.0,39.7,124.0,0,0,0,0,0,0,-11.100000000000023,62329.00000000001
L50807,L,29.150000000000034,37.75,90.0,1495.0,38.0,52.0,0,0,0,0,0,0,-8.599999999999966,56810.0
M17948,M,26.850000000000023,35.85000000000002,90.0,1624.0,30.8,127.0,0,0,0,0,0,0,-9.0,50019.200000000004
L53322,L,27.950000000000045,37.75,90.0,1465.0,43.2,26.0,0,0,0,0,0,0,-9.799999999999955,63288.00000000001
L49505,L,26.150000000000034,35.650000000000034,90.0,1545.0,35.6,203.0,0,0,0,0,0,0,-9.5,55002.0
L56849,L,25.950000000000045,37.150000000000034,90.0,1471.0,33.2,242.0,0,0,0,0,0,0,-11.199999999999989,48837.200000000004
L49596,L,25.850000000000023,35.25,90.0,1329.0,54.0,5.0,0,0,0,0,0,0,-9.399999999999977,71766.0
L49079,L,24.650000000000034,34.35000000000002,90.0,1418.0,40.0,159.0,0,0,0,0,0,0,-9.699999999999989,56720.0
L57048,L,25.450000000000045,36.75,90.0,1418.0,53.8,96.0,0,0,0,0,0,0,-11.299999999999955,76288.4
M21485,M,28.450000000000045,37.55000000000001,90.0,1530.0,44.4,94.0,0,0,0,0,0,0,-9.099999999999966,67932.0
L55678,L,25.25,36.450000000000045,90.0,1479.0,37.8,138.0,0,0,0,0,0,0,-11.200000000000045,55906.2
L55961,L,24.350000000000023,35.55000000000001,90.0,1474.0,47.6,19.0,0,0,0,0,0,0,-11.199999999999989,70162.40000000001
L53987,L,28.150000000000034,37.650000000000034,90.0,1429.0,50.7,109.0,0,0,0,0,0,0,-9.5,72450.3
L50596,L,28.25,37.35000000000002,90.0,1435.0,41.1,101.0,0,0,0,0,0,0,-9.100000000000023,58978.5
M23439,M,24.25,35.25,90.0,1721.0,31.2,143.0,0,0,0,0,0,0,-11.0,53695.2
L55509,L,25.650000000000034,36.650000000000034,90.0,1371.0,53.6,119.0,0,0,0,0,0,0,-11.0,73485.6
L47398,L,25.150000000000034,35.35000000000002,90.0,1504.0,43.7,108.0,0,0,0,0,0,0,-10.199999999999989,65724.8
L50236,L,27.05000000000001,36.05000000000001,90.0,1667.0,29.9,79.0,0,0,0,0,0,0,-9.0,49843.299999999996
L50034,L,27.350000000000023,36.150000000000034,90.0,1686.0,26.3,219.0,0,0,0,0,0,0,-8.800000000000011,44341.8
L54221,L,27.450000000000045,37.35000000000002,90.0,1448.0,46.5,98.0,0,0,0,0,0,0,-9.899999999999977,67332.0
L47961,L,23.650000000000034,35.450000000000045,90.0,1569.0,32.8,48.0,0,0,0,0,0,0,-11.800000000000011,51463.2
L49256,L,26.350000000000023,36.150000000000034,90.0,1444.0,41.8,74.0,0,0,0,0,0,0,-9.800000000000011,60359.2
M16264,M,25.75,36.950000000000045,90.0,1804.0,25.6,176.0,0,0,0,0,0,0,-11.200000000000045,46182.4
M22667,M,26.850000000000023,38.35000000000002,90.0,1489.0,49.0,85.0,0,0,0,0,0,0,-11.5,72961.0
L49855,L,26.55000000000001,36.05000000000001,90.0,1448.0,35.8,173.0,0,0,0,0,0,0,-9.5,51838.399999999994
L55986,L,24.25,35.450000000000045,90.0,1692.0,34.3,83.0,0,0,0,0,0,0,-11.200000000000045,58035.6
L48636,L,25.850000000000023,37.25,90.0,1501.0,43.0,91.0,0,0,0,0,0,0,-11.399999999999977,64543.0
L49560,L,26.150000000000034,35.55000000000001,90.0,1491.0,42.9,117.0,0,0,0,0,0,0,-9.399999999999977,63963.9
M18107,M,27.850000000000023,36.650000000000034,90.0,1350.0,52.7,143.0,0,0,0,0,0,0,-8.800000000000011,71145.0
L50042,L,27.55000000000001,36.450000000000045,90.0,1671.0,30.5,223.0,0,0,0,0,0,0,-8.900000000000034,50965.5
L55141,L,27.850000000000023,39.05000000000001,90.0,1264.0,52.0,57.0,0,0,0,0,0,0,-11.199999999999989,65728.0
M22764,M,27.450000000000045,39.25,90.0,1427.0,44.7,59.0,0,0,0,0,0,0,-11.799999999999955,63786.9
L54108,L,27.950000000000045,38.55000000000001,90.0,1501.0,41.0,152.0,0,0,0,0,0,0,-10.599999999999966,61541.0
L47703,L,24.25,36.150000000000034,90.0,1544.0,36.8,131.0,0,0,0,0,0,0,-11.900000000000034,56819.2
L54805,L,27.450000000000045,38.55000000000001,90.0,1556.0,29.4,76.0,0,0,0,0,0,0,-11.099999999999966,45746.399999999994
L56688,L,26.05000000000001,37.05000000000001,90.0,1611.0,36.4,32.0,0,0,0,0,0,0,-11.0,58640.399999999994
M23199,M,25.650000000000034,36.55000000000001,90.0,1457.0,48.2,154.0,0,0,0,0,0,0,-10.899999999999977,70227.40000000001
L53394,L,27.650000000000034,37.55000000000001,90.0,1392.0,44.2,97.0,0,0,0,0,0,0,-9.899999999999977,61526.4
L49943,L,26.75,36.25,90.0,1510.0,38.8,216.0,0,0,0,0,0,0,-9.5,58587.99999999999
L53448,L,27.75,37.35000000000002,90.0,1616.0,30.9,25.0,0,0,0,0,0,0,-9.600000000000023,49934.399999999994
L53255,L,27.850000000000023,37.75,90.0,1471.0,36.6,197.0,0,0,0,0,0,0,-9.899999999999977,53838.6
L55961,L,24.450000000000045,35.450000000000045,90.0,1470.0,38.7,27.0,0,0,0,0,0,0,-11.0,56889.00000000001
L47941,L,23.55000000000001,34.650000000000034,90.0,1286.0,60.5,238.0,1,0,0,0,1,0,-11.100000000000023,77803.0
L55204,L,27.75,38.85000000000002,90.0,1728.0,30.7,171.0,0,0,0,0,0,0,-11.100000000000023,53049.6
L50060,L,27.450000000000045,36.35000000000002,90.0,1422.0,41.0,48.0,0,0,0,0,0,0,-8.899999999999977,58302.0
M17011,M,26.150000000000034,35.650000000000034,90.0,1452.0,40.2,185.0,0,0,0,0,0,0,-9.5,58370.4
L47929,L,23.55000000000001,34.85000000000002,90.0,1636.0,32.3,74.0,0,0,0,0,0,0,-11.300000000000011,52842.799999999996
L53620,L,27.150000000000034,36.950000000000045,90.0,1373.0,56.6,143.0,0,0,0,0,0,0,-9.800000000000011,77711.8
L54272,L,27.55000000000001,37.05000000000001,90.0,1551.0,35.9,10.0,0,0,0,0,0,0,-9.5,55680.899999999994
L56848,L,25.950000000000045,37.150000000000034,90.0,1708.0,30.8,240.0,0,0,0,0,0,0,-11.199999999999989,52606.4
L55679,L,25.25,36.450000000000045,90.0,1297.0,60.3,146.0,0,0,0,0,0,0,-11.200000000000045,78209.09999999999
L47497,L,24.650000000000034,35.25,90.0,1556.0,35.5,179.0,0,0,0,0,0,0,-10.599999999999966,55238.0
L51448,L,29.55000000000001,37.85000000000002,90.0,1610.0,29.8,99.0,0,0,0,0,0,0,-8.300000000000011,47978.0
L54676,L,27.05000000000001,38.650000000000034,90.0,1423.0,48.4,179.0,0,0,0,0,0,0,-11.600000000000023,68873.2
M24410,M,26.350000000000023,37.85000000000002,90.0,1451.0,43.3,131.0,0,0,0,0,0,0,-11.5,62828.299999999996
L50288,L,26.75,36.05000000000001,90.0,1773.0,25.2,212.0,0,0,0,0,0,0,-9.300000000000011,44679.6
L54170,L,27.55000000000001,37.950000000000045,90.0,1478.0,43.4,170.0,0,0,0,0,0,0,-10.400000000000034,64145.2
L56182,L,23.950000000000045,34.650000000000034,90.0,1517.0,36.7,177.0,0,0,0,0,0,0,-10.699999999999989,55673.9
L52914,L,29.05000000000001,38.05000000000001,90.0,1616.0,30.0,206.0,0,0,0,0,0,0,-9.0,48480.0
L48933,L,25.150000000000034,34.450000000000045,90.0,1607.0,33.5,166.0,0,0,0,0,0,0,-9.300000000000011,53834.5
L55088,L,27.650000000000034,39.150000000000034,90.0,1687.0,29.1,125.0,0,0,0,0,0,0,-11.5,49091.700000000004
M15645,M,23.75,34.85000000000002,90.0,1497.0,50.7,57.0,0,0,0,0,0,0,-11.100000000000023,75897.90000000001
L53257,L,27.850000000000023,37.55000000000001,90.0,1433.0,37.9,25.0,0,0,0,0,0,0,-9.699999999999989,54310.7
M18483,M,28.850000000000023,38.150000000000034,90.0,1389.0,44.3,9.0,0,0,0,0,0,0,-9.300000000000011,61532.7
L52870,L,29.150000000000034,38.55000000000001,90.0,1711.0,28.9,98.0,0,0,0,0,0,0,-9.399999999999977,49447.899999999994
H39180,H,25.450000000000045,36.450000000000045,90.0,1542.0,35.1,39.0,0,0,0,0,0,0,-11.0,54124.200000000004
L51721,L,29.55000000000001,37.25,90.0,1427.0,46.8,179.0,0,0,0,0,0,0,-7.699999999999989,66783.59999999999
M15431,M,24.75,36.75,90.0,1378.0,49.0,178.0,0,0,0,0,0,0,-12.0,67522.0
L51483,L,28.55000000000001,37.05000000000001,90.0,1435.0,48.7,0.0,0,0,0,0,0,0,-8.5,69884.5
L56180,L,23.850000000000023,34.75,90.0,1542.0,37.3,177.0,0,0,0,0,0,0,-10.899999999999977,57516.6
L53560,L,27.05000000000001,36.55000000000001,90.0,1425.0,45.3,141.0,0,0,0,0,0,0,-9.5,64552.49999999999
H36732,H,26.75,37.150000000000034,90.0,1725.0,43.9,154.0,0,0,0,0,0,0,-10.400000000000034,75727.5
L53142,L,27.350000000000023,37.650000000000034,90.0,1372.0,44.7,125.0,0,0,0,0,0,0,-10.300000000000011,61328.4
L53333,L,27.850000000000023,37.85000000000002,90.0,1493.0,40.9,119.0,0,0,0,0,0,0,-10.0,61063.7
L55224,L,27.55000000000001,38.650000000000034,90.0,1441.0,38.1,13.0,0,0,0,0,0,0,-11.100000000000023,54902.1
L55342,L,26.450000000000045,37.85000000000002,90.0,1486.0,40.9,133.0,0,0,0,0,0,0,-11.399999999999977,60777.4
L52607,L,29.55000000000001,39.25,90.0,1453.0,51.9,60.0,0,0,0,0,0,0,-9.699999999999989,75410.7
L49799,L,25.850000000000023,36.05000000000001,90.0,1569.0,40.8,73.0,0,0,0,0,0,0,-10.199999999999989,64015.2
L49319,L,26.150000000000034,35.85000000000002,90.0,1415.0,44.9,23.0,0,0,0,0,0,0,-9.699999999999989,63533.5
L48891,L,25.05000000000001,34.650000000000034,90.0,1521.0,37.2,70.0,0,0,0,0,0,0,-9.600000000000023,56581.200000000004
L56771,L,25.850000000000023,37.05000000000001,90.0,1685.0,28.9,39.0,0,0,0,0,0,0,-11.199999999999989,48696.5
L53303,L,27.850000000000023,37.85000000000002,90.0,1463.0,39.4,98.0,0,0,0,0,0,0,-10.0,57642.2
M23146,M,25.650000000000034,37.450000000000045,90.0,1456.0,43.8,4.0,0,0,0,0,0,0,-11.800000000000011,63772.799999999996
L56060,L,24.850000000000023,35.85000000000002,90.0,1816.0,23.2,80.0,0,0,0,0,0,0,-11.0,42131.2
L48733,L,25.350000000000023,35.85000000000002,90.0,1484.0,40.1,0.0,0,0,0,0,0,0,-10.5,59508.4
L53040,L,28.150000000000034,37.75,90.0,1734.0,27.4,82.0,0,0,0,0,0,0,-9.599999999999966,47511.6
L54830,L,27.25,38.650000000000034,90.0,1555.0,36.8,122.0,0,0,0,0,0,0,-11.400000000000034,57223.99999999999
L53184,L,27.350000000000023,37.35000000000002,90.0,1402.0,37.1,130.0,0,0,0,0,0,0,-10.0,52014.200000000004
L50197,L,27.350000000000023,36.650000000000034,90.0,1642.0,51.7,166.0,0,0,0,0,0,0,-9.300000000000011,84891.40000000001
L54049,L,27.850000000000023,38.05000000000001,90.0,1545.0,38.7,188.0,0,0,0,0,0,0,-10.199999999999989,59791.50000000001
L51422,L,29.05000000000001,37.75,90.0,1360.0,46.1,88.0,1,0,1,0,0,0,-8.699999999999989,62696.0
L56033,L,24.55000000000001,35.75,90.0,1573.0,39.1,17.0,0,0,0,0,0,0,-11.199999999999989,61504.3
L56814,L,25.950000000000045,37.05000000000001,90.0,1498.0,41.7,26.0,0,0,0,0,0,0,-11.099999999999966,62466.600000000006
L54839,L,27.450000000000045,38.55000000000001,90.0,1413.0,41.6,163.0,0,0,0,0,0,0,-11.099999999999966,58780.8
M18493,M,29.05000000000001,38.150000000000034,90.0,1375.0,53.0,142.0,0,0,0,0,0,0,-9.100000000000023,72875.0
L48642,L,25.75,37.05000000000001,90.0,1525.0,43.4,103.0,0,0,0,0,0,0,-11.300000000000011,66185.0
L48480,L,25.55000000000001,36.650000000000034,90.0,1486.0,45.3,140.0,0,0,0,0,0,0,-11.100000000000023,67315.8
L56572,L,24.450000000000045,34.950000000000045,90.0,1511.0,38.0,48.0,0,0,0,0,0,0,-10.5,57418.0
M17086,M,26.350000000000023,35.75,90.0,1420.0,46.1,161.0,0,0,0,0,0,0,-9.399999999999977,65462.0
L53005,L,28.150000000000034,37.85000000000002,90.0,1340.0,49.3,221.0,0,0,0,0,0,0,-9.699999999999989,66062.0
L47778,L,24.450000000000045,36.450000000000045,90.0,1480.0,43.9,10.0,0,0,0,0,0,0,-12.0,64972.0
M23689,M,24.150000000000034,35.55000000000001,90.0,1540.0,37.2,160.0,0,0,0,0,0,0,-11.399999999999977,57288.00000000001
L49205,L,25.55000000000001,35.35000000000002,90.0,1469.0,47.8,67.0,0,0,0,0,0,0,-9.800000000000011,70218.2
L53375,L,27.850000000000023,37.85000000000002,90.0,1578.0,36.2,53.0,0,0,0,0,0,0,-10.0,57123.600000000006
M18707,M,29.150000000000034,37.85000000000002,90.0,1452.0,43.7,213.0,0,0,0,0,0,0,-8.699999999999989,63452.4
L52239,L,30.650000000000034,39.650000000000034,90.0,1515.0,37.8,196.0,0,0,0,0,0,0,-9.0,57266.99999999999
L55748,L,25.25,35.650000000000034,90.0,1382.0,49.6,155.0,0,0,0,0,0,0,-10.400000000000034,68547.2
H36466,H,27.450000000000045,37.25,90.0,1509.0,37.9,124.0,0,0,0,0,0,0,-9.799999999999955,57191.1
L56134,L,24.150000000000034,34.85000000000002,90.0,1447.0,45.8,61.0,0,0,0,0,0,0,-10.699999999999989,66272.59999999999
L49121,L,24.950000000000045,34.85000000000002,90.0,1474.0,42.4,70.0,0,0,0,0,0,0,-9.899999999999977,62497.6
L49190,L,25.450000000000045,35.150000000000034,90.0,1671.0,34.5,32.0,0,0,0,0,0,0,-9.699999999999989,57649.5
M18096,M,27.650000000000034,36.25,90.0,1724.0,26.8,113.0,0,0,0,0,0,0,-8.599999999999966,46203.200000000004
H37209,H,27.450000000000045,38.55000000000001,90.0,1697.0,25.9,85.0,0,0,0,0,0,0,-11.099999999999966,43952.299999999996
L47405,L,25.150000000000034,35.450000000000045,90.0,1523.0,35.2,164.0,0,0,0,0,0,0,-10.300000000000011,53609.600000000006
L53782,L,28.450000000000045,37.450000000000045,90.0,1573.0,46.7,163.0,0,0,0,0,0,0,-9.0,73459.1
L55037,L,27.350000000000023,39.150000000000034,90.0,1614.0,36.8,26.0,0,0,0,0,0,0,-11.800000000000011,59395.2
M18638,M,29.25,37.950000000000045,90.0,1530.0,49.9,0.0,0,0,0,0,0,0,-8.700000000000045,76347.0
L55886,L,24.05000000000001,35.450000000000045,90.0,1593.0,33.0,39.0,0,0,0,0,0,0,-11.400000000000034,52569.0
L47378,L,25.25,35.450000000000045,90.0,1533.0,36.4,99.0,0,0,0,0,0,0,-10.200000000000045,55801.2
L55451,L,25.950000000000045,37.450000000000045,90.0,1376.0,56.7,128.0,0,0,0,0,0,0,-11.5,78019.2
L55281,L,27.150000000000034,38.650000000000034,90.0,1567.0,38.8,180.0,0,0,0,0,0,0,-11.5,60799.6
M19416,M,29.55000000000001,37.450000000000045,90.0,1662.0,34.1,6.0,0,0,0,0,0,0,-7.900000000000034,56674.200000000004
L56242,L,24.05000000000001,35.150000000000034,90.0,1443.0,42.8,34.0,0,0,0,0,0,0,-11.100000000000023,61760.399999999994
L55780,L,24.25,35.150000000000034,90.0,1744.0,27.9,127.0,0,0,0,0,0,0,-10.900000000000034,48657.6
L54099,L,27.850000000000023,38.150000000000034,90.0,1377.0,42.4,197.0,0,0,0,0,0,0,-10.300000000000011,58384.799999999996
L54248,L,27.650000000000034,37.450000000000045,90.0,1561.0,42.8,173.0,0,0,0,0,0,0,-9.800000000000011,66810.79999999999
L54330,L,27.05000000000001,36.650000000000034,90.0,1357.0,49.4,166.0,0,0,0,0,0,0,-9.600000000000023,67035.8
L47936,L,23.650000000000034,34.85000000000002,90.0,1584.0,44.4,227.0,0,0,0,0,0,0,-11.199999999999989,70329.59999999999
L56037,L,24.55000000000001,35.75,90.0,1742.0,26.3,181.0,0,0,0,0,0,0,-11.199999999999989,45814.6
L49494,L,26.05000000000001,35.650000000000034,90.0,1368.0,47.2,175.0,0,0,0,0,0,0,-9.600000000000023,64569.600000000006
M18406,M,28.75,37.75,90.0,1379.0,51.9,13.0,0,0,0,0,0,0,-9.0,71570.09999999999
L48316,L,23.75,34.75,90.0,1368.0,51.7,74.0,0,0,0,0,0,0,-11.0,70725.6
L54489,L,26.850000000000023,37.25,90.0,1504.0,44.9,133.0,0,0,0,0,0,0,-10.399999999999977,67529.59999999999
L47231,L,25.650000000000034,35.950000000000045,90.0,1383.0,54.9,145.0,0,0,0,0,0,0,-10.300000000000011,75926.7
L53414,L,27.75,37.650000000000034,90.0,1477.0,39.5,155.0,0,0,0,0,0,0,-9.900000000000034,58341.5
M15835,M,22.950000000000045,33.450000000000045,90.0,1419.0,40.7,130.0,0,0,0,0,0,0,-10.5,57753.3
L56018,L,24.350000000000023,35.85000000000002,90.0,1675.0,34.6,179.0,0,0,0,0,0,0,-11.5,57955.0
L47786,L,24.650000000000034,35.75,90.0,1560.0,33.6,33.0,0,0,0,0,0,0,-11.099999999999966,52416.0
L51178,L,29.150000000000034,37.85000000000002,90.0,1586.0,33.1,146.0,0,0,0,0,0,0,-8.699999999999989,52496.600000000006
M17209,M,26.150000000000034,35.35000000000002,90.0,1685.0,31.3,30.0,0,0,0,0,0,0,-9.199999999999989,52740.5
L49805,L,26.55000000000001,36.25,90.0,1359.0,53.6,91.0,0,0,0,0,0,0,-9.699999999999989,72842.40000000001
M24620,M,25.350000000000023,36.450000000000045,90.0,1520.0,47.3,2.0,0,0,0,0,0,0,-11.100000000000023,71896.0
L55790,L,24.25,35.150000000000034,90.0,1425.0,45.9,0.0,0,0,0,0,0,0,-10.900000000000034,65407.5
L56562,L,24.55000000000001,35.05000000000001,90.0,1610.0,33.3,115.0,0,0,0,0,0,0,-10.5,53612.99999999999
L48218,L,23.450000000000045,34.450000000000045,90.0,1498.0,41.1,92.0,0,0,0,0,0,0,-11.0,61567.8
H32866,H,28.450000000000045,37.35000000000002,90.0,1602.0,33.3,2.0,0,0,0,0,0,0,-8.899999999999977,53346.6
L53152,L,27.350000000000023,37.650000000000034,90.0,1816.0,27.4,9.0,0,0,0,0,0,0,-10.300000000000011,49758.399999999994
L47894,L,24.25,35.450000000000045,90.0,1446.0,45.7,116.0,0,0,0,0,0,0,-11.200000000000045,66082.2
L51617,L,29.25,37.150000000000034,90.0,1578.0,31.2,139.0,0,0,0,0,0,0,-7.900000000000034,49233.6
L47184,L,24.950000000000045,35.55000000000001,90.0,1447.0,36.4,7.0,0,0,0,0,0,0,-10.599999999999966,52670.799999999996
L50526,L,28.150000000000034,37.55000000000001,90.0,1524.0,40.4,179.0,0,0,0,0,0,0,-9.399999999999977,61569.6
L50550,L,28.25,37.55000000000001,90.0,1453.0,32.2,185.0,0,0,0,0,0,0,-9.300000000000011,46786.600000000006
M19557,M,30.350000000000023,38.450000000000045,90.0,1573.0,32.3,134.0,0,0,0,0,0,0,-8.100000000000023,50807.899999999994
L49974,L,27.450000000000045,36.25,90.0,1461.0,43.9,75.0,0,0,0,0,0,0,-8.799999999999955,64137.9
M17591,M,26.55000000000001,36.05000000000001,90.0,1470.0,43.1,135.0,0,0,0,0,0,0,-9.5,63357.0
L53042,L,28.25,37.85000000000002,90.0,1470.0,45.7,86.0,0,0,0,0,0,0,-9.600000000000023,67179.0
L54159,L,27.55000000000001,38.05000000000001,90.0,1353.0,46.6,64.0,0,0,0,0,0,0,-10.5,63049.8
L52607,L,29.55000000000001,39.25,90.0,1418.0,51.9,64.0,0,0,0,0,0,0,-9.699999999999989,73594.2
L57070,L,25.650000000000034,36.35000000000002,90.0,1374.0,48.6,54.0,0,0,0,0,0,0,-10.699999999999989,66776.40000000001
M18476,M,28.55000000000001,37.950000000000045,90.0,1413.0,42.2,9.0,0,0,0,0,0,0,-9.400000000000034,59628.600000000006
L56885,L,25.75,36.85000000000002,90.0,1513.0,41.1,82.0,0,0,0,0,0,0,-11.100000000000023,62184.3
L55141,L,27.850000000000023,39.05000000000001,90.0,1815.0,59.0,57.0,0,0,0,0,0,0,-11.199999999999989,107085.0
L55770,L,24.25,34.75,90.0,1457.0,47.6,174.0,0,0,0,0,0,0,-10.5,69353.2
M17288,M,25.75,35.25,90.0,1448.0,49.7,94.0,0,0,0,0,0,0,-9.5,71965.6
L54116,L,27.55000000000001,38.05000000000001,90.0,1476.0,39.2,166.0,0,0,0,0,0,0,-10.5,57859.200000000004
L47609,L,24.25,35.450000000000045,90.0,1471.0,62.3,0.0,0,0,0,0,0,0,-11.200000000000045,91643.3
L56218,L,24.150000000000034,35.150000000000034,90.0,1553.0,34.3,49.0,0,0,0,0,0,0,-11.0,53267.899999999994
L55796,L,24.450000000000045,35.450000000000045,90.0,1692.0,33.1,13.0,0,0,0,0,0,0,-11.0,56005.200000000004
L55972,L,24.350000000000023,35.35000000000002,90.0,1469.0,51.2,52.0,0,0,0,0,0,0,-11.0,75212.8
M21481,M,28.55000000000001,37.450000000000045,90.0,1689.0,34.1,192.0,0,0,0,0,0,0,-8.900000000000034,57594.9
L48231,L,23.450000000000045,34.450000000000045,90.0,1426.0,37.7,110.0,0,0,0,0,0,0,-11.0,53760.200000000004
H34422,H,30.55000000000001,39.650000000000034,90.0,1512.0,35.2,54.0,0,0,0,0,0,0,-9.100000000000023,53222.4
L51129,L,29.150000000000034,37.75,90.0,1668.0,30.4,204.0,0,0,0,0,0,0,-8.599999999999966,50707.2
L55715,L,25.150000000000034,36.35000000000002,90.0,1724.0,28.3,36.0,0,0,0,0,0,0,-11.199999999999989,48789.200000000004
M22613,M,27.150000000000034,38.55000000000001,90.0,1559.0,39.4,192.0,0,0,0,0,0,0,-11.399999999999977,61424.6
L50525,L,28.25,37.55000000000001,90.0,1680.0,30.6,202.0,0,0,0,0,0,0,-9.300000000000011,51408.0
L53255,L,27.850000000000023,37.650000000000034,90.0,1813.0,24.3,23.0,0,0,0,0,0,0,-9.800000000000011,44055.9
L56376,L,24.75,35.85000000000002,90.0,1816.0,22.6,49.0,0,0,0,0,0,0,-11.100000000000023,41041.600000000006
L54206,L,27.450000000000045,37.55000000000001,90.0,1483.0,39.6,20.0,0,0,0,0,0,0,-10.099999999999966,58726.8
L52834,L,29.05000000000001,38.450000000000045,90.0,1544.0,34.3,0.0,0,0,0,0,0,0,-9.400000000000034,52959.2
H34536,H,30.850000000000023,40.35000000000002,90.0,1684.0,29.6,156.0,0,0,0,0,0,0,-9.5,49846.4
L55233,L,27.350000000000023,38.75,90.0,1403.0,47.9,74.0,0,0,0,0,0,0,-11.399999999999977,67203.7
L53754,L,28.25,37.450000000000045,90.0,1589.0,32.7,197.0,0,0,0,0,0,0,-9.200000000000045,51960.3
L54153,L,27.55000000000001,37.85000000000002,90.0,1462.0,45.1,0.0,0,0,0,0,0,0,-10.300000000000011,65936.2
H36152,H,28.650000000000034,37.75,90.0,1735.0,25.1,149.0,0,0,0,0,0,0,-9.099999999999966,43548.5
L55790,L,24.25,35.150000000000034,90.0,1563.0,36.3,161.0,0,0,0,0,0,0,-10.900000000000034,56736.899999999994
L54272,L,27.55000000000001,37.05000000000001,90.0,1568.0,34.4,10.0,0,0,0,0,0,0,-9.5,53939.2
M18830,M,29.150000000000034,38.25,90.0,1345.0,47.6,181.0,0,0,0,0,0,0,-9.099999999999966,64022.0
L51554,L,28.850000000000023,36.55000000000001,90.0,1551.0,35.5,207.0,0,0,0,0,0,0,-7.699999999999989,55060.5
M20219,M,30.25,39.650000000000034,90.0,1526.0,46.8,140.0,0,0,0,0,0,0,-9.400000000000034,71416.8
L54389,L,26.650000000000034,36.650000000000034,90.0,1545.0,34.7,18.0,0,0,0,0,0,0,-10.0,53611.50000000001
M23988,M,24.350000000000023,35.35000000000002,90.0,1486.0,45.9,78.0,0,0,0,0,0,0,-11.0,68207.4
M19105,M,29.350000000000023,37.950000000000045,90.0,1435.0,50.7,68.0,0,0,0,0,0,0,-8.600000000000023,72754.5
L55509,L,25.650000000000034,36.55000000000001,90.0,1424.0,51.9,129.0,0,0,0,0,0,0,-10.899999999999977,73905.59999999999
M20478,M,29.850000000000023,39.25,90.0,1447.0,43.2,129.0,0,0,0,0,0,0,-9.399999999999977,62510.4
L56383,L,24.650000000000034,35.55000000000001,90.0,1410.0,48.1,204.0,0,0,0,0,0,0,-10.899999999999977,67821.0
M24783,M,25.350000000000023,35.650000000000034,90.0,1402.0,46.8,38.0,0,0,0,0,0,0,-10.300000000000011,65613.59999999999
L50541,L,28.25,37.450000000000045,90.0,1488.0,37.8,12.0,0,0,0,0,0,0,-9.200000000000045,56246.399999999994
L54285,L,27.75,37.450000000000045,90.0,1488.0,42.3,47.0,0,0,0,0,0,0,-9.700000000000045,62942.399999999994
M17170,M,25.850000000000023,35.450000000000045,90.0,1535.0,31.7,2.0,0,0,0,0,0,0,-9.600000000000023,48659.5
M21568,M,28.350000000000023,37.650000000000034,90.0,1506.0,36.4,74.0,0,0,0,0,0,0,-9.300000000000011,54818.4
L56060,L,24.850000000000023,36.05000000000001,90.0,1458.0,41.6,92.0,0,0,0,0,0,0,-11.199999999999989,60652.8
L54894,L,27.350000000000023,38.55000000000001,90.0,1454.0,45.5,83.0,0,0,0,0,0,0,-11.199999999999989,66157.0
M16721,M,24.650000000000034,34.450000000000045,90.0,1370.0,50.4,28.0,0,0,0,0,0,0,-9.800000000000011,69048.0
L54093,L,27.650000000000034,38.05000000000001,90.0,1481.0,38.5,181.0,0,0,0,0,0,0,-10.399999999999977,57018.5
M20974,M,27.650000000000034,37.650000000000034,90.0,1457.0,39.4,79.0,0,0,0,0,0,0,-10.0,57405.799999999996
M21414,M,28.25,37.35000000000002,90.0,1639.0,33.7,127.0,0,0,0,0,0,0,-9.100000000000023,55234.3
L52899,L,29.150000000000034,38.650000000000034,90.0,1545.0,40.1,104.0,0,0,0,0,0,0,-9.5,61954.5
L54489,L,26.850000000000023,37.25,90.0,1621.0,32.0,137.0,0,0,0,0,0,0,-10.399999999999977,51872.0
L54552,L,26.450000000000045,37.05000000000001,90.0,1671.0,42.7,81.0,0,0,0,0,0,0,-10.599999999999966,71351.70000000001
L53634,L,27.55000000000001,36.950000000000045,90.0,1387.0,54.4,79.0,0,0,0,0,0,0,-9.400000000000034,75452.8
M16097,M,23.850000000000023,35.25,90.0,1450.0,55.6,204.0,0,0,0,0,0,0,-11.399999999999977,80620.0
M21858,M,27.450000000000045,37.55000000000001,90.0,1388.0,42.9,0.0,0,0,0,0,0,0,-10.099999999999966,59545.2
M18904,M,28.75,37.75,90.0,1321.0,47.7,20.0,1,0,1,0,0,0,-9.0,63011.700000000004
L56866,L,25.850000000000023,36.950000000000045,90.0,1353.0,53.1,17.0,0,0,0,0,0,0,-11.100000000000023,71844.3
L53828,L,28.350000000000023,37.650000000000034,90.0,1491.0,41.4,102.0,0,0,0,0,0,0,-9.300000000000011,61727.4
L47528,L,24.450000000000045,35.150000000000034,90.0,1373.0,46.7,41.0,0,0,0,0,0,0,-10.699999999999989,64119.100000000006
L48406,L,23.950000000000045,35.25,90.0,1429.0,42.4,146.0,0,0,0,0,0,0,-11.299999999999955,60589.6
L49642,L,25.75,35.450000000000045,90.0,1528.0,40.0,170.0,0,0,0,0,0,0,-9.700000000000045,61120.0
M18914,M,28.75,37.75,90.0,1568.0,37.7,44.0,0,0,0,0,0,0,-9.0,59113.600000000006
L49996,L,27.05000000000001,36.25,90.0,1434.0,47.3,127.0,0,0,0,0,0,0,-9.199999999999989,67828.2
L52681,L,29.650000000000034,39.25,90.0,1360.0,52.8,156.0,0,0,0,0,0,0,-9.599999999999966,71808.0
M22576,M,27.350000000000023,38.35000000000002,90.0,1585.0,33.7,181.0,0,0,0,0,0,0,-11.0,53414.50000000001
L54602,L,26.850000000000023,38.05000000000001,90.0,1629.0,34.1,150.0,0,0,0,0,0,0,-11.199999999999989,55548.9
L55720,L,25.450000000000045,36.35000000000002,90.0,1687.0,29.3,77.0,0,0,0,0,0,0,-10.899999999999977,49429.1
L49187,L,25.450000000000045,35.25,90.0,1432.0,48.2,0.0,0,0,0,0,0,0,-9.799999999999955,69022.40000000001
L48449,L,24.950000000000045,36.35000000000002,90.0,1467.0,41.8,2.0,0,0,0,0,0,0,-11.399999999999977,61320.6
L47992,L,23.650000000000034,34.450000000000045,90.0,1450.0,45.1,128.0,0,0,0,0,0,0,-10.800000000000011,65395.0
L48820,L,24.850000000000023,34.650000000000034,90.0,1567.0,36.4,206.0,0,0,0,0,0,0,-9.800000000000011,57038.799999999996
H38486,H,24.05000000000001,34.950000000000045,90.0,1488.0,27.2,140.0,0,0,0,0,0,0,-10.900000000000034,40473.6
L51293,L,28.850000000000023,37.450000000000045,90.0,1419.0,47.3,194.0,0,0,0,0,0,0,-8.600000000000023,67118.7
L56483,L,25.05000000000001,35.85000000000002,90.0,1435.0,38.3,121.0,0,0,0,0,0,0,-10.800000000000011,54960.49999999999
L51741,L,29.75,37.650000000000034,90.0,1295.0,51.7,7.0,1,0,1,0,0,0,-7.900000000000034,66951.5
L54258,L,27.55000000000001,37.35000000000002,90.0,1461.0,44.9,166.0,0,0,0,0,0,0,-9.800000000000011,65598.9
L54501,L,26.650000000000034,37.05000000000001,90.0,1400.0,42.4,39.0,0,0,0,0,0,0,-10.399999999999977,59360.0
L55791,L,24.25,35.05000000000001,90.0,1635.0,32.2,2.0,0,0,0,0,0,0,-10.800000000000011,52647.00000000001
L56352,L,24.75,35.75,90.0,1360.0,46.6,30.0,0,0,0,0,0,0,-11.0,63376.0
M19809,M,30.75,39.55000000000001,90.0,1353.0,43.3,192.0,0,0,0,0,0,0,-8.800000000000011,58584.899999999994
L54832,L,27.25,38.25,90.0,1435.0,44.4,186.0,0,0,0,0,0,0,-11.0,63714.0
L56574,L,24.55000000000001,35.05000000000001,90.0,1334.0,48.4,0.0,0,0,0,0,0,0,-10.5,64565.6
M18759,M,28.950000000000045,37.85000000000002,90.0,1412.0,54.0,181.0,0,0,0,0,0,0,-8.899999999999977,76248.0
M17014,M,26.25,35.85000000000002,90.0,1557.0,36.7,114.0,0,0,0,0,0,0,-9.600000000000023,57141.9
M15712,M,23.150000000000034,34.150000000000034,90.0,1463.0,37.9,10.0,0,0,0,0,0,0,-11.0,55447.7
L50241,L,26.950000000000045,35.950000000000045,90.0,1431.0,38.7,86.0,0,0,0,0,0,0,-9.0,55379.700000000004
L53802,L,28.55000000000001,37.450000000000045,90.0,1551.0,37.2,0.0,0,0,0,0,0,0,-8.900000000000034,57697.200000000004
M17047,M,26.350000000000023,35.85000000000002,90.0,1364.0,44.3,57.0,0,0,0,0,0,0,-9.5,60425.2
L55361,L,26.55000000000001,37.950000000000045,90.0,1452.0,42.8,153.0,0,0,0,0,0,0,-11.400000000000034,62145.6
L55975,L,24.05000000000001,35.35000000000002,90.0,1379.0,53.2,163.0,0,0,0,0,0,0,-11.300000000000011,73362.8
M21289,M,27.350000000000023,36.85000000000002,90.0,1445.0,43.8,127.0,0,0,0,0,0,0,-9.5,63290.99999999999
M20626,M,28.450000000000045,37.85000000000002,90.0,1413.0,46.5,79.0,0,0,0,0,0,0,-9.399999999999977,65704.5
M16441,M,25.150000000000034,35.25,90.0,1732.0,30.0,27.0,0,0,0,0,0,0,-10.099999999999966,51960.0
L56684,L,26.05000000000001,36.950000000000045,90.0,1597.0,43.8,50.0,0,0,0,0,0,0,-10.900000000000034,69948.59999999999
L49285,L,26.25,36.150000000000034,90.0,1568.0,35.2,55.0,0,0,0,0,0,0,-9.900000000000034,55193.600000000006
M15008,M,25.450000000000045,35.150000000000034,90.0,1448.0,48.0,192.0,0,0,0,0,0,0,-9.699999999999989,69504.0
M18097,M,27.75,36.35000000000002,90.0,1589.0,40.2,174.0,0,0,0,0,0,0,-8.600000000000023,63877.8
H35930,H,28.05000000000001,36.950000000000045,90.0,1484.0,40.0,24.0,0,0,0,0,0,0,-8.900000000000034,59360.0
L55256,L,27.150000000000034,38.650000000000034,90.0,1571.0,33.5,119.0,0,0,0,0,0,0,-11.5,52628.5
L50338,L,27.25,36.55000000000001,90.0,1379.0,48.1,7.0,0,0,0,0,0,0,-9.300000000000011,66329.90000000001
L56908,L,25.650000000000034,36.650000000000034,90.0,1533.0,37.7,94.0,0,0,0,0,0,0,-11.0,57794.100000000006
L55435,L,25.950000000000045,37.450000000000045,90.0,1791.0,28.0,168.0,0,0,0,0,0,0,-11.5,50148.0
M22671,M,26.850000000000023,38.25,90.0,1414.0,52.0,91.0,0,0,0,0,0,0,-11.399999999999977,73528.0
L53789,L,28.150000000000034,37.25,90.0,1455.0,44.1,62.0,0,0,0,0,0,0,-9.099999999999966,64165.5
M19115,M,29.350000000000023,37.85000000000002,90.0,1794.0,26.6,119.0,0,0,0,0,0,0,-8.5,47720.4
L55603,L,25.850000000000023,37.35000000000002,90.0,1448.0,45.4,104.0,0,0,0,0,0,0,-11.5,65739.2
L48424,L,23.950000000000045,35.25,90.0,1589.0,36.2,202.0,0,0,0,0,0,0,-11.299999999999955,57521.8
L56260,L,24.05000000000001,34.85000000000002,90.0,1472.0,35.7,163.0,0,0,0,0,0,0,-10.800000000000011,52550.4
M24535,M,25.850000000000023,36.75,90.0,1668.0,30.2,9.0,0,0,0,0,0,0,-10.899999999999977,50373.6
L49009,L,24.650000000000034,34.05000000000001,90.0,1413.0,23.0,180.0,0,0,0,0,0,0,-9.399999999999977,32499.0
L51442,L,29.450000000000045,37.85000000000002,90.0,1518.0,37.0,137.0,0,0,0,0,0,0,-8.399999999999977,56166.0
M24281,M,24.850000000000023,35.35000000000002,90.0,1382.0,54.5,17.0,0,0,0,0,0,0,-10.5,75319.0
L50582,L,28.25,37.450000000000045,90.0,1347.0,47.6,137.0,0,0,0,0,0,0,-9.200000000000045,64117.200000000004
L54157,L,27.650000000000034,37.950000000000045,90.0,1578.0,35.7,57.0,0,0,0,0,0,0,-10.300000000000011,56334.600000000006
L47455,L,24.950000000000045,34.85000000000002,90.0,1470.0,40.2,65.0,0,0,0,0,0,0,-9.899999999999977,59094.00000000001
L50797,L,28.850000000000023,37.85000000000002,90.0,1303.0,54.5,12.0,0,0,0,0,0,0,-9.0,71013.5
M18225,M,28.25,37.450000000000045,90.0,1630.0,30.3,173.0,0,0,0,0,0,0,-9.200000000000045,49389.0
H38469,H,24.150000000000034,35.25,90.0,1664.0,30.6,90.0,0,0,0,0,0,0,-11.099999999999966,50918.4
L54276,L,27.450000000000045,37.05000000000001,90.0,1489.0,47.9,21.0,0,0,0,0,0,0,-9.599999999999966,71323.09999999999
M23950,M,24.05000000000001,34.75,90.0,1760.0,25.0,2.0,0,0,0,0,0,0,-10.699999999999989,44000.0
L52140,L,30.75,39.55000000000001,90.0,1570.0,33.3,156.0,0,0,0,0,0,0,-8.800000000000011,52280.99999999999
L49954,L,26.950000000000045,36.450000000000045,90.0,1453.0,45.3,168.0,0,0,0,0,0,0,-9.5,65820.9
L47936,L,23.650000000000034,34.85000000000002,90.0,1584.0,40.4,23.0,0,0,0,0,0,0,-11.199999999999989,63993.6
M17353,M,25.75,35.650000000000034,90.0,1544.0,46.7,204.0,0,0,0,0,0,0,-9.900000000000034,72104.8
L54684,L,27.150000000000034,38.650000000000034,90.0,1444.0,51.6,201.0,0,0,0,0,0,0,-11.5,74510.40000000001
L54312,L,27.450000000000045,36.75,90.0,1479.0,47.9,114.0,0,0,0,0,0,0,-9.299999999999955,70844.09999999999
L52133,L,30.55000000000001,39.35000000000002,90.0,1670.0,37.5,49.0,0,0,0,0,0,0,-8.800000000000011,62625.0
L50286,L,26.650000000000034,35.950000000000045,90.0,1456.0,39.9,15.0,0,0,0,0,0,0,-9.300000000000011,58094.4
L53838,L,28.25,37.25,90.0,1536.0,35.2,178.0,0,0,0,0,0,0,-9.0,54067.200000000004
M19232,M,28.75,36.55000000000001,90.0,1439.0,41.7,179.0,0,0,0,0,0,0,-7.800000000000011,60006.3
L47743,L,24.350000000000023,36.450000000000045,90.0,1432.0,44.2,9.0,0,0,0,0,0,0,-12.100000000000023,63294.4
L55052,L,27.55000000000001,39.150000000000034,90.0,1318.0,54.8,56.0,0,0,0,0,0,0,-11.600000000000023,72226.4
L50426,L,27.850000000000023,36.55000000000001,90.0,1444.0,48.5,141.0,0,0,0,0,0,0,-8.699999999999989,70034.0
M15002,M,25.450000000000045,35.25,90.0,1478.0,43.8,24.0,0,0,0,0,0,0,-9.799999999999955,64736.399999999994
H38574,H,24.450000000000045,35.35000000000002,90.0,1725.0,28.0,110.0,0,0,0,0,0,0,-10.899999999999977,48300.0
M24051,M,24.55000000000001,35.85000000000002,90.0,1476.0,44.4,37.0,0,0,0,0,0,0,-11.300000000000011,65534.4
L55861,L,24.05000000000001,35.25,90.0,1443.0,42.4,183.0,0,0,0,0,0,0,-11.199999999999989,61183.2
M18969,M,28.75,37.75,90.0,1555.0,42.5,156.0,0,0,0,0,0,0,-9.0,66087.5
L54765,L,27.25,37.950000000000045,90.0,1350.0,48.7,59.0,0,0,0,0,0,0,-10.700000000000045,65745.0
L53132,L,27.55000000000001,37.75,90.0,1563.0,38.1,143.0,0,0,0,0,0,0,-10.199999999999989,59550.3
L49271,L,26.25,36.05000000000001,90.0,1433.0,32.5,18.0,0,0,0,0,0,0,-9.800000000000011,46572.5
L53271,L,27.75,37.55000000000001,90.0,1544.0,38.8,143.0,0,0,0,0,0,0,-9.800000000000011,59907.2
L50201,L,27.350000000000023,36.35000000000002,90.0,1353.0,48.1,211.0,0,0,0,0,0,0,-9.0,65079.3
L49235,L,26.450000000000045,36.25,90.0,1453.0,32.9,145.0,0,0,0,0,0,0,-9.799999999999955,47803.7
L50616,L,28.350000000000023,37.55000000000001,90.0,1416.0,42.1,0.0,0,0,0,0,0,0,-9.199999999999989,59613.6
M18721,M,29.05000000000001,38.05000000000001,90.0,1475.0,40.4,156.0,0,0,0,0,0,0,-9.0,59590.0
H35550,H,27.75,37.650000000000034,90.0,1390.0,40.0,57.0,0,0,0,0,0,0,-9.900000000000034,55600.0
M17895,M,27.350000000000023,36.75,90.0,1467.0,43.6,202.0,0,0,0,0,0,0,-9.399999999999977,63961.200000000004
L57130,L,25.05000000000001,34.650000000000034,90.0,1378.0,55.5,134.0,0,0,0,0,0,0,-9.600000000000023,76479.0
L54082,L,27.950000000000045,38.450000000000045,90.0,1461.0,40.6,154.0,0,0,0,0,0,0,-10.5,59316.6
L56497,L,25.350000000000023,36.25,90.0,1418.0,38.1,59.0,0,0,0,0,0,0,-10.899999999999977,54025.8
M15838,M,23.05000000000001,33.650000000000034,90.0,1633.0,36.6,129.0,0,0,0,0,0,0,-10.600000000000023,59767.8
M20440,M,29.05000000000001,38.450000000000045,90.0,1458.0,39.4,137.0,0,0,0,0,0,0,-9.400000000000034,57445.2
L50960,L,29.05000000000001,37.950000000000045,90.0,1446.0,49.6,104.0,0,0,0,0,0,0,-8.900000000000034,71721.6
M20378,M,29.150000000000034,38.55000000000001,90.0,1487.0,41.5,74.0,0,0,0,0,0,0,-9.399999999999977,61710.5
L52624,L,29.55000000000001,39.55000000000001,90.0,1557.0,32.1,174.0,0,0,0,0,0,0,-10.0,49979.700000000004
L53621,L,27.55000000000001,37.05000000000001,90.0,1339.0,54.7,48.0,0,0,0,0,0,0,-9.5,73243.3
L48085,L,22.450000000000045,32.950000000000045,90.0,1669.0,31.2,156.0,0,0,0,0,0,0,-10.5,52072.799999999996
M17161,M,26.05000000000001,35.450000000000045,90.0,1584.0,35.7,18.0,0,0,0,0,0,0,-9.400000000000034,56548.8
L50506,L,28.350000000000023,37.450000000000045,90.0,1441.0,50.2,101.0,0,0,0,0,0,0,-9.100000000000023,72338.2
L53197,L,27.650000000000034,37.650000000000034,90.0,1648.0,38.2,50.0,0,0,0,0,0,0,-10.0,62953.600000000006
L53059,L,28.25,37.85000000000002,90.0,1531.0,35.9,127.0,0,0,0,0,0,0,-9.600000000000023,54962.9
L55669,L,25.150000000000034,36.25,90.0,1548.0,36.9,86.0,0,0,0,0,0,0,-11.099999999999966,57121.2
M18811,M,29.150000000000034,38.25,90.0,1442.0,49.3,17.0,0,0,0,0,0,0,-9.099999999999966,71090.59999999999
L54855,L,27.350000000000023,38.55000000000001,90.0,1430.0,49.0,204.0,0,0,0,0,0,0,-11.199999999999989,70070.0
L55093,L,27.55000000000001,38.950000000000045,90.0,1759.0,27.4,146.0,0,0,0,0,0,0,-11.400000000000034,48196.6
L54443,L,27.05000000000001,37.450000000000045,90.0,1438.0,45.7,19.0,0,0,0,0,0,0,-10.400000000000034,65716.6
L52748,L,29.25,38.85000000000002,90.0,1433.0,42.1,5.0,0,0,0,0,0,0,-9.600000000000023,60329.3
L51052,L,29.55000000000001,38.75,90.0,1390.0,46.5,15.0,0,0,0,0,0,0,-9.199999999999989,64635.0
L47786,L,24.75,36.650000000000034,90.0,1461.0,43.9,38.0,0,0,0,0,0,0,-11.900000000000034,64137.9
L54764,L,27.25,37.950000000000045,90.0,1491.0,43.0,187.0,0,0,0,0,0,0,-10.700000000000045,64113.0
L48328,L,23.950000000000045,34.85000000000002,90.0,1474.0,40.3,162.0,0,0,0,0,0,0,-10.899999999999977,59402.2
H38233,H,24.25,35.55000000000001,90.0,1433.0,44.9,0.0,0,0,0,0,0,0,-11.300000000000011,64341.7
L49054,L,25.25,34.950000000000045,90.0,1567.0,35.8,199.0,0,0,0,0,0,0,-9.700000000000045,56098.6
M20709,M,28.25,38.05000000000001,90.0,1434.0,47.6,196.0,0,0,0,0,0,0,-9.800000000000011,68258.40000000001
L50483,L,28.05000000000001,37.25,90.0,1462.0,49.9,74.0,0,0,0,0,0,0,-9.199999999999989,72953.8
L48440,L,24.450000000000045,35.85000000000002,90.0,1423.0,47.7,22.0,0,0,0,0,0,0,-11.399999999999977,67877.1
L52540,L,30.150000000000034,39.450000000000045,90.0,1463.0,44.0,23.0,0,0,0,0,0,0,-9.300000000000011,64372.0
M24145,M,25.05000000000001,35.85000000000002,90.0,1413.0,42.6,76.0,0,0,0,0,0,0,-10.800000000000011,60193.8
L52594,L,29.450000000000045,39.150000000000034,90.0,1373.0,53.8,33.0,0,0,0,0,0,0,-9.699999999999989,73867.4
L49254,L,26.25,36.150000000000034,90.0,1602.0,31.5,5.0,0,0,0,0,0,0,-9.900000000000034,50463.0
M24447,M,26.150000000000034,37.35000000000002,90.0,1486.0,40.5,24.0,0,0,0,0,0,0,-11.199999999999989,60183.0
L48961,L,25.350000000000023,34.950000000000045,90.0,1663.0,28.6,48.0,0,0,0,0,0,0,-9.600000000000023,47561.8
L55080,L,27.55000000000001,39.25,90.0,1425.0,40.3,127.0,0,0,0,0,0,0,-11.699999999999989,57427.49999999999
M24753,M,25.75,36.450000000000045,90.0,1284.0,48.7,124.0,0,0,0,0,0,0,-10.700000000000045,62530.8
L56984,L,25.25,35.950000000000045,90.0,1433.0,42.5,139.0,0,0,0,0,0,0,-10.700000000000045,60902.5
L54040,L,27.950000000000045,38.05000000000001,90.0,1497.0,41.6,9.0,0,0,0,0,0,0,-10.099999999999966,62275.200000000004
H38587,H,24.75,35.85000000000002,90.0,1798.0,23.8,16.0,0,0,0,0,0,0,-11.100000000000023,42792.4
L56667,L,25.75,36.450000000000045,90.0,1691.0,27.3,150.0,0,0,0,0,0,0,-10.700000000000045,46164.3
H38751,H,25.150000000000034,35.75,90.0,1363.0,47.0,5.0,0,0,0,0,0,0,-10.599999999999966,64061.0
M19232,M,28.75,36.450000000000045,90.0,1418.0,41.7,201.0,0,0,0,0,0,0,-7.7000000000000455,59130.600000000006
M15851,M,23.05000000000001,33.85000000000002,90.0,1515.0,39.1,181.0,0,0,0,0,0,0,-10.800000000000011,59236.5
L56305,L,24.25,35.450000000000045,90.0,1501.0,44.0,72.0,0,0,0,0,0,0,-11.200000000000045,66044.0
L48598,L,25.650000000000034,36.75,90.0,1460.0,40.2,210.0,0,0,0,0,0,0,-11.099999999999966,58692.00000000001
L51828,L,30.150000000000034,38.25,90.0,1630.0,32.5,175.0,0,0,0,0,0,0,-8.099999999999966,52975.0
L49990,L,26.75,36.05000000000001,90.0,1425.0,44.8,113.0,0,0,0,0,0,0,-9.300000000000011,63839.99999999999
L53611,L,27.150000000000034,36.650000000000034,90.0,1518.0,35.2,26.0,0,0,0,0,0,0,-9.5,53433.600000000006
L48529,L,25.55000000000001,37.05000000000001,90.0,1543.0,37.7,166.0,0,0,0,0,0,0,-11.5,58171.100000000006
L54040,L,27.950000000000045,38.05000000000001,90.0,1509.0,40.1,76.0,0,0,0,0,0,0,-10.099999999999966,60510.9
L54407,L,26.55000000000001,36.55000000000001,90.0,1549.0,38.7,133.0,0,0,0,0,0,0,-10.0,59946.3
M18096,M,27.650000000000034,36.25,90.0,1569.0,62.4,98.0,0,0,0,0,0,0,-8.599999999999966,97905.59999999999
L56576,L,24.650000000000034,35.25,90.0,1498.0,47.3,166.0,0,0,0,0,0,0,-10.599999999999966,70855.4
L53292,L,27.55000000000001,37.55000000000001,90.0,1353.0,44.4,74.0,0,0,0,0,0,0,-10.0,60073.2
L48831,L,24.850000000000023,34.650000000000034,90.0,1533.0,51.7,140.0,0,0,0,0,0,0,-9.800000000000011,79256.1
M22688,M,26.650000000000034,37.950000000000045,90.0,1562.0,43.1,171.0,0,0,0,0,0,0,-11.300000000000011,67322.2
L53034,L,28.05000000000001,37.75,90.0,1567.0,34.8,109.0,0,0,0,0,0,0,-9.699999999999989,54531.6
L56303,L,24.150000000000034,35.35000000000002,90.0,1573.0,36.9,68.0,0,0,0,0,0,0,-11.199999999999989,58043.7
L49269,L,26.350000000000023,36.150000000000034,90.0,1442.0,43.9,18.0,0,0,0,0,0,0,-9.800000000000011,63303.799999999996
M22146,M,26.950000000000045,37.25,90.0,1525.0,37.1,77.0,0,0,0,0,0,0,-10.299999999999955,56577.5
M21383,M,28.05000000000001,37.05000000000001,90.0,1609.0,27.7,44.0,0,0,0,0,0,0,-9.0,44569.299999999996
H33912,H,29.450000000000045,37.05000000000001,90.0,1614.0,36.0,23.0,0,0,0,0,0,0,-7.599999999999966,58104.0
L55469,L,25.75,37.450000000000045,90.0,1533.0,35.2,106.0,0,0,0,0,0,0,-11.700000000000045,53961.600000000006
L55605,L,25.950000000000045,37.450000000000045,90.0,1674.0,31.6,172.0,0,0,0,0,0,0,-11.5,52898.4
M15566,M,24.75,35.85000000000002,90.0,1452.0,43.3,96.0,0,0,0,0,0,0,-11.100000000000023,62871.6
L54964,L,27.150000000000034,38.35000000000002,90.0,1403.0,60.9,58.0,0,0,0,0,0,0,-11.199999999999989,85442.7
M19740,M,30.650000000000034,39.450000000000045,90.0,1419.0,41.9,159.0,0,0,0,0,0,0,-8.800000000000011,59456.1
L49494,L,25.950000000000045,35.75,90.0,1368.0,47.2,185.0,0,0,0,0,0,0,-9.799999999999955,64569.600000000006
L54237,L,27.650000000000034,37.450000000000045,90.0,1466.0,37.2,144.0,0,0,0,0,0,0,-9.800000000000011,54535.200000000004
M16098,M,23.950000000000045,35.25,90.0,1611.0,33.3,143.0,0,0,0,0,0,0,-11.299999999999955,53646.299999999996
M24472,M,25.850000000000023,37.05000000000001,90.0,1331.0,53.6,101.0,0,0,0,0,0,0,-11.199999999999989,71341.6
M18981,M,28.850000000000023,37.35000000000002,90.0,1758.0,26.0,171.0,0,0,0,0,0,0,-8.5,45708.0
L49814,L,26.850000000000023,36.55000000000001,90.0,1558.0,32.0,117.0,0,0,0,0,0,0,-9.699999999999989,49856.0
M18082,M,27.55000000000001,36.55000000000001,90.0,1559.0,44.7,27.0,0,0,0,0,0,0,-9.0,69687.3
M19406,M,29.350000000000023,37.25,90.0,1530.0,38.7,101.0,0,0,0,0,0,0,-7.899999999999977,59211.00000000001
H35398,H,27.350000000000023,37.450000000000045,90.0,1448.0,46.3,173.0,0,0,0,0,0,0,-10.100000000000023,67042.4
L50396,L,27.350000000000023,36.35000000000002,90.0,1536.0,27.6,62.0,0,0,0,0,0,0,-9.0,42393.600000000006
L56227,L,24.150000000000034,35.25,90.0,1614.0,35.1,141.0,0,0,0,0,0,0,-11.099999999999966,56651.4
L55258,L,27.150000000000034,38.55000000000001,90.0,1491.0,39.7,123.0,0,0,0,0,0,0,-11.399999999999977,59192.700000000004
L53809,L,28.450000000000045,37.35000000000002,90.0,1506.0,49.4,104.0,0,0,0,0,0,0,-8.899999999999977,74396.4
L52869,L,29.150000000000034,38.650000000000034,90.0,1543.0,31.1,179.0,0,0,0,0,0,0,-9.5,47987.3
L55285,L,27.25,38.75,90.0,1476.0,43.4,189.0,0,0,0,0,0,0,-11.5,64058.4
L53204,L,27.55000000000001,37.85000000000002,90.0,1450.0,43.6,66.0,0,0,0,0,0,0,-10.300000000000011,63220.0
M24510,M,25.950000000000045,37.25,90.0,1423.0,44.0,192.0,0,0,0,0,0,0,-11.299999999999955,62612.0
L49861,L,26.450000000000045,35.950000000000045,90.0,1545.0,32.2,35.0,0,0,0,0,0,0,-9.5,49749.00000000001
L55404,L,26.75,38.150000000000034,90.0,1536.0,38.6,188.0,0,0,0,0,0,0,-11.400000000000034,59289.600000000006
L48897,L,25.05000000000001,34.450000000000045,90.0,1486.0,36.9,98.0,0,0,0,0,0,0,-9.400000000000034,54833.4
M15482,M,24.450000000000045,37.05000000000001,90.0,1335.0,57.0,80.0,0,0,0,0,0,0,-12.599999999999966,76095.0
L56490,L,25.25,36.25,90.0,1447.0,45.3,139.0,0,0,0,0,0,0,-11.0,65549.09999999999
L52886,L,29.25,38.75,90.0,1335.0,50.6,104.0,0,0,0,0,0,0,-9.5,67551.0
L54508,L,26.850000000000023,37.35000000000002,90.0,1517.0,30.5,186.0,0,0,0,0,0,0,-10.5,46268.5
L49463,L,26.150000000000034,35.55000000000001,90.0,1680.0,30.9,143.0,0,0,0,0,0,0,-9.399999999999977,51912.0
L53474,L,27.950000000000045,37.450000000000045,90.0,1668.0,35.7,100.0,0,0,0,0,0,0,-9.5,59547.600000000006
H35511,H,27.75,37.650000000000034,90.0,1457.0,38.4,31.0,0,0,0,0,0,0,-9.900000000000034,55948.799999999996
M18156,M,28.05000000000001,37.150000000000034,90.0,1379.0,35.1,56.0,0,0,0,0,0,0,-9.100000000000023,48402.9
L47591,L,24.350000000000023,35.150000000000034,90.0,1706.0,30.3,201.0,0,0,0,0,0,0,-10.800000000000011,51691.8
L55895,L,23.950000000000045,35.450000000000045,90.0,1442.0,37.1,150.0,0,0,0,0,0,0,-11.5,53498.200000000004
L54113,L,27.55000000000001,38.25,90.0,1507.0,40.6,20.0,0,0,0,0,0,0,-10.699999999999989,61184.200000000004
H36228,H,27.950000000000045,37.85000000000002,90.0,1565.0,33.4,125.0,0,0,0,0,0,0,-9.899999999999977,52271.0
M24300,M,25.25,35.75,90.0,1429.0,42.1,65.0,0,0,0,0,0,0,-10.5,60160.9
M18409,M,28.75,37.85000000000002,90.0,1299.0,60.4,124.0,0,0,0,0,0,0,-9.100000000000023,78459.59999999999
L55255,L,27.25,38.85000000000002,90.0,1546.0,38.9,117.0,0,0,0,0,0,0,-11.600000000000023,60139.399999999994
M23757,M,24.25,35.25,90.0,1469.0,48.1,93.0,0,0,0,0,0,0,-11.0,70658.90000000001
L48368,L,24.150000000000034,35.25,90.0,1452.0,43.2,36.0,0,0,0,0,0,0,-11.099999999999966,62726.4
L50291,L,26.850000000000023,36.05000000000001,90.0,1644.0,31.6,7.0,0,0,0,0,0,0,-9.199999999999989,51950.4
M22602,M,27.350000000000023,38.75,90.0,1655.0,31.2,155.0,0,0,0,0,0,0,-11.399999999999977,51636.0
L52976,L,28.55000000000001,37.85000000000002,90.0,1566.0,35.8,68.0,0,0,0,0,0,0,-9.300000000000011,56062.799999999996
M22598,M,27.150000000000034,38.55000000000001,90.0,1560.0,35.9,146.0,0,0,0,0,0,0,-11.399999999999977,56004.0
M20085,M,30.850000000000023,40.05000000000001,90.0,1411.0,43.5,7.0,0,0,0,0,0,0,-9.199999999999989,61378.5
L49495,L,26.05000000000001,35.75,90.0,1685.0,28.0,177.0,0,0,0,0,0,0,-9.699999999999989,47180.0
L51462,L,28.75,36.85000000000002,90.0,1488.0,40.3,146.0,0,0,0,0,0,0,-8.100000000000023,59966.399999999994
L56255,L,24.150000000000034,34.950000000000045,90.0,1506.0,41.2,150.0,0,0,0,0,0,0,-10.800000000000011,62047.200000000004
L55232,L,27.350000000000023,38.85000000000002,90.0,1567.0,35.7,112.0,0,0,0,0,0,0,-11.5,55941.9
L54062,L,27.950000000000045,38.05000000000001,90.0,1352.0,44.4,105.0,0,0,0,0,0,0,-10.099999999999966,60028.799999999996
M17085,M,26.55000000000001,35.85000000000002,90.0,1408.0,49.0,158.0,0,0,0,0,0,0,-9.300000000000011,68992.0
M17891,M,27.350000000000023,36.55000000000001,90.0,1540.0,43.3,9.0,0,0,0,0,0,0,-9.199999999999989,66682.0
M22587,M,27.650000000000034,38.75,90.0,1708.0,31.3,180.0,0,0,0,0,0,0,-11.099999999999966,53460.4
L48183,L,23.05000000000001,33.950000000000045,90.0,1444.0,46.7,26.0,0,0,0,0,0,0,-10.900000000000034,67434.8
M15054,M,25.05000000000001,35.35000000000002,90.0,1436.0,49.5,86.0,0,0,0,0,0,0,-10.300000000000011,71082.0
L55512,L,25.650000000000034,36.55000000000001,90.0,1671.0,30.7,136.0,0,0,0,0,0,0,-10.899999999999977,51299.7
L54368,L,27.25,37.25,90.0,1516.0,40.2,188.0,0,0,0,0,0,0,-10.0,60943.200000000004
L54955,L,27.25,38.35000000000002,90.0,1452.0,45.7,155.0,0,0,0,0,0,0,-11.100000000000023,66356.40000000001
L56102,L,23.950000000000045,35.25,90.0,1433.0,42.4,194.0,0,0,0,0,0,0,-11.299999999999955,60759.2
H37110,H,27.450000000000045,38.35000000000002,90.0,1595.0,32.2,12.0,0,0,0,0,0,0,-10.899999999999977,51359.00000000001
M21491,M,28.450000000000045,37.35000000000002,90.0,1339.0,48.5,174.0,0,0,0,0,0,0,-8.899999999999977,64941.5
L50465,L,28.05000000000001,36.75,90.0,1450.0,43.6,0.0,0,0,0,0,0,0,-8.699999999999989,63220.0
L53258,L,27.950000000000045,37.55000000000001,90.0,1676.0,30.2,62.0,0,0,0,0,0,0,-9.599999999999966,50615.2
L53978,L,28.350000000000023,37.650000000000034,90.0,1385.0,46.8,91.0,0,0,0,0,0,0,-9.300000000000011,64817.99999999999
L56741,L,26.450000000000045,37.75,90.0,1417.0,42.4,166.0,0,0,0,0,0,0,-11.299999999999955,60080.799999999996
L54429,L,26.75,36.950000000000045,90.0,1497.0,39.4,204.0,0,0,0,0,0,0,-10.200000000000045,58981.799999999996
M23505,M,24.450000000000045,35.450000000000045,90.0,1492.0,39.6,87.0,0,0,0,0,0,0,-11.0,59083.200000000004
L47449,L,24.850000000000023,34.950000000000045,90.0,1546.0,38.6,171.0,0,0,0,0,0,0,-10.100000000000023,59675.600000000006
M19927,M,31.150000000000034,40.05000000000001,90.0,1540.0,41.5,114.0,0,0,0,0,0,0,-8.899999999999977,63910.0
L53243,L,27.950000000000045,37.650000000000034,90.0,1390.0,43.3,143.0,0,0,0,0,0,0,-9.699999999999989,60186.99999999999
L56108,L,24.25,35.150000000000034,90.0,1466.0,43.9,49.0,0,0,0,0,0,0,-10.900000000000034,64357.4
L56302,L,24.25,35.25,90.0,1446.0,39.9,70.0,0,0,0,0,0,0,-11.0,57695.4
L56890,L,25.75,36.950000000000045,90.0,1505.0,43.6,108.0,0,0,0,0,0,0,-11.200000000000045,65618.0
L50093,L,27.55000000000001,36.35000000000002,90.0,1477.0,34.8,131.0,0,0,0,0,0,0,-8.800000000000011,51399.6
L50398,L,27.450000000000045,36.35000000000002,90.0,1435.0,48.6,66.0,0,0,0,0,0,0,-8.899999999999977,69741.0
L53362,L,27.850000000000023,37.75,90.0,1374.0,47.3,19.0,0,0,0,0,0,0,-9.899999999999977,64990.2
M20931,M,27.75,37.650000000000034,90.0,1452.0,43.6,101.0,0,0,0,0,0,0,-9.900000000000034,63307.200000000004
L52800,L,29.450000000000045,39.150000000000034,90.0,1361.0,54.9,134.0,0,0,0,0,0,0,-9.699999999999989,74718.9
H29949,H,24.450000000000045,36.35000000000002,90.0,1517.0,32.2,65.0,0,0,0,0,0,0,-11.899999999999977,48847.4
M23730,M,24.55000000000001,35.950000000000045,90.0,1338.0,49.6,56.0,0,0,0,0,0,0,-11.400000000000034,66364.8
M17823,M,27.55000000000001,36.450000000000045,90.0,1376.0,60.5,64.0,0,0,0,0,0,0,-8.900000000000034,83248.0
L55659,L,25.450000000000045,36.35000000000002,90.0,1615.0,31.5,99.0,0,0,0,0,0,0,-10.899999999999977,50872.5
L55817,L,24.350000000000023,35.35000000000002,90.0,1754.0,24.3,69.0,0,0,0,0,0,0,-11.0,42622.200000000004
H34965,H,29.25,38.75,90.0,1366.0,45.5,23.0,0,0,0,0,0,0,-9.5,62153.0
L53670,L,27.55000000000001,36.75,90.0,1383.0,44.5,168.0,0,0,0,0,0,0,-9.199999999999989,61543.5
L49713,L,25.650000000000034,35.55000000000001,90.0,1404.0,51.2,71.0,0,0,0,0,0,0,-9.899999999999977,71884.8
H37759,H,25.450000000000045,36.450000000000045,90.0,1555.0,40.7,189.0,0,0,0,0,0,0,-11.0,63288.50000000001
M23965,M,24.05000000000001,35.25,90.0,1528.0,38.3,18.0,0,0,0,0,0,0,-11.199999999999989,58522.399999999994
M23760,M,24.150000000000034,35.85000000000002,90.0,1442.0,44.5,137.0,0,0,0,0,0,0,-11.699999999999989,64169.0
L55800,L,24.450000000000045,35.25,90.0,1693.0,29.6,9.0,0,0,0,0,0,0,-10.799999999999955,50112.8
L49590,L,25.950000000000045,35.35000000000002,90.0,1553.0,37.7,26.0,0,0,0,0,0,0,-9.399999999999977,58548.100000000006
M20753,M,28.150000000000034,37.85000000000002,90.0,1616.0,35.0,161.0,0,0,0,0,0,0,-9.699999999999989,56560.0
L56277,L,24.05000000000001,34.950000000000045,90.0,1642.0,36.9,51.0,0,0,0,0,0,0,-10.900000000000034,60589.799999999996
L55256,L,27.150000000000034,38.650000000000034,90.0,1360.0,48.0,155.0,0,0,0,0,0,0,-11.5,65280.0
L54763,L,27.150000000000034,38.25,90.0,1395.0,46.6,33.0,0,0,0,0,0,0,-11.099999999999966,65007.0
L51757,L,29.850000000000023,38.05000000000001,90.0,1647.0,31.6,82.0,0,0,0,0,0,0,-8.199999999999989,52045.200000000004
L48875,L,24.850000000000023,34.35000000000002,90.0,1541.0,36.7,33.0,0,0,0,0,0,0,-9.5,56554.700000000004
L48643,L,25.650000000000034,36.950000000000045,90.0,1427.0,39.5,105.0,0,0,0,0,0,0,-11.300000000000011,56366.5
L53895,L,28.150000000000034,37.450000000000045,90.0,1576.0,36.2,92.0,0,0,0,0,0,0,-9.300000000000011,57051.200000000004
L49497,L,26.05000000000001,35.650000000000034,90.0,1355.0,48.0,129.0,0,0,0,0,0,0,-9.600000000000023,65040.0
L56535,L,25.150000000000034,35.75,90.0,1405.0,42.8,39.0,0,0,0,0,0,0,-10.599999999999966,60133.99999999999
L51515,L,28.650000000000034,36.650000000000034,90.0,1376.0,54.5,23.0,0,0,0,0,0,0,-8.0,74992.0
L49856,L,26.650000000000034,36.150000000000034,90.0,1467.0,37.8,8.0,0,0,0,0,0,0,-9.5,55452.6
H37469,H,27.05000000000001,38.450000000000045,90.0,1496.0,42.1,60.0,0,0,0,0,0,0,-11.400000000000034,62981.6
L49961,L,27.150000000000034,36.450000000000045,90.0,1543.0,37.5,33.0,0,0,0,0,0,0,-9.300000000000011,57862.5
M23619,M,24.55000000000001,35.75,90.0,1627.0,31.4,33.0,0,0,0,0,0,0,-11.199999999999989,51087.799999999996
L56282,L,24.150000000000034,35.450000000000045,90.0,1472.0,39.0,14.0,0,0,0,0,0,0,-11.300000000000011,57408.0
L53895,L,28.150000000000034,37.75,90.0,1373.0,47.1,90.0,0,0,0,0,0,0,-9.599999999999966,64668.3
L55296,L,27.150000000000034,38.650000000000034,90.0,1457.0,39.7,12.0,0,0,0,0,0,0,-11.5,57842.9
L50524,L,28.350000000000023,37.450000000000045,90.0,1470.0,47.2,170.0,0,0,0,0,0,0,-9.100000000000023,69384.0
L56602,L,24.950000000000045,35.35000000000002,90.0,1471.0,45.3,20.0,0,0,0,0,0,0,-10.399999999999977,66636.3
M22046,M,27.25,36.85000000000002,90.0,1517.0,40.9,59.0,0,0,0,0,0,0,-9.600000000000023,62045.299999999996
L51117,L,29.350000000000023,38.35000000000002,90.0,1802.0,26.4,174.0,0,0,0,0,0,0,-9.0,47572.799999999996
L51768,L,29.950000000000045,38.05000000000001,90.0,1564.0,38.5,197.0,0,0,0,0,0,0,-8.099999999999966,60214.0
M18789,M,29.450000000000045,38.25,90.0,1622.0,32.0,149.0,0,0,0,0,0,0,-8.799999999999955,51904.0
L49640,L,25.950000000000045,35.450000000000045,90.0,1547.0,36.1,112.0,0,0,0,0,0,0,-9.5,55846.700000000004
L50494,L,28.25,37.35000000000002,90.0,1365.0,55.3,98.0,1,0,0,0,1,0,-9.100000000000023,75484.5
M15847,M,23.150000000000034,33.950000000000045,90.0,1389.0,33.8,151.0,0,0,0,0,0,0,-10.800000000000011,46948.2
L55163,L,27.850000000000023,39.05000000000001,90.0,1597.0,33.0,5.0,0,0,0,0,0,0,-11.199999999999989,52701.0
L53647,L,27.25,36.55000000000001,90.0,1491.0,38.1,189.0,0,0,0,0,0,0,-9.300000000000011,56807.1
L56572,L,24.450000000000045,34.950000000000045,90.0,1771.0,28.1,149.0,0,0,0,0,0,0,-10.5,49765.100000000006
L51700,L,29.25,37.25,90.0,1456.0,42.8,127.0,0,0,0,0,0,0,-8.0,62316.799999999996
L55892,L,24.05000000000001,35.35000000000002,90.0,1451.0,39.1,198.0,0,0,0,0,0,0,-11.300000000000011,56734.1
M19116,M,29.450000000000045,37.85000000000002,90.0,1536.0,36.0,106.0,0,0,0,0,0,0,-8.399999999999977,55296.0
L55650,L,25.350000000000023,36.450000000000045,90.0,1487.0,43.0,123.0,0,0,0,0,0,0,-11.100000000000023,63941.0
L53191,L,27.55000000000001,37.450000000000045,90.0,1723.0,27.0,196.0,0,0,0,0,0,0,-9.900000000000034,46521.0
L56411,L,25.150000000000034,35.85000000000002,90.0,1439.0,36.5,127.0,0,0,0,0,0,0,-10.699999999999989,52523.5
L55784,L,24.25,35.05000000000001,90.0,1523.0,42.3,121.0,0,0,0,0,0,0,-10.800000000000011,64422.899999999994
M19124,M,29.450000000000045,37.85000000000002,90.0,1425.0,41.9,141.0,0,0,0,0,0,0,-8.399999999999977,59707.5
L48686,L,24.850000000000023,35.650000000000034,90.0,1610.0,41.0,176.0,0,0,0,0,0,0,-10.800000000000011,66010.0
L52596,L,29.450000000000045,39.150000000000034,90.0,1464.0,39.6,9.0,0,0,0,0,0,0,-9.699999999999989,57974.4
L48326,L,23.850000000000023,34.75,90.0,1329.0,62.3,157.0,1,0,0,0,1,0,-10.899999999999977,82796.7
L56253,L,24.05000000000001,34.950000000000045,90.0,1680.0,31.2,166.0,0,0,0,0,0,0,-10.900000000000034,52416.0
L50858,L,29.05000000000001,38.35000000000002,90.0,1500.0,43.2,83.0,0,0,0,0,0,0,-9.300000000000011,64800.00000000001
L49056,L,25.05000000000001,34.85000000000002,90.0,1470.0,48.1,98.0,0,0,0,0,0,0,-9.800000000000011,70707.0
L47230,L,25.75,35.85000000000002,90.0,1772.0,25.8,57.0,0,0,0,0,0,0,-10.100000000000023,45717.6
L55342,L,26.55000000000001,37.950000000000045,90.0,1574.0,39.9,133.0,0,0,0,0,0,0,-11.400000000000034,62802.6
M15016,M,25.25,34.950000000000045,90.0,1495.0,46.0,204.0,0,0,0,0,0,0,-9.700000000000045,68770.0
L55417,L,25.950000000000045,37.450000000000045,90.0,1796.0,39.4,90.0,0,0,0,0,0,0,-11.5,70762.4
M19892,M,30.75,39.950000000000045,90.0,1398.0,51.2,119.0,0,0,0,0,0,0,-9.200000000000045,71577.6
L48364,L,24.150000000000034,35.35000000000002,90.0,1497.0,47.5,23.0,0,0,0,0,0,0,-11.199999999999989,71107.5
L54115,L,27.650000000000034,38.25,90.0,1641.0,32.9,33.0,0,0,0,0,0,0,-10.599999999999966,53988.899999999994
L50266,L,26.850000000000023,36.05000000000001,90.0,1436.0,49.7,13.0,0,0,0,0,0,0,-9.199999999999989,71369.2
L48311,L,23.75,34.75,90.0,1489.0,44.3,98.0,0,0,0,0,0,0,-11.0,65962.7
M20841,M,27.55000000000001,37.55000000000001,90.0,1347.0,42.7,183.0,0,0,0,0,0,0,-10.0,57516.9
L54192,L,27.25,37.25,90.0,1298.0,61.4,108.0,0,0,0,0,0,0,-10.0,79697.2
M17833,M,27.450000000000045,36.25,90.0,1510.0,42.6,87.0,0,0,0,0,0,0,-8.799999999999955,64326.0
L53250,L,27.55000000000001,37.75,90.0,1439.0,43.0,183.0,0,0,0,0,0,0,-10.199999999999989,61877.0
M23913,M,24.25,35.35000000000002,90.0,1638.0,32.2,146.0,0,0,0,0,0,0,-11.100000000000023,52743.600000000006
L53418,L,28.150000000000034,37.650000000000034,90.0,1476.0,41.2,164.0,0,0,0,0,0,0,-9.5,60811.200000000004
L49475,L,26.25,35.450000000000045,90.0,1402.0,52.7,7.0,0,0,0,0,0,0,-9.200000000000045,73885.40000000001
M22255,M,26.55000000000001,37.450000000000045,90.0,1387.0,53.4,139.0,0,0,0,0,0,0,-10.900000000000034,74065.8
L55897,L,24.05000000000001,35.35000000000002,90.0,1631.0,31.1,137.0,0,0,0,0,0,0,-11.300000000000011,50724.100000000006
M20933,M,27.75,37.75,90.0,1790.0,38.1,191.0,0,0,0,0,0,0,-10.0,68199.0
L54269,L,27.450000000000045,37.05000000000001,90.0,1622.0,52.0,86.0,0,0,0,0,0,0,-9.599999999999966,84344.0
M21202,M,27.150000000000034,36.650000000000034,90.0,1477.0,42.0,9.0,0,0,0,0,0,0,-9.5,62034.0
L55418,L,25.950000000000045,37.25,90.0,1359.0,55.6,92.0,0,0,0,0,0,0,-11.299999999999955,75560.40000000001
M24336,M,24.850000000000023,36.450000000000045,90.0,1377.0,54.7,181.0,0,0,0,0,0,0,-11.600000000000023,75321.90000000001
L49635,L,25.850000000000023,35.450000000000045,90.0,1382.0,50.6,137.0,0,0,0,0,0,0,-9.600000000000023,69929.2
M20054,M,30.450000000000045,39.85000000000002,90.0,1610.0,32.0,111.0,0,0,0,0,0,0,-9.399999999999977,51520.0
M15665,M,23.850000000000023,34.75,90.0,1369.0,49.9,59.0,0,0,0,0,0,0,-10.899999999999977,68313.09999999999
L47647,L,24.05000000000001,35.35000000000002,90.0,1670.0,30.2,127.0,0,0,0,0,0,0,-11.300000000000011,50434.0
L48604,L,25.55000000000001,36.650000000000034,90.0,1355.0,46.1,6.0,0,0,0,0,0,0,-11.100000000000023,62465.5
L56440,L,25.05000000000001,35.85000000000002,90.0,1389.0,40.0,59.0,0,0,0,0,0,0,-10.800000000000011,55560.0
M22928,M,27.350000000000023,38.75,90.0,1676.0,35.2,0.0,0,0,0,0,0,0,-11.399999999999977,58995.200000000004
L49871,L,26.850000000000023,36.25,90.0,1551.0,39.7,39.0,0,0,0,0,0,0,-9.399999999999977,61574.700000000004
L54958,L,27.150000000000034,38.450000000000045,90.0,1517.0,39.0,45.0,0,0,0,0,0,0,-11.300000000000011,59163.0
M18495,M,28.950000000000045,37.950000000000045,90.0,1553.0,35.1,57.0,0,0,0,0,0,0,-9.0,54510.3
L51592,L,29.450000000000045,37.25,90.0,1436.0,45.9,68.0,0,0,0,0,0,0,-7.7999999999999545,65912.4
L55236,L,26.950000000000045,38.85000000000002,90.0,1499.0,40.8,146.0,0,0,0,0,0,0,-11.899999999999977,61159.2
M19670,M,30.450000000000045,39.05000000000001,90.0,1710.0,28.9,197.0,0,0,0,0,0,0,-8.599999999999966,49419.0
M22332,M,27.150000000000034,38.450000000000045,90.0,1664.0,32.5,115.0,0,0,0,0,0,0,-11.300000000000011,54080.0
L56397,L,24.75,35.85000000000002,90.0,1415.0,43.8,171.0,0,0,0,0,0,0,-11.100000000000023,61976.99999999999
L56610,L,24.850000000000023,35.35000000000002,90.0,1671.0,28.8,41.0,0,0,0,0,0,0,-10.5,48124.8
L52163,L,30.55000000000001,39.85000000000002,90.0,1486.0,41.7,199.0,0,0,0,0,0,0,-9.300000000000011,61966.200000000004
L54272,L,27.55000000000001,37.05000000000001,90.0,1469.0,43.3,64.0,0,0,0,0,0,0,-9.5,63607.7
M23921,M,24.05000000000001,35.25,90.0,1761.0,26.0,110.0,0,0,0,0,0,0,-11.199999999999989,45786.0
H33390,H,29.05000000000001,38.05000000000001,90.0,1642.0,30.2,81.0,0,0,0,0,0,0,-9.0,49588.4
L48816,L,24.75,34.650000000000034,90.0,1732.0,28.7,100.0,0,0,0,0,0,0,-9.900000000000034,49708.4
L55376,L,26.25,37.650000000000034,90.0,1447.0,43.6,217.0,0,0,0,0,0,0,-11.400000000000034,63089.200000000004
L57161,L,25.55000000000001,35.25,90.0,1589.0,33.2,162.0,0,0,0,0,0,0,-9.699999999999989,52754.8
L53361,L,27.850000000000023,37.650000000000034,90.0,1771.0,26.3,179.0,0,0,0,0,0,0,-9.800000000000011,46577.3
L50478,L,28.05000000000001,37.150000000000034,90.0,1399.0,54.1,61.0,0,0,0,0,0,0,-9.100000000000023,75685.90000000001
L50992,L,28.850000000000023,37.450000000000045,90.0,1413.0,42.8,82.0,0,0,0,0,0,0,-8.600000000000023,60476.399999999994
L51202,L,28.850000000000023,37.75,90.0,1658.0,32.1,198.0,0,0,0,0,0,0,-8.899999999999977,53221.8
H38694,H,24.25,34.950000000000045,90.0,1483.0,39.7,110.0,0,0,0,0,0,0,-10.700000000000045,58875.100000000006
L52385,L,30.55000000000001,39.55000000000001,90.0,1468.0,43.3,83.0,0,0,0,0,0,0,-9.0,63564.399999999994
L56257,L,24.150000000000034,35.150000000000034,90.0,1642.0,31.1,154.0,0,0,0,0,0,0,-11.0,51066.200000000004
M23193,M,25.650000000000034,36.55000000000001,90.0,1427.0,48.5,138.0,0,0,0,0,0,0,-10.899999999999977,69209.5
M14945,M,25.850000000000023,35.85000000000002,90.0,1436.0,48.3,181.0,0,0,0,0,0,0,-10.0,69358.8
M20054,M,30.75,39.950000000000045,90.0,1423.0,39.9,137.0,0,0,0,0,0,0,-9.200000000000045,56777.7
M18225,M,28.25,37.450000000000045,90.0,1469.0,30.1,2.0,0,0,0,0,0,0,-9.200000000000045,44216.9
L53037,L,28.150000000000034,37.85000000000002,90.0,1658.0,33.6,76.0,0,0,0,0,0,0,-9.699999999999989,55708.8
L56137,L,24.25,34.950000000000045,90.0,1449.0,46.5,68.0,0,0,0,0,0,0,-10.700000000000045,67378.5
H36565,H,27.05000000000001,36.650000000000034,90.0,1425.0,49.5,165.0,0,0,0,0,0,0,-9.600000000000023,70537.5
L47370,L,25.05000000000001,35.25,90.0,1477.0,47.1,72.0,0,0,0,0,0,0,-10.199999999999989,69566.7
L49976,L,27.05000000000001,36.25,90.0,1471.0,36.6,151.0,0,0,0,0,0,0,-9.199999999999989,53838.6
M24767,M,25.450000000000045,35.950000000000045,90.0,1487.0,44.1,206.0,0,0,0,0,0,0,-10.5,65576.7
L57152,L,25.350000000000023,35.05000000000001,90.0,1466.0,44.1,11.0,0,0,0,0,0,0,-9.699999999999989,64650.6
M18040,M,27.05000000000001,36.25,90.0,1685.0,30.3,191.0,0,0,0,0,0,0,-9.199999999999989,51055.5
L54632,L,27.150000000000034,38.55000000000001,90.0,1376.0,56.8,59.0,0,0,0,0,0,0,-11.399999999999977,78156.8
L53268,L,27.75,37.650000000000034,90.0,1446.0,41.6,171.0,0,0,0,0,0,0,-9.900000000000034,60153.6
L55357,L,26.55000000000001,37.650000000000034,90.0,1610.0,33.6,2.0,0,0,0,0,0,0,-11.100000000000023,54096.0
M21644,M,28.150000000000034,37.55000000000001,90.0,1554.0,34.1,61.0,0,0,0,0,0,0,-9.399999999999977,52991.4
H35158,H,29.05000000000001,38.25,90.0,1348.0,57.1,28.0,0,0,0,0,0,0,-9.199999999999989,76970.8
L52751,L,29.350000000000023,38.85000000000002,90.0,1757.0,29.5,10.0,0,0,0,0,0,0,-9.5,51831.5
M15219,M,24.450000000000045,35.150000000000034,90.0,1437.0,40.1,90.0,0,0,0,0,0,0,-10.699999999999989,57623.700000000004
H36228,H,27.950000000000045,37.950000000000045,90.0,1465.0,47.3,135.0,0,0,0,0,0,0,-10.0,69294.5
L56256,L,24.05000000000001,34.950000000000045,90.0,1674.0,30.0,154.0,0,0,0,0,0,0,-10.900000000000034,50220.0
H31162,H,25.25,34.55000000000001,90.0,1626.0,31.1,166.0,0,0,0,0,0,0,-9.300000000000011,50568.600000000006
L52757,L,29.25,38.950000000000045,90.0,1455.0,47.5,28.0,0,0,0,0,0,0,-9.700000000000045,69112.5
M21503,M,28.350000000000023,37.35000000000002,90.0,1308.0,60.5,141.0,0,0,0,0,0,0,-9.0,79134.0
L47962,L,23.650000000000034,34.75,90.0,1543.0,38.4,7.0,0,0,0,0,0,0,-11.099999999999966,59251.2
L57047,L,25.850000000000023,36.75,90.0,1611.0,32.2,90.0,0,0,0,0,0,0,-10.899999999999977,51874.200000000004
L54966,L,27.150000000000034,38.35000000000002,90.0,1466.0,42.1,62.0,0,0,0,0,0,0,-11.199999999999989,61718.6
L56466,L,25.05000000000001,35.85000000000002,90.0,1415.0,44.8,79.0,0,0,0,0,0,0,-10.800000000000011,63391.99999999999
H33834,H,29.25,37.05000000000001,90.0,1375.0,48.0,188.0,1,0,1,0,0,0,-7.800000000000011,66000.0
L49640,L,25.950000000000045,35.450000000000045,90.0,1408.0,46.6,112.0,0,0,0,0,0,0,-9.5,65612.8
L53367,L,27.850000000000023,37.85000000000002,90.0,1512.0,56.0,33.0,0,0,0,0,0,0,-10.0,84672.0
L47686,L,24.450000000000045,36.150000000000034,90.0,1479.0,39.2,8.0,0,0,0,0,0,0,-11.699999999999989,57976.8
H38664,H,25.150000000000034,35.85000000000002,90.0,1434.0,25.9,185.0,0,0,0,0,0,0,-10.699999999999989,37140.6
L56878,L,25.650000000000034,36.650000000000034,90.0,1663.0,40.7,85.0,0,0,0,0,0,0,-11.0,67684.1
L54253,L,27.55000000000001,37.450000000000045,90.0,1491.0,43.2,7.0,0,0,0,0,0,0,-9.900000000000034,64411.200000000004
H29857,H,24.25,35.25,90.0,1459.0,45.1,63.0,0,0,0,0,0,0,-11.0,65800.90000000001
L56357,L,24.75,35.650000000000034,90.0,1564.0,36.9,4.0,0,0,0,0,0,0,-10.900000000000034,57711.6
L54138,L,27.55000000000001,37.85000000000002,90.0,1563.0,40.7,87.0,0,0,0,0,0,0,-10.300000000000011,63614.100000000006
L48961,L,25.05000000000001,34.55000000000001,90.0,1452.0,44.9,40.0,0,0,0,0,0,0,-9.5,65194.799999999996
L52888,L,29.150000000000034,38.55000000000001,90.0,1611.0,38.6,168.0,1,1,0,0,0,0,-9.399999999999977,62184.600000000006
L51959,L,30.450000000000045,39.05000000000001,90.0,1573.0,34.1,20.0,0,0,0,0,0,0,-8.599999999999966,53639.3
L56472,L,25.05000000000001,35.85000000000002,90.0,1631.0,34.5,90.0,0,0,0,0,0,0,-10.800000000000011,56269.5
L50330,L,27.350000000000023,36.75,90.0,1510.0,38.0,153.0,0,0,0,0,0,0,-9.399999999999977,57380.0
H30970,H,25.25,35.35000000000002,90.0,1398.0,43.8,50.0,0,0,0,0,0,0,-10.100000000000023,61232.399999999994
L48145,L,22.650000000000034,33.450000000000045,90.0,1737.0,27.6,99.0,0,0,0,0,0,0,-10.800000000000011,47941.200000000004
L47402,L,25.150000000000034,35.450000000000045,90.0,1559.0,34.6,156.0,0,0,0,0,0,0,-10.300000000000011,53941.4
L55590,L,25.350000000000023,36.450000000000045,90.0,1543.0,47.3,132.0,0,0,0,0,0,0,-11.100000000000023,72983.9
L50893,L,29.150000000000034,38.35000000000002,90.0,1545.0,36.5,27.0,0,0,0,0,0,0,-9.199999999999989,56392.5
L56700,L,25.850000000000023,36.950000000000045,90.0,1530.0,35.2,59.0,0,0,0,0,0,0,-11.100000000000023,53856.00000000001
L54471,L,27.05000000000001,37.35000000000002,90.0,1416.0,47.3,74.0,0,0,0,0,0,0,-10.300000000000011,66976.8
L47452,L,24.950000000000045,35.05000000000001,90.0,1484.0,40.4,59.0,0,0,0,0,0,0,-10.099999999999966,59953.6
L56791,L,25.850000000000023,36.950000000000045,90.0,1432.0,50.8,87.0,0,0,0,0,0,0,-11.100000000000023,72745.59999999999
L50831,L,28.950000000000045,38.25,90.0,1444.0,40.3,112.0,0,0,0,0,0,0,-9.299999999999955,58193.2
L55012,L,26.75,38.150000000000034,90.0,1520.0,40.6,130.0,0,0,0,0,0,0,-11.400000000000034,61712.0
L48021,L,23.450000000000045,34.35000000000002,90.0,1542.0,37.5,199.0,0,0,0,0,0,0,-10.899999999999977,57825.0
L49834,L,26.650000000000034,36.25,90.0,1430.0,50.4,183.0,0,0,0,0,0,0,-9.599999999999966,72072.0
L49052,L,25.150000000000034,34.950000000000045,90.0,1462.0,46.6,0.0,0,0,0,0,0,0,-9.800000000000011,68129.2
L53540,L,26.950000000000045,36.450000000000045,90.0,1441.0,40.1,9.0,0,0,0,0,0,0,-9.5,57784.1
M22148,M,27.05000000000001,37.35000000000002,90.0,1379.0,54.5,152.0,0,0,0,0,0,0,-10.300000000000011,75155.5
L53310,L,27.850000000000023,37.75,90.0,1520.0,39.9,116.0,0,0,0,0,0,0,-9.899999999999977,60648.0
L48409,L,23.950000000000045,35.25,90.0,1693.0,33.3,153.0,0,0,0,0,0,0,-11.299999999999955,56376.899999999994
L53430,L,27.950000000000045,37.75,90.0,1487.0,37.0,162.0,0,0,0,0,0,0,-9.799999999999955,55019.0
M19058,M,29.25,37.950000000000045,90.0,1538.0,40.0,195.0,0,0,0,0,0,0,-8.700000000000045,61520.0
M19488,M,29.850000000000023,37.950000000000045,90.0,1566.0,36.7,156.0,0,0,0,0,0,0,-8.100000000000023,57472.200000000004
M21360,M,27.450000000000045,36.950000000000045,90.0,1616.0,36.6,2.0,0,0,0,0,0,0,-9.5,59145.600000000006
M15404,M,24.350000000000023,36.25,90.0,1427.0,45.3,105.0,0,0,0,0,0,0,-11.899999999999977,64643.1
M21257,M,26.850000000000023,36.450000000000045,90.0,1587.0,32.6,158.0,0,0,0,0,0,0,-9.600000000000023,51736.200000000004
M16272,M,25.650000000000034,36.75,90.0,1492.0,53.2,194.0,0,0,0,0,0,0,-11.099999999999966,79374.40000000001
L49410,L,26.350000000000023,35.450000000000045,90.0,1438.0,55.7,173.0,0,0,0,0,0,0,-9.100000000000023,80096.6
M22339,M,27.05000000000001,38.150000000000034,90.0,1522.0,37.8,137.0,0,0,0,0,0,0,-11.100000000000023,57531.6
L55168,L,27.950000000000045,38.85000000000002,90.0,1535.0,39.2,184.0,0,0,0,0,0,0,-10.899999999999977,60172.00000000001
L48892,L,25.150000000000034,34.75,90.0,1534.0,40.3,72.0,0,0,0,0,0,0,-9.599999999999966,61820.2
L49095,L,24.850000000000023,34.55000000000001,90.0,1772.0,26.8,202.0,0,0,0,0,0,0,-9.699999999999989,47489.6
L53030,L,28.150000000000034,37.950000000000045,90.0,1648.0,32.4,56.0,0,0,0,0,0,0,-9.800000000000011,53395.2
M23135,M,25.650000000000034,36.85000000000002,90.0,1720.0,25.3,198.0,0,0,0,0,0,0,-11.199999999999989,43516.0
L53286,L,27.650000000000034,37.650000000000034,90.0,1632.0,30.3,59.0,0,0,0,0,0,0,-10.0,49449.6
L55253,L,27.350000000000023,38.85000000000002,90.0,1469.0,41.2,106.0,0,0,0,0,0,0,-11.5,60522.8
L54619,L,27.05000000000001,38.150000000000034,90.0,1544.0,41.4,28.0,0,0,0,0,0,0,-11.100000000000023,63921.6
M24535,M,25.950000000000045,37.05000000000001,90.0,1695.0,26.1,20.0,0,0,0,0,0,0,-11.099999999999966,44239.5
L51118,L,29.350000000000023,38.35000000000002,90.0,1573.0,34.4,194.0,0,0,0,0,0,0,-9.0,54111.2
L55887,L,24.05000000000001,35.35000000000002,90.0,1498.0,40.0,199.0,0,0,0,0,0,0,-11.300000000000011,59920.0
L51586,L,29.350000000000023,37.150000000000034,90.0,1389.0,54.1,126.0,0,0,0,0,0,0,-7.800000000000011,75144.90000000001
L53949,L,28.05000000000001,37.650000000000034,90.0,1431.0,41.0,0.0,0,0,0,0,0,0,-9.600000000000023,58671.0
L53889,L,28.25,37.450000000000045,90.0,1605.0,30.4,77.0,0,0,0,0,0,0,-9.200000000000045,48792.0
L52055,L,30.55000000000001,39.25,90.0,1646.0,30.8,148.0,0,0,0,0,0,0,-8.699999999999989,50696.8
H38287,H,24.450000000000045,35.75,90.0,1354.0,46.7,119.0,0,0,0,0,0,0,-11.299999999999955,63231.8
L54958,L,26.950000000000045,38.35000000000002,90.0,1431.0,43.8,47.0,0,0,0,0,0,0,-11.399999999999977,62677.799999999996
L47579,L,24.25,35.25,90.0,1392.0,50.9,174.0,0,0,0,0,0,0,-11.0,70852.8
L51146,L,29.150000000000034,38.35000000000002,90.0,1523.0,37.8,57.0,0,0,0,0,0,0,-9.199999999999989,57569.399999999994
M23194,M,25.650000000000034,36.55000000000001,90.0,1459.0,47.3,48.0,0,0,0,0,0,0,-10.899999999999977,69010.7
M18599,M,29.05000000000001,38.05000000000001,90.0,1365.0,48.1,111.0,0,0,0,0,0,0,-9.0,65656.5
L47693,L,24.25,36.05000000000001,90.0,1428.0,28.9,26.0,0,0,0,0,0,0,-11.800000000000011,41269.2
L48797,L,24.75,34.650000000000034,90.0,1453.0,43.1,53.0,0,0,0,0,0,0,-9.900000000000034,62624.3
L53111,L,27.150000000000034,37.25,90.0,1497.0,48.5,50.0,0,0,0,0,0,0,-10.099999999999966,72604.5
L48887,L,25.350000000000023,34.85000000000002,90.0,1583.0,38.7,94.0,0,0,0,0,0,0,-9.5,61262.100000000006
L56489,L,25.150000000000034,35.75,90.0,1562.0,37.6,137.0,0,0,0,0,0,0,-10.599999999999966,58731.200000000004
M20182,M,30.25,39.55000000000001,90.0,1493.0,55.3,98.0,0,0,0,0,0,0,-9.300000000000011,82562.9
M21932,M,27.55000000000001,37.55000000000001,90.0,1383.0,41.7,184.0,0,0,0,0,0,0,-10.0,57671.100000000006
L53004,L,28.05000000000001,37.950000000000045,90.0,1596.0,35.8,104.0,0,0,0,0,0,0,-9.900000000000034,57136.799999999996
M17967,M,26.650000000000034,35.950000000000045,90.0,1456.0,35.7,181.0,0,0,0,0,0,0,-9.300000000000011,51979.200000000004
M18149,M,28.05000000000001,37.25,90.0,1372.0,48.0,39.0,0,0,0,0,0,0,-9.199999999999989,65856.0
M17833,M,27.450000000000045,36.25,90.0,1432.0,44.0,87.0,0,0,0,0,0,0,-8.799999999999955,63008.0
M17181,M,26.05000000000001,35.55000000000001,90.0,1582.0,37.5,190.0,0,0,0,0,0,0,-9.5,59325.0
M18682,M,29.05000000000001,37.85000000000002,90.0,1466.0,44.2,0.0,0,0,0,0,0,0,-8.800000000000011,64797.200000000004
L48682,L,24.850000000000023,35.55000000000001,90.0,1566.0,34.5,9.0,0,0,0,0,0,0,-10.699999999999989,54027.0
L49913,L,26.55000000000001,36.05000000000001,90.0,1430.0,38.7,166.0,0,0,0,0,0,0,-9.5,55341.00000000001
L49135,L,24.75,34.55000000000001,90.0,1395.0,55.2,87.0,0,0,0,0,0,0,-9.800000000000011,77004.0
M24351,M,25.55000000000001,36.75,90.0,1389.0,48.6,212.0,0,0,0,0,0,0,-11.199999999999989,67505.40000000001
L50254,L,26.950000000000045,36.05000000000001,90.0,1558.0,27.3,118.0,0,0,0,0,0,0,-9.099999999999966,42533.4
L56403,L,24.75,35.85000000000002,90.0,1481.0,38.8,37.0,0,0,0,0,0,0,-11.100000000000023,57462.799999999996
L50459,L,28.05000000000001,36.75,90.0,1761.0,27.9,209.0,0,0,0,0,0,0,-8.699999999999989,49131.899999999994
L56868,L,25.950000000000045,36.950000000000045,90.0,1367.0,41.2,113.0,0,0,0,0,0,0,-11.0,56320.4
M19064,M,29.150000000000034,37.75,90.0,1596.0,37.0,210.0,0,0,0,0,0,0,-8.599999999999966,59052.0
M23643,M,24.25,35.150000000000034,90.0,1443.0,44.9,51.0,0,0,0,0,0,0,-10.900000000000034,64790.7
L49561,L,25.950000000000045,35.05000000000001,90.0,1493.0,44.4,119.0,0,0,0,0,0,0,-9.099999999999966,66289.2
M24097,M,24.950000000000045,35.650000000000034,90.0,1548.0,25.4,147.0,0,0,0,0,0,0,-10.699999999999989,39319.2
L51208,L,28.850000000000023,37.75,90.0,1447.0,45.9,98.0,0,0,0,0,0,0,-8.899999999999977,66417.3
L54632,L,27.05000000000001,38.55000000000001,90.0,1644.0,34.5,59.0,0,0,0,0,0,0,-11.5,56718.0
L55344,L,26.450000000000045,37.75,90.0,1572.0,36.7,33.0,0,0,0,0,0,0,-11.299999999999955,57692.4
L54551,L,26.450000000000045,37.05000000000001,90.0,1453.0,40.1,81.0,0,0,0,0,0,0,-10.599999999999966,58265.3
L47992,L,23.650000000000034,34.450000000000045,90.0,1497.0,41.6,128.0,0,0,0,0,0,0,-10.800000000000011,62275.200000000004
L55452,L,25.75,36.950000000000045,90.0,1376.0,52.3,190.0,0,0,0,0,0,0,-11.200000000000045,71964.8
L57098,L,25.25,35.650000000000034,90.0,1645.0,29.6,24.0,0,0,0,0,0,0,-10.400000000000034,48692.0
L53354,L,27.75,37.55000000000001,90.0,1559.0,37.2,2.0,0,0,0,0,0,0,-9.800000000000011,57994.8
L54996,L,26.650000000000034,38.05000000000001,90.0,1664.0,28.6,137.0,0,0,0,0,0,0,-11.399999999999977,47590.4
M21656,M,28.150000000000034,37.55000000000001,90.0,1664.0,28.2,92.0,0,0,0,0,0,0,-9.399999999999977,46924.799999999996
L55837,L,24.350000000000023,35.25,90.0,1497.0,43.8,117.0,0,0,0,0,0,0,-10.899999999999977,65568.59999999999
L56907,L,25.650000000000034,36.650000000000034,90.0,1557.0,32.3,141.0,0,0,0,0,0,0,-11.0,50291.1
M16639,M,25.450000000000045,35.05000000000001,90.0,1488.0,44.0,47.0,0,0,0,0,0,0,-9.599999999999966,65472.0
L53368,L,27.850000000000023,37.75,90.0,1450.0,30.8,200.0,0,0,0,0,0,0,-9.899999999999977,44660.0
M22476,M,27.350000000000023,38.25,90.0,1468.0,40.4,55.0,0,0,0,0,0,0,-10.899999999999977,59307.2
L53086,L,27.650000000000034,37.35000000000002,90.0,1522.0,46.5,109.0,0,0,0,0,0,0,-9.699999999999989,70773.0
L57140,L,25.05000000000001,34.650000000000034,90.0,1429.0,52.0,137.0,0,0,0,0,0,0,-9.600000000000023,74308.0
L48890,L,25.05000000000001,34.75,90.0,1435.0,42.3,124.0,0,0,0,0,0,0,-9.699999999999989,60700.49999999999
L49612,L,25.75,35.05000000000001,90.0,1739.0,25.3,204.0,0,0,0,0,0,0,-9.300000000000011,43996.700000000004
L52362,L,30.75,39.950000000000045,90.0,1394.0,31.9,108.0,0,0,0,0,0,0,-9.200000000000045,44468.6
M19929,M,31.150000000000034,40.35000000000002,90.0,1476.0,42.1,15.0,0,0,0,0,0,0,-9.199999999999989,62139.6
M18625,M,29.25,37.950000000000045,90.0,1443.0,51.8,76.0,0,0,0,0,0,0,-8.700000000000045,74747.4
L53272,L,27.75,37.55000000000001,90.0,1409.0,45.2,16.0,0,0,0,0,0,0,-9.800000000000011,63686.8
L54673,L,27.05000000000001,38.650000000000034,90.0,1546.0,42.6,173.0,0,0,0,0,0,0,-11.600000000000023,65859.6
M21657,M,28.05000000000001,37.55000000000001,90.0,1415.0,44.0,95.0,0,0,0,0,0,0,-9.5,62260.0
L50310,L,27.25,36.55000000000001,90.0,1439.0,41.9,55.0,0,0,0,0,0,0,-9.300000000000011,60294.1
H39207,H,25.350000000000023,36.450000000000045,90.0,1434.0,43.9,102.0,0,0,0,0,0,0,-11.100000000000023,62952.6
L49407,L,26.350000000000023,35.450000000000045,90.0,1459.0,46.6,164.0,0,0,0,0,0,0,-9.100000000000023,67989.40000000001
M17947,M,26.850000000000023,36.150000000000034,90.0,1594.0,32.0,152.0,0,0,0,0,0,0,-9.300000000000011,51008.0
L56779,L,25.850000000000023,36.950000000000045,90.0,1359.0,46.3,62.0,1,0,0,0,1,0,-11.100000000000023,62921.7
M15591,M,24.150000000000034,35.450000000000045,90.0,1645.0,30.7,160.0,0,0,0,0,0,0,-11.300000000000011,50501.5
L54318,L,27.350000000000023,36.85000000000002,90.0,1382.0,49.4,130.0,0,0,0,0,0,0,-9.5,68270.8
L54861,L,27.350000000000023,38.450000000000045,90.0,1395.0,47.1,126.0,0,0,0,0,0,0,-11.100000000000023,65704.5
L53040,L,28.150000000000034,37.85000000000002,90.0,1605.0,33.3,85.0,0,0,0,0,0,0,-9.699999999999989,53446.49999999999
L49306,L,26.150000000000034,35.85000000000002,90.0,1820.0,25.0,121.0,0,0,0,0,0,0,-9.699999999999989,45500.0
L54218,L,27.55000000000001,37.450000000000045,90.0,1490.0,38.5,96.0,0,0,0,0,0,0,-9.900000000000034,57365.0
L49585,L,25.950000000000045,35.55000000000001,90.0,1398.0,47.6,181.0,0,0,0,0,0,0,-9.599999999999966,66544.8
L56090,L,24.150000000000034,35.25,90.0,1555.0,40.4,163.0,0,0,0,0,0,0,-11.099999999999966,62822.0
L51765,L,29.650000000000034,37.950000000000045,90.0,1438.0,32.2,56.0,0,0,0,0,0,0,-8.300000000000011,46303.600000000006
L48118,L,22.450000000000045,33.05000000000001,90.0,1823.0,25.8,0.0,0,0,0,0,0,0,-10.599999999999966,47033.4
L49393,L,26.55000000000001,35.85000000000002,90.0,1435.0,39.4,125.0,0,0,0,0,0,0,-9.300000000000011,56539.0
H36377,H,27.55000000000001,38.05000000000001,90.0,1383.0,52.0,91.0,0,0,0,0,0,0,-10.5,71916.0
L49120,L,24.950000000000045,34.75,90.0,1578.0,35.6,0.0,0,0,0,0,0,0,-9.799999999999955,56176.8
H38295,H,24.850000000000023,35.25,90.0,1536.0,42.7,89.0,0,0,0,0,0,0,-10.399999999999977,65587.20000000001
L51675,L,29.450000000000045,37.25,90.0,1448.0,57.2,67.0,0,0,0,0,0,0,-7.7999999999999545,82825.6
L54763,L,27.150000000000034,37.950000000000045,90.0,1491.0,46.6,185.0,0,0,0,0,0,0,-10.800000000000011,69480.6
L51175,L,29.150000000000034,38.150000000000034,90.0,1621.0,37.1,135.0,0,0,0,0,0,0,-9.0,60139.100000000006
M21630,M,28.150000000000034,36.950000000000045,90.0,1774.0,29.1,64.0,0,0,0,0,0,0,-8.800000000000011,51623.4
L50027,L,27.25,36.05000000000001,90.0,1326.0,50.5,202.0,0,0,0,0,0,0,-8.800000000000011,66963.0
L50179,L,27.350000000000023,36.650000000000034,90.0,1430.0,42.6,157.0,0,0,0,0,0,0,-9.300000000000011,60918.0
L51800,L,30.25,38.55000000000001,90.0,1534.0,37.5,195.0,0,0,0,0,0,0,-8.300000000000011,57525.0
L54368,L,27.25,37.25,90.0,1488.0,40.2,46.0,0,0,0,0,0,0,-10.0,59817.600000000006
L49179,L,25.25,34.85000000000002,90.0,1498.0,41.8,7.0,0,0,0,0,0,0,-9.600000000000023,62616.399999999994
L48786,L,24.650000000000034,34.55000000000001,90.0,1610.0,39.7,23.0,0,0,0,0,0,0,-9.899999999999977,63917.00000000001
L50583,L,28.150000000000034,37.450000000000045,90.0,1337.0,52.7,106.0,0,0,0,0,0,0,-9.300000000000011,70459.90000000001
L48973,L,24.950000000000045,34.650000000000034,90.0,1761.0,28.2,98.0,0,0,0,0,0,0,-9.699999999999989,49660.2
L51053,L,29.150000000000034,38.650000000000034,90.0,1532.0,40.7,17.0,0,0,0,0,0,0,-9.5,62352.4
L53889,L,28.25,37.450000000000045,90.0,1453.0,43.8,77.0,0,0,0,0,0,0,-9.200000000000045,63641.399999999994
L53941,L,28.350000000000023,37.75,90.0,1400.0,43.2,2.0,0,0,0,0,0,0,-9.399999999999977,60480.00000000001
L50088,L,27.55000000000001,36.450000000000045,90.0,1715.0,27.0,171.0,0,0,0,0,0,0,-8.900000000000034,46305.0
L51032,L,29.25,38.450000000000045,90.0,1427.0,45.5,190.0,0,0,0,0,0,0,-9.200000000000045,64928.5
L48420,L,24.05000000000001,35.450000000000045,90.0,1636.0,41.3,160.0,0,0,0,0,0,0,-11.400000000000034,67566.79999999999
L49132,L,24.850000000000023,34.650000000000034,90.0,1643.0,36.6,81.0,0,0,0,0,0,0,-9.800000000000011,60133.8
L56223,L,24.150000000000034,35.25,90.0,1343.0,33.8,173.0,0,0,0,0,0,0,-11.099999999999966,45393.399999999994
H31956,H,26.05000000000001,35.75,90.0,1553.0,32.4,95.0,0,0,0,0,0,0,-9.699999999999989,50317.2
L49744,L,26.150000000000034,36.150000000000034,90.0,1493.0,38.0,151.0,0,0,0,0,0,0,-10.0,56734.0
L52296,L,30.850000000000023,40.05000000000001,90.0,1578.0,37.3,142.0,0,0,0,0,0,0,-9.199999999999989,58859.399999999994
L51419,L,29.150000000000034,37.85000000000002,90.0,1499.0,39.3,75.0,0,0,0,0,0,0,-8.699999999999989,58910.7
M16914,M,26.450000000000045,36.25,90.0,1605.0,37.4,142.0,0,0,0,0,0,0,-9.799999999999955,60027.0
L49054,L,25.25,34.950000000000045,90.0,1598.0,42.8,94.0,0,0,0,0,0,0,-9.700000000000045,68394.4
M15653,M,23.75,34.650000000000034,90.0,1441.0,45.6,89.0,0,0,0,0,0,0,-10.900000000000034,65709.6
M21006,M,27.850000000000023,37.950000000000045,90.0,1556.0,38.2,150.0,0,0,0,0,0,0,-10.100000000000023,59439.200000000004
M17787,M,27.55000000000001,36.450000000000045,90.0,1532.0,39.0,165.0,0,0,0,0,0,0,-8.900000000000034,59748.0
L52648,L,29.55000000000001,39.150000000000034,90.0,1764.0,29.9,24.0,0,0,0,0,0,0,-9.600000000000023,52743.6
L51290,L,28.850000000000023,37.450000000000045,90.0,1498.0,45.3,182.0,0,0,0,0,0,0,-8.600000000000023,67859.4
L49420,L,26.25,35.55000000000001,90.0,1625.0,31.1,195.0,0,0,0,0,0,0,-9.300000000000011,50537.5
M17286,M,25.75,35.05000000000001,90.0,1202.0,55.6,30.0,0,0,0,0,0,0,-9.300000000000011,66831.2
L52566,L,29.75,39.150000000000034,90.0,1569.0,35.2,214.0,0,0,0,0,0,0,-9.400000000000034,55228.8
M17058,M,26.650000000000034,35.75,90.0,1447.0,41.7,87.0,0,0,0,0,0,0,-9.099999999999966,60339.9
L54671,L,27.25,38.650000000000034,90.0,1727.0,28.9,64.0,0,0,0,0,0,0,-11.400000000000034,49910.299999999996
L54782,L,27.25,38.05000000000001,90.0,1705.0,35.4,63.0,0,0,0,0,0,0,-10.800000000000011,60357.0
L56413,L,25.05000000000001,35.85000000000002,90.0,1496.0,45.1,138.0,0,0,0,0,0,0,-10.800000000000011,67469.6
L56787,L,25.75,36.950000000000045,90.0,1452.0,42.8,78.0,0,0,0,0,0,0,-11.200000000000045,62145.6
M21716,M,27.650000000000034,38.25,90.0,1452.0,41.6,37.0,0,0,0,0,0,0,-10.599999999999966,60403.200000000004
M16795,M,24.950000000000045,34.650000000000034,90.0,1438.0,55.0,42.0,0,0,0,0,0,0,-9.699999999999989,79090.0
L53287,L,27.650000000000034,37.650000000000034,90.0,1430.0,47.6,12.0,0,0,0,0,0,0,-10.0,68068.0
H30281,H,22.850000000000023,33.450000000000045,90.0,1485.0,42.6,39.0,0,0,0,0,0,0,-10.600000000000023,63261.0
L56012,L,24.25,35.650000000000034,90.0,1451.0,46.7,2.0,0,0,0,0,0,0,-11.400000000000034,67761.7
L48723,L,25.150000000000034,35.75,90.0,1353.0,59.5,93.0,0,0,0,0,0,0,-10.599999999999966,80503.5
L48715,L,24.850000000000023,35.75,90.0,1577.0,33.9,50.0,0,0,0,0,0,0,-10.899999999999977,53460.299999999996
L50102,L,27.350000000000023,36.55000000000001,90.0,1481.0,37.7,170.0,0,0,0,0,0,0,-9.199999999999989,55833.700000000004
L47967,L,23.75,34.950000000000045,90.0,1382.0,43.2,63.0,0,0,0,0,0,0,-11.200000000000045,59702.4
L48400,L,23.850000000000023,35.05000000000001,90.0,1572.0,29.4,130.0,0,0,0,0,0,0,-11.199999999999989,46216.799999999996
L47363,L,25.05000000000001,35.05000000000001,90.0,1602.0,39.8,2.0,0,0,0,0,0,0,-10.0,63759.6
L49304,L,26.150000000000034,35.75,90.0,1425.0,44.4,117.0,0,0,0,0,0,0,-9.599999999999966,63270.0
L55124,L,27.650000000000034,38.55000000000001,90.0,1414.0,38.2,0.0,0,0,0,0,0,0,-10.899999999999977,54014.8
M19033,M,28.950000000000045,37.450000000000045,90.0,1491.0,41.6,197.0,0,0,0,0,0,0,-8.5,62025.6
M17737,M,27.350000000000023,36.25,90.0,1500.0,46.8,74.0,0,0,0,0,0,0,-8.899999999999977,70200.0
L47334,L,25.25,35.05000000000001,90.0,1588.0,33.2,196.0,0,0,0,0,0,0,-9.800000000000011,52721.600000000006
H37984,H,24.75,35.55000000000001,90.0,1545.0,45.8,120.0,0,0,0,0,0,0,-10.800000000000011,70761.0
M15851,M,22.75,33.450000000000045,90.0,1286.0,55.5,137.0,0,0,0,0,0,0,-10.700000000000045,71373.0
H36020,H,28.350000000000023,37.450000000000045,90.0,1488.0,43.3,123.0,0,0,0,0,0,0,-9.100000000000023,64430.399999999994
L54804,L,27.450000000000045,38.35000000000002,90.0,1507.0,45.5,60.0,0,0,0,0,0,0,-10.899999999999977,68568.5
H30743,H,25.650000000000034,37.05000000000001,90.0,1663.0,30.4,199.0,0,0,0,0,0,0,-11.399999999999977,50555.2
L50241,L,26.850000000000023,35.950000000000045,90.0,1573.0,35.1,86.0,0,0,0,0,0,0,-9.100000000000023,55212.3
L51420,L,29.55000000000001,37.950000000000045,90.0,1454.0,43.0,77.0,0,0,0,0,0,0,-8.400000000000034,62522.0
M15474,M,24.850000000000023,36.75,90.0,1429.0,54.8,55.0,0,0,0,0,0,0,-11.899999999999977,78309.2
L51302,L,28.950000000000045,37.450000000000045,90.0,1438.0,44.1,208.0,1,0,1,0,0,0,-8.5,63415.8
L54562,L,26.650000000000034,37.25,90.0,1411.0,42.3,99.0,0,0,0,0,0,0,-10.599999999999966,59685.299999999996
M17146,M,26.25,35.55000000000001,90.0,1498.0,41.3,104.0,0,0,0,0,0,0,-9.300000000000011,61867.399999999994
L50018,L,27.150000000000034,36.25,90.0,1578.0,35.9,180.0,0,0,0,0,0,0,-9.099999999999966,56650.2
L49942,L,26.650000000000034,36.450000000000045,90.0,1430.0,43.9,155.0,0,0,0,0,0,0,-9.800000000000011,62777.0
L53081,L,27.850000000000023,37.85000000000002,90.0,1486.0,41.0,191.0,0,0,0,0,0,0,-10.0,60926.0
L52682,L,29.650000000000034,38.950000000000045,90.0,1439.0,46.9,74.0,0,0,0,0,0,0,-9.300000000000011,67489.09999999999
L56116,L,24.25,35.150000000000034,90.0,1640.0,35.8,13.0,0,0,0,0,0,0,-10.900000000000034,58711.99999999999
L56559,L,24.450000000000045,35.05000000000001,90.0,1446.0,39.4,59.0,0,0,0,0,0,0,-10.599999999999966,56972.4
L53076,L,27.950000000000045,37.650000000000034,90.0,1274.0,55.7,135.0,0,0,0,0,0,0,-9.699999999999989,70961.8
M21049,M,27.850000000000023,37.75,90.0,1559.0,37.5,37.0,0,0,0,0,0,0,-9.899999999999977,58462.5
L49125,L,24.950000000000045,34.950000000000045,90.0,1451.0,49.0,65.0,0,0,0,0,0,0,-10.0,71099.0
H34643,H,30.75,40.05000000000001,90.0,1590.0,40.6,107.0,0,0,0,0,0,0,-9.300000000000011,64554.0
L53098,L,27.55000000000001,37.05000000000001,90.0,1518.0,40.0,0.0,0,0,0,0,0,0,-9.5,60720.0
M15889,M,23.150000000000034,34.25,90.0,1662.0,32.3,142.0,0,0,0,0,0,0,-11.099999999999966,53682.6
M17509,M,26.75,35.950000000000045,90.0,1481.0,42.8,160.0,0,0,0,0,0,0,-9.200000000000045,63386.799999999996
L57117,L,25.25,34.950000000000045,90.0,1651.0,29.0,125.0,0,0,0,0,0,0,-9.700000000000045,47879.0
L51940,L,30.450000000000045,38.55000000000001,90.0,1639.0,31.4,121.0,0,0,0,0,0,0,-8.099999999999966,51464.6
M19541,M,30.25,38.450000000000045,90.0,1508.0,44.8,94.0,0,0,0,0,0,0,-8.200000000000045,67558.4
L53026,L,28.25,38.150000000000034,90.0,1525.0,41.9,46.0,0,0,0,0,0,0,-9.900000000000034,63897.5
L55052,L,27.55000000000001,39.150000000000034,90.0,1312.0,53.8,37.0,0,0,0,0,0,0,-11.600000000000023,70585.59999999999
M19406,M,29.350000000000023,37.25,90.0,1525.0,41.6,204.0,0,0,0,0,0,0,-7.899999999999977,63440.0
L49381,L,26.650000000000034,35.85000000000002,90.0,1313.0,56.2,71.0,0,0,0,0,0,0,-9.199999999999989,73790.6
L51673,L,29.450000000000045,37.35000000000002,90.0,1546.0,39.4,72.0,0,0,0,0,0,0,-7.899999999999977,60912.399999999994
M18671,M,29.05000000000001,37.650000000000034,90.0,1445.0,44.4,81.0,0,0,0,0,0,0,-8.600000000000023,64158.0
L53965,L,28.05000000000001,37.450000000000045,90.0,1419.0,45.3,5.0,0,0,0,0,0,0,-9.400000000000034,64280.7
L55369,L,26.55000000000001,37.85000000000002,90.0,1430.0,51.2,201.0,0,0,0,0,0,0,-11.300000000000011,73216.0
M17796,M,27.55000000000001,36.55000000000001,90.0,1394.0,43.3,192.0,0,0,0,0,0,0,-9.0,60360.2
L48078,L,22.450000000000045,32.950000000000045,90.0,1462.0,49.2,133.0,0,0,0,0,0,0,-10.5,71930.40000000001
L53038,L,28.350000000000023,37.950000000000045,90.0,1348.0,50.0,78.0,0,0,0,0,0,0,-9.600000000000023,67400.0
L56376,L,24.850000000000023,35.75,90.0,1607.0,38.5,49.0,0,0,0,0,0,0,-10.899999999999977,61869.5
L48120,L,22.350000000000023,32.85000000000002,90.0,1512.0,36.4,57.0,0,0,0,0,0,0,-10.5,55036.799999999996
L47927,L,23.650000000000034,34.950000000000045,90.0,1447.0,48.3,148.0,0,0,0,0,0,0,-11.300000000000011,69890.09999999999
M18914,M,28.850000000000023,37.450000000000045,90.0,1452.0,43.4,44.0,0,0,0,0,0,0,-8.600000000000023,63016.799999999996
M20475,M,29.25,38.75,90.0,1423.0,41.2,179.0,0,0,0,0,0,0,-9.5,58627.600000000006
H38043,H,24.150000000000034,35.25,90.0,1556.0,39.3,47.0,0,0,0,0,0,0,-11.099999999999966,61150.799999999996
L56039,L,24.75,35.85000000000002,90.0,1597.0,34.8,26.0,0,0,0,0,0,0,-11.100000000000023,55575.6
L55071,L,27.75,39.25,90.0,1389.0,53.9,112.0,0,0,0,0,0,0,-11.5,74867.09999999999
L53758,L,28.25,37.450000000000045,90.0,1543.0,36.9,190.0,0,0,0,0,0,0,-9.200000000000045,56936.7
L54325,L,27.350000000000023,36.85000000000002,90.0,1613.0,28.6,152.0,0,0,0,0,0,0,-9.5,46131.8
L50063,L,27.450000000000045,36.35000000000002,90.0,1437.0,40.0,135.0,0,0,0,0,0,0,-8.899999999999977,57480.0
M16830,M,24.75,34.450000000000045,90.0,1430.0,42.5,129.0,0,0,0,0,0,0,-9.700000000000045,60775.0
L47240,L,25.75,35.950000000000045,90.0,1378.0,52.6,2.0,0,0,0,0,0,0,-10.200000000000045,72482.8
M22617,M,27.350000000000023,38.55000000000001,90.0,1723.0,30.5,114.0,0,0,0,0,0,0,-11.199999999999989,52551.5
M23672,M,24.75,35.950000000000045,90.0,1558.0,37.7,35.0,0,0,0,0,0,0,-11.200000000000045,58736.600000000006
M21262,M,26.850000000000023,36.75,90.0,1615.0,30.6,165.0,0,0,0,0,0,0,-9.899999999999977,49419.0
L53250,L,27.75,37.650000000000034,90.0,1565.0,36.6,183.0,0,0,0,0,0,0,-9.900000000000034,57279.0
L55981,L,24.25,35.450000000000045,90.0,1459.0,45.2,73.0,0,0,0,0,0,0,-11.200000000000045,65946.8
L53071,L,28.25,37.85000000000002,90.0,1517.0,39.0,157.0,0,0,0,0,0,0,-9.600000000000023,59163.0
M17819,M,27.650000000000034,36.55000000000001,90.0,1589.0,35.0,52.0,0,0,0,0,0,0,-8.899999999999977,55615.0
M21435,M,28.25,37.35000000000002,90.0,1451.0,45.3,124.0,0,0,0,0,0,0,-9.100000000000023,65730.3
L51096,L,29.150000000000034,38.25,90.0,1556.0,37.3,127.0,0,0,0,0,0,0,-9.099999999999966,58038.799999999996
M20744,M,28.350000000000023,37.75,90.0,1605.0,33.8,137.0,0,0,0,0,0,0,-9.399999999999977,54248.99999999999
L54496,L,27.25,37.25,90.0,1727.0,27.8,148.0,0,0,0,0,0,0,-10.0,48010.6
L50969,L,29.150000000000034,37.650000000000034,90.0,1650.0,36.4,59.0,0,0,0,0,0,0,-8.5,60060.0
L55549,L,25.650000000000034,36.55000000000001,90.0,1481.0,40.6,25.0,0,0,0,0,0,0,-10.899999999999977,60128.6
L52758,L,29.350000000000023,38.85000000000002,90.0,1471.0,40.7,30.0,0,0,0,0,0,0,-9.5,59869.700000000004
L55508,L,25.450000000000045,36.450000000000045,90.0,1463.0,41.2,141.0,0,0,0,0,0,0,-11.0,60275.600000000006
L56713,L,26.05000000000001,37.35000000000002,90.0,1490.0,41.0,114.0,0,0,0,0,0,0,-11.300000000000011,61090.0
L53824,L,28.350000000000023,37.450000000000045,90.0,1546.0,40.0,142.0,0,0,0,0,0,0,-9.100000000000023,61840.0
L50983,L,29.05000000000001,37.75,90.0,1521.0,37.5,62.0,0,0,0,0,0,0,-8.699999999999989,57037.5
L50443,L,28.150000000000034,36.85000000000002,90.0,1537.0,36.3,186.0,0,0,0,0,0,0,-8.699999999999989,55793.1
H32675,H,28.05000000000001,36.75,90.0,1462.0,37.1,204.0,0,0,0,0,0,0,-8.699999999999989,54240.200000000004
L55208,L,27.55000000000001,38.75,90.0,1416.0,54.2,101.0,0,0,0,0,0,0,-11.199999999999989,76747.2
M23373,M,25.05000000000001,36.55000000000001,90.0,1394.0,48.8,2.0,0,0,0,0,0,0,-11.5,68027.2
L50661,L,28.850000000000023,37.75,90.0,1663.0,31.5,174.0,0,0,0,0,0,0,-8.899999999999977,52384.5
L48893,L,25.850000000000023,34.650000000000034,90.0,1515.0,46.7,74.0,0,0,0,0,0,0,-8.800000000000011,70750.5
M24429,M,26.25,37.55000000000001,90.0,1455.0,42.0,185.0,0,0,0,0,0,0,-11.300000000000011,61110.0
M22167,M,26.850000000000023,36.85000000000002,90.0,1491.0,46.5,128.0,0,0,0,0,0,0,-10.0,69331.5
L48893,L,25.05000000000001,34.55000000000001,90.0,1433.0,46.7,74.0,0,0,0,0,0,0,-9.5,66921.1
L54715,L,26.850000000000023,38.05000000000001,90.0,1487.0,43.2,62.0,0,0,0,0,0,0,-11.199999999999989,64238.4
M16747,M,24.850000000000023,34.450000000000045,90.0,1446.0,42.0,126.0,0,0,0,0,0,0,-9.600000000000023,60732.0
M15339,M,24.25,35.75,90.0,1448.0,57.3,163.0,0,0,0,0,0,0,-11.5,82970.4
L51519,L,28.450000000000045,36.75,90.0,1524.0,46.6,104.0,0,0,0,0,0,0,-8.299999999999955,71018.40000000001
L50651,L,28.55000000000001,37.55000000000001,90.0,1639.0,33.9,121.0,0,0,0,0,0,0,-9.0,55562.1
M21563,M,28.55000000000001,37.55000000000001,90.0,1437.0,43.9,61.0,0,0,0,0,0,0,-9.0,63084.299999999996
L48463,L,25.150000000000034,36.25,90.0,1568.0,37.9,96.0,0,0,0,0,0,0,-11.099999999999966,59427.2
L50553,L,28.25,37.55000000000001,90.0,1568.0,35.2,83.0,0,0,0,0,0,0,-9.300000000000011,55193.600000000006
M17691,M,27.25,36.150000000000034,90.0,1490.0,47.9,163.0,0,0,0,0,0,0,-8.900000000000034,71371.0
L55036,L,27.150000000000034,38.25,90.0,1462.0,43.2,14.0,0,0,0,0,0,0,-11.099999999999966,63158.4
L54188,L,27.350000000000023,37.450000000000045,90.0,1468.0,37.6,133.0,0,0,0,0,0,0,-10.100000000000023,55196.8
L53623,L,27.650000000000034,37.150000000000034,90.0,1462.0,48.0,52.0,0,0,0,0,0,0,-9.5,70176.0
L47398,L,25.350000000000023,35.450000000000045,90.0,1539.0,34.3,142.0,0,0,0,0,0,0,-10.100000000000023,52787.7
L47596,L,24.25,35.25,90.0,1397.0,49.7,0.0,0,0,0,0,0,0,-11.0,69430.90000000001
L54139,L,27.55000000000001,37.85000000000002,90.0,1378.0,44.6,89.0,0,0,0,0,0,0,-10.300000000000011,61458.8
L47364,L,25.05000000000001,35.150000000000034,90.0,1654.0,27.5,59.0,0,0,0,0,0,0,-10.100000000000023,45485.0
L51642,L,29.150000000000034,36.950000000000045,90.0,1342.0,41.2,187.0,1,0,1,0,0,0,-7.800000000000011,55290.4
M24112,M,25.05000000000001,35.85000000000002,90.0,1576.0,36.7,146.0,0,0,0,0,0,0,-10.800000000000011,57839.200000000004
L48163,L,22.950000000000045,33.75,90.0,1446.0,39.9,140.0,0,0,0,0,0,0,-10.799999999999955,57695.4
L54137,L,27.55000000000001,37.950000000000045,90.0,1483.0,40.2,85.0,0,0,0,0,0,0,-10.400000000000034,59616.600000000006
L54816,L,27.450000000000045,38.35000000000002,90.0,1459.0,44.6,103.0,0,0,0,0,0,0,-10.899999999999977,65071.4
L49726,L,26.150000000000034,35.950000000000045,90.0,1437.0,42.3,18.0,0,0,0,0,0,0,-9.800000000000011,60785.1
L51690,L,29.25,37.150000000000034,90.0,1446.0,43.7,108.0,0,0,0,0,0,0,-7.900000000000034,63190.200000000004
L55424,L,25.850000000000023,37.25,90.0,1483.0,39.0,109.0,0,0,0,0,0,0,-11.399999999999977,57837.0
L54971,L,26.950000000000045,38.25,90.0,1418.0,51.7,73.0,0,0,0,0,0,0,-11.299999999999955,73310.6
M24851,M,25.650000000000034,35.25,90.0,1380.0,56.9,5.0,0,0,0,0,0,0,-9.599999999999966,78522.0
L47257,L,25.75,36.150000000000034,90.0,1378.0,54.1,62.0,0,0,0,0,0,0,-10.400000000000034,74549.8
M22092,M,26.75,36.950000000000045,90.0,1639.0,27.1,159.0,0,0,0,0,0,0,-10.200000000000045,44416.9
L53915,L,28.450000000000045,37.85000000000002,90.0,1444.0,53.3,15.0,0,0,0,0,0,0,-9.399999999999977,76965.2
M22987,M,26.950000000000045,38.150000000000034,90.0,1433.0,43.3,36.0,0,0,0,0,0,0,-11.199999999999989,62048.899999999994
L53661,L,27.55000000000001,36.650000000000034,90.0,1481.0,50.6,145.0,0,0,0,0,0,0,-9.100000000000023,74938.6
M22063,M,26.55000000000001,36.450000000000045,90.0,1467.0,42.5,131.0,0,0,0,0,0,0,-9.900000000000034,62347.5
L56150,L,23.950000000000045,34.85000000000002,90.0,1462.0,52.4,98.0,0,0,0,0,0,0,-10.899999999999977,76608.8
L52930,L,29.05000000000001,38.650000000000034,90.0,1498.0,38.2,36.0,0,0,0,0,0,0,-9.600000000000023,57223.600000000006
L49048,L,24.650000000000034,34.85000000000002,90.0,1469.0,43.9,81.0,0,0,0,0,0,0,-10.199999999999989,64489.1
L54925,L,27.25,38.25,90.0,1313.0,56.8,162.0,0,0,0,0,0,0,-11.0,74578.4
L52865,L,29.05000000000001,38.35000000000002,90.0,1482.0,45.6,47.0,0,0,0,0,0,0,-9.300000000000011,67579.2
M15695,M,23.25,34.25,90.0,1533.0,36.0,92.0,0,0,0,0,0,0,-11.0,55188.0
L53273,L,27.850000000000023,37.75,90.0,1793.0,25.9,27.0,0,0,0,0,0,0,-9.899999999999977,46438.7
L52742,L,29.150000000000034,38.55000000000001,90.0,1648.0,38.2,197.0,0,0,0,0,0,0,-9.399999999999977,62953.600000000006
L49087,L,24.75,34.450000000000045,90.0,1504.0,36.2,180.0,0,0,0,0,0,0,-9.700000000000045,54444.8
M18599,M,29.25,38.35000000000002,90.0,1597.0,39.9,58.0,0,0,0,0,0,0,-9.100000000000023,63720.299999999996
L56580,L,24.55000000000001,35.05000000000001,90.0,1465.0,41.3,18.0,0,0,0,0,0,0,-10.5,60504.49999999999
L48768,L,25.05000000000001,35.150000000000034,90.0,1688.0,32.0,11.0,0,0,0,0,0,0,-10.100000000000023,54016.0
L54148,L,27.75,38.05000000000001,90.0,1550.0,40.5,114.0,0,0,0,0,0,0,-10.300000000000011,62775.0
L48650,L,24.850000000000023,36.150000000000034,90.0,1542.0,36.0,39.0,0,0,0,0,0,0,-11.300000000000011,55512.0
L53818,L,28.55000000000001,37.35000000000002,90.0,1611.0,36.8,121.0,0,0,0,0,0,0,-8.800000000000011,59284.799999999996
H35511,H,27.850000000000023,37.75,90.0,1518.0,40.2,195.0,0,0,0,0,0,0,-9.899999999999977,61023.600000000006
M23194,M,25.55000000000001,36.650000000000034,90.0,1548.0,32.7,64.0,0,0,0,0,0,0,-11.100000000000023,50619.600000000006
M17290,M,25.950000000000045,35.05000000000001,90.0,1450.0,44.7,139.0,0,0,0,0,0,0,-9.099999999999966,64815.00000000001
M20446,M,29.25,38.650000000000034,90.0,1451.0,43.4,49.0,0,0,0,0,0,0,-9.400000000000034,62973.4
L54330,L,27.25,36.650000000000034,90.0,1772.0,26.5,169.0,0,0,0,0,0,0,-9.400000000000034,46958.0
L55754,L,24.450000000000045,35.150000000000034,90.0,1490.0,41.3,114.0,0,0,0,0,0,0,-10.699999999999989,61536.99999999999
L47850,L,24.450000000000045,35.85000000000002,90.0,1528.0,39.2,202.0,0,0,0,0,0,0,-11.399999999999977,59897.600000000006
H31107,H,24.850000000000023,34.75,90.0,1683.0,27.7,26.0,0,0,0,0,0,0,-9.899999999999977,46619.1
M20840,M,27.450000000000045,37.55000000000001,90.0,1642.0,28.0,180.0,0,0,0,0,0,0,-10.099999999999966,45976.0
L54998,L,26.650000000000034,38.05000000000001,90.0,1510.0,36.6,144.0,0,0,0,0,0,0,-11.399999999999977,55266.0
L47894,L,24.25,35.55000000000001,90.0,1450.0,45.8,119.0,0,0,0,0,0,0,-11.300000000000011,66410.0
L47558,L,24.350000000000023,35.25,90.0,1523.0,37.9,121.0,0,0,0,0,0,0,-10.899999999999977,57721.7
L56687,L,26.05000000000001,37.35000000000002,90.0,1629.0,33.6,32.0,0,0,0,0,0,0,-11.300000000000011,54734.4
L55671,L,25.350000000000023,36.450000000000045,90.0,1692.0,29.4,127.0,0,0,0,0,0,0,-11.100000000000023,49744.799999999996
M16308,M,25.850000000000023,37.150000000000034,90.0,1657.0,32.1,79.0,0,0,0,0,0,0,-11.300000000000011,53189.700000000004
L52911,L,29.150000000000034,38.55000000000001,90.0,1426.0,50.5,204.0,0,0,0,0,0,0,-9.399999999999977,72013.0
L51585,L,29.25,37.05000000000001,90.0,1539.0,33.7,53.0,0,0,0,0,0,0,-7.800000000000011,51864.3
L48943,L,25.150000000000034,34.450000000000045,90.0,1385.0,45.8,57.0,0,0,0,0,0,0,-9.300000000000011,63432.99999999999
L49295,L,26.350000000000023,36.05000000000001,90.0,1388.0,48.1,86.0,0,0,0,0,0,0,-9.699999999999989,66762.8
L47688,L,24.350000000000023,36.150000000000034,90.0,1395.0,47.6,15.0,0,0,0,0,0,0,-11.800000000000011,66402.0
L51158,L,29.05000000000001,38.150000000000034,90.0,1518.0,37.8,87.0,0,0,0,0,0,0,-9.100000000000023,57380.399999999994
L57026,L,25.150000000000034,36.05000000000001,90.0,1339.0,58.8,35.0,0,0,0,0,0,0,-10.899999999999977,78733.2
L53153,L,27.350000000000023,37.55000000000001,90.0,1540.0,38.8,157.0,0,0,0,0,0,0,-10.199999999999989,59751.99999999999
L49040,L,24.650000000000034,34.25,90.0,1414.0,30.3,60.0,0,0,0,0,0,0,-9.599999999999966,42844.200000000004
L50928,L,29.25,37.950000000000045,90.0,1469.0,39.0,137.0,0,0,0,0,0,0,-8.700000000000045,57291.0
L53697,L,27.950000000000045,36.85000000000002,90.0,1511.0,38.1,26.0,0,0,0,0,0,0,-8.899999999999977,57569.1
L53250,L,27.75,37.75,90.0,1466.0,46.0,183.0,0,0,0,0,0,0,-10.0,67436.0
M15332,M,24.25,35.85000000000002,90.0,1463.0,36.6,132.0,0,0,0,0,0,0,-11.600000000000023,53545.8
L51410,L,29.05000000000001,37.650000000000034,90.0,1608.0,33.3,27.0,0,0,0,0,0,0,-8.600000000000023,53546.399999999994
H38469,H,24.150000000000034,34.85000000000002,90.0,1408.0,47.9,51.0,0,0,0,0,0,0,-10.699999999999989,67443.2
L53153,L,27.350000000000023,37.650000000000034,90.0,1422.0,46.0,157.0,0,0,0,0,0,0,-10.300000000000011,65412.0
L51124,L,29.350000000000023,38.25,90.0,1590.0,32.8,2.0,0,0,0,0,0,0,-8.899999999999977,52151.99999999999
L56635,L,24.950000000000045,36.05000000000001,90.0,1357.0,52.2,114.0,0,0,0,0,0,0,-11.099999999999966,70835.40000000001
L48988,L,24.950000000000045,34.55000000000001,90.0,1478.0,38.1,125.0,0,0,0,0,0,0,-9.599999999999966,56311.8
L48010,L,23.450000000000045,34.25,90.0,1631.0,35.0,68.0,0,0,0,0,0,0,-10.799999999999955,57085.0
L48514,L,25.75,36.950000000000045,90.0,1546.0,33.5,197.0,0,0,0,0,0,0,-11.200000000000045,51791.0
L48935,L,24.950000000000045,34.85000000000002,90.0,1614.0,36.8,33.0,0,0,0,0,0,0,-9.899999999999977,59395.2
L50459,L,28.05000000000001,36.75,90.0,1331.0,61.0,12.0,0,0,0,0,0,0,-8.699999999999989,81191.0
M18362,M,28.55000000000001,37.450000000000045,90.0,1751.0,28.8,106.0,0,0,0,0,0,0,-8.900000000000034,50428.8
M23912,M,24.25,35.25,90.0,1439.0,43.9,81.0,0,0,0,0,0,0,-11.0,63172.1
L51642,L,29.55000000000001,37.35000000000002,90.0,1446.0,46.8,13.0,0,0,0,0,0,0,-7.800000000000011,67672.8
L49329,L,26.25,35.85000000000002,90.0,1413.0,53.4,154.0,0,0,0,0,0,0,-9.600000000000023,75454.2
L50913,L,29.150000000000034,37.950000000000045,90.0,1470.0,39.7,97.0,0,0,0,0,0,0,-8.800000000000011,58359.00000000001
M23689,M,24.150000000000034,35.55000000000001,90.0,1578.0,32.7,17.0,0,0,0,0,0,0,-11.399999999999977,51600.600000000006
L53531,L,26.850000000000023,36.85000000000002,90.0,1566.0,35.5,25.0,0,0,0,0,0,0,-10.0,55593.0
H34989,H,29.25,38.85000000000002,90.0,1477.0,31.4,180.0,0,0,0,0,0,0,-9.600000000000023,46377.799999999996
L56124,L,24.25,35.25,90.0,1459.0,41.0,37.0,0,0,0,0,0,0,-11.0,59819.0
M17036,M,26.450000000000045,35.950000000000045,90.0,1516.0,36.2,22.0,0,0,0,0,0,0,-9.5,54879.200000000004
L53487,L,27.950000000000045,37.150000000000034,90.0,1435.0,39.6,65.0,0,0,0,0,0,0,-9.199999999999989,56826.0
L52140,L,30.75,39.55000000000001,90.0,1525.0,42.4,85.0,0,0,0,0,0,0,-8.800000000000011,64660.0
L47894,L,24.25,35.450000000000045,90.0,1472.0,46.5,116.0,0,0,0,0,0,0,-11.200000000000045,68448.0
L56621,L,24.950000000000045,35.650000000000034,90.0,1432.0,43.4,59.0,0,0,0,0,0,0,-10.699999999999989,62148.799999999996
L54215,L,27.450000000000045,37.450000000000045,90.0,1658.0,30.7,7.0,0,0,0,0,0,0,-10.0,50900.6
L49957,L,26.950000000000045,36.35000000000002,90.0,1511.0,34.3,30.0,0,0,0,0,0,0,-9.399999999999977,51827.299999999996
L56298,L,24.450000000000045,35.450000000000045,90.0,1456.0,42.1,150.0,0,0,0,0,0,0,-11.0,61297.6
L53030,L,28.25,37.950000000000045,90.0,1560.0,35.3,55.0,0,0,0,0,0,0,-9.700000000000045,55067.99999999999
L55386,L,26.150000000000034,37.55000000000001,90.0,1491.0,40.2,29.0,0,0,0,0,0,0,-11.399999999999977,59938.200000000004
L48779,L,24.75,34.85000000000002,90.0,1638.0,29.6,74.0,0,0,0,0,0,0,-10.100000000000023,48484.8
L55275,L,27.05000000000001,38.55000000000001,90.0,1462.0,47.6,167.0,0,0,0,0,0,0,-11.5,69591.2
L49553,L,26.05000000000001,35.25,90.0,1413.0,60.5,96.0,0,0,0,0,0,0,-9.199999999999989,85486.5
M24511,M,25.850000000000023,37.05000000000001,90.0,1453.0,36.0,19.0,0,0,0,0,0,0,-11.199999999999989,52308.0
L50443,L,28.150000000000034,36.85000000000002,90.0,1543.0,54.8,186.0,0,0,0,0,0,0,-8.699999999999989,84556.4
L53128,L,27.350000000000023,37.650000000000034,90.0,1454.0,51.5,95.0,0,0,0,0,0,0,-10.300000000000011,74881.0
H31691,H,26.150000000000034,35.450000000000045,90.0,1488.0,40.5,0.0,0,0,0,0,0,0,-9.300000000000011,60264.0
M17338,M,25.650000000000034,35.450000000000045,90.0,1524.0,41.6,73.0,0,0,0,0,0,0,-9.800000000000011,63398.4
L50608,L,28.450000000000045,37.450000000000045,90.0,1459.0,37.4,148.0,0,0,0,0,0,0,-9.0,54566.6
L54854,L,27.350000000000023,38.35000000000002,90.0,1557.0,35.5,191.0,0,0,0,0,0,0,-11.0,55273.5
L56364,L,24.850000000000023,36.05000000000001,90.0,1368.0,46.6,22.0,0,0,0,0,0,0,-11.199999999999989,63748.8
H34220,H,30.450000000000045,39.35000000000002,90.0,1713.0,26.5,186.0,0,0,0,0,0,0,-8.899999999999977,45394.5
L55334,L,26.350000000000023,37.75,90.0,1378.0,52.9,196.0,0,0,0,0,0,0,-11.399999999999977,72896.2
L54691,L,27.25,38.650000000000034,90.0,1601.0,36.1,155.0,0,0,0,0,0,0,-11.400000000000034,57796.100000000006
L50930,L,29.150000000000034,37.950000000000045,90.0,1400.0,47.5,141.0,0,0,0,0,0,0,-8.800000000000011,66500.0
L55930,L,24.150000000000034,35.450000000000045,90.0,1764.0,30.0,72.0,0,0,0,0,0,0,-11.300000000000011,52920.0
M16657,M,24.950000000000045,34.650000000000034,90.0,1514.0,28.2,76.0,0,0,0,0,0,0,-9.699999999999989,42694.799999999996
L54812,L,27.350000000000023,38.450000000000045,90.0,1744.0,38.9,94.0,0,0,0,0,0,0,-11.100000000000023,67841.59999999999
H33674,H,29.450000000000045,37.950000000000045,90.0,1418.0,43.4,2.0,0,0,0,0,0,0,-8.5,61541.2
L56192,L,24.05000000000001,34.85000000000002,90.0,1605.0,35.0,54.0,0,0,0,0,0,0,-10.800000000000011,56175.0
L47203,L,25.850000000000023,36.25,90.0,1388.0,49.2,68.0,0,0,0,0,0,0,-10.399999999999977,68289.6
L56294,L,24.450000000000045,35.55000000000001,90.0,1492.0,44.0,44.0,0,0,0,0,0,0,-11.099999999999966,65648.0
L50005,L,27.150000000000034,36.25,90.0,1417.0,49.9,102.0,0,0,0,0,0,0,-9.099999999999966,70708.3
M19907,M,30.950000000000045,40.150000000000034,90.0,1526.0,42.5,158.0,0,0,0,0,0,0,-9.199999999999989,64855.0
L47432,L,24.850000000000023,35.05000000000001,90.0,1446.0,40.8,5.0,0,0,0,0,0,0,-10.199999999999989,58996.799999999996
L53109,L,27.150000000000034,37.05000000000001,90.0,1463.0,51.0,43.0,0,0,0,0,0,0,-9.899999999999977,74613.0
M21028,M,27.850000000000023,37.55000000000001,90.0,1314.0,53.9,215.0,0,0,0,0,0,0,-9.699999999999989,70824.59999999999
M17596,M,26.55000000000001,35.950000000000045,90.0,1477.0,41.2,149.0,0,0,0,0,0,0,-9.400000000000034,60852.4
L54735,L,27.150000000000034,38.150000000000034,90.0,1596.0,37.2,28.0,0,0,0,0,0,0,-11.0,59371.200000000004
L50224,L,27.05000000000001,36.25,90.0,1288.0,49.7,44.0,0,0,0,0,0,0,-9.199999999999989,64013.600000000006
L48520,L,25.450000000000045,37.05000000000001,90.0,1434.0,47.3,10.0,0,0,0,0,0,0,-11.599999999999966,67828.2
M18004,M,27.450000000000045,36.85000000000002,90.0,1478.0,43.7,95.0,0,0,0,0,0,0,-9.399999999999977,64588.600000000006
H36507,H,27.55000000000001,37.150000000000034,90.0,1430.0,50.7,12.0,0,0,0,0,0,0,-9.600000000000023,72501.0
M20528,M,29.150000000000034,38.25,90.0,1521.0,38.1,33.0,0,0,0,0,0,0,-9.099999999999966,57950.1
L55336,L,26.450000000000045,37.650000000000034,90.0,1536.0,40.9,110.0,0,0,0,0,0,0,-11.199999999999989,62822.399999999994
L48890,L,25.05000000000001,34.75,90.0,1751.0,27.6,171.0,0,0,0,0,0,0,-9.699999999999989,48327.600000000006
L51029,L,29.05000000000001,37.85000000000002,90.0,1510.0,37.8,180.0,0,0,0,0,0,0,-8.800000000000011,57077.99999999999
L51561,L,28.75,36.650000000000034,90.0,1642.0,32.6,127.0,0,0,0,0,0,0,-7.900000000000034,53529.200000000004
L56161,L,23.850000000000023,34.55000000000001,90.0,1374.0,50.5,126.0,0,0,0,0,0,0,-10.699999999999989,69387.0
L53083,L,27.55000000000001,37.35000000000002,90.0,1457.0,46.9,186.0,0,0,0,0,0,0,-9.800000000000011,68333.3
L48527,L,25.450000000000045,37.05000000000001,90.0,1679.0,32.7,24.0,0,0,0,0,0,0,-11.599999999999966,54903.3
L55970,L,24.25,35.35000000000002,90.0,1618.0,29.5,176.0,0,0,0,0,0,0,-11.100000000000023,47731.0
L50648,L,28.650000000000034,37.55000000000001,90.0,1348.0,51.4,173.0,0,0,0,0,0,0,-8.899999999999977,69287.2
L55962,L,24.350000000000023,35.55000000000001,90.0,1602.0,39.8,27.0,0,0,0,0,0,0,-11.199999999999989,63759.6
M22388,M,26.950000000000045,38.450000000000045,90.0,1398.0,51.5,63.0,0,0,0,0,0,0,-11.5,71997.0
M23445,M,24.25,34.75,90.0,1377.0,48.5,139.0,0,0,0,0,0,0,-10.5,66784.5
M23708,M,24.350000000000023,35.75,90.0,1453.0,44.8,64.0,0,0,0,0,0,0,-11.399999999999977,65094.399999999994
L53446,L,27.650000000000034,37.25,90.0,1524.0,46.8,204.0,0,0,0,0,0,0,-9.599999999999966,71323.2
L53292,L,27.650000000000034,37.450000000000045,90.0,1820.0,22.0,74.0,0,0,0,0,0,0,-9.800000000000011,40040.0
L56125,L,24.25,35.25,90.0,1399.0,49.9,162.0,0,0,0,0,0,0,-11.0,69810.09999999999
L55424,L,25.850000000000023,37.25,90.0,1512.0,38.4,109.0,0,0,0,0,0,0,-11.399999999999977,58060.799999999996
L53489,L,27.75,37.05000000000001,90.0,1441.0,44.3,131.0,0,0,0,0,0,0,-9.300000000000011,63836.299999999996
M22055,M,26.950000000000045,36.950000000000045,90.0,1657.0,28.2,61.0,0,0,0,0,0,0,-10.0,46727.4
L48607,L,25.55000000000001,36.55000000000001,90.0,1439.0,45.3,4.0,0,0,0,0,0,0,-11.0,65186.7
M17642,M,27.25,36.05000000000001,90.0,1491.0,41.8,41.0,0,0,0,0,0,0,-8.800000000000011,62323.799999999996
M15206,M,24.450000000000045,35.150000000000034,90.0,1459.0,40.2,104.0,0,0,0,0,0,0,-10.699999999999989,58651.8
L53389,L,27.850000000000023,37.650000000000034,90.0,1486.0,39.8,66.0,0,0,0,0,0,0,-9.800000000000011,59142.799999999996
L55304,L,27.05000000000001,38.25,90.0,1627.0,31.4,2.0,0,0,0,0,0,0,-11.199999999999989,51087.799999999996
M18655,M,28.950000000000045,37.650000000000034,90.0,1739.0,27.1,39.0,0,0,0,0,0,0,-8.699999999999989,47126.9
M15538,M,24.650000000000034,36.05000000000001,90.0,1638.0,36.2,12.0,0,0,0,0,0,0,-11.399999999999977,59295.600000000006
M16843,M,24.850000000000023,34.450000000000045,90.0,1403.0,44.4,130.0,0,0,0,0,0,0,-9.600000000000023,62293.2
L49407,L,26.25,35.650000000000034,90.0,1448.0,20.4,164.0,0,0,0,0,0,0,-9.400000000000034,29539.199999999997
L57126,L,25.25,34.75,90.0,1502.0,37.6,103.0,0,0,0,0,0,0,-9.5,56475.200000000004
L49613,L,25.75,35.450000000000045,90.0,1367.0,51.4,0.0,0,0,0,0,0,0,-9.700000000000045,70263.8
L48409,L,23.950000000000045,35.25,90.0,1585.0,31.4,153.0,0,0,0,0,0,0,-11.299999999999955,49769.0
L54877,L,27.350000000000023,38.25,90.0,1628.0,34.2,29.0,0,0,0,0,0,0,-10.899999999999977,55677.600000000006
M21431,M,28.150000000000034,37.55000000000001,90.0,1395.0,53.4,197.0,0,0,0,0,0,0,-9.399999999999977,74493.0
L50548,L,28.350000000000023,37.650000000000034,90.0,1724.0,28.6,13.0,0,0,0,0,0,0,-9.300000000000011,49306.4
H31674,H,26.55000000000001,35.150000000000034,90.0,1424.0,41.6,28.0,0,0,0,0,0,0,-8.600000000000023,59238.4
H37108,H,27.05000000000001,38.55000000000001,90.0,1511.0,35.8,82.0,0,0,0,0,0,0,-11.5,54093.799999999996
M23073,M,26.05000000000001,37.35000000000002,90.0,1530.0,40.9,159.0,0,0,0,0,0,0,-11.300000000000011,62577.0
L55439,L,25.850000000000023,37.25,90.0,1517.0,44.4,174.0,0,0,0,0,0,0,-11.399999999999977,67354.8
M21456,M,28.350000000000023,37.55000000000001,90.0,1454.0,31.1,17.0,0,0,0,0,0,0,-9.199999999999989,45219.4
L55532,L,25.450000000000045,36.450000000000045,90.0,1487.0,46.5,153.0,0,0,0,0,0,0,-11.0,69145.5
L51279,L,28.850000000000023,37.35000000000002,90.0,1464.0,47.2,78.0,0,0,0,0,0,0,-8.5,69100.8
L47281,L,25.650000000000034,35.650000000000034,90.0,1497.0,37.7,71.0,0,0,0,0,0,0,-10.0,56436.9
L48520,L,25.450000000000045,37.05000000000001,90.0,1479.0,36.3,10.0,0,0,0,0,0,0,-11.599999999999966,53687.7
L51329,L,28.75,37.25,90.0,1603.0,37.6,0.0,0,0,0,0,0,0,-8.5,60272.8
M18453,M,28.450000000000045,37.25,90.0,1410.0,44.5,169.0,0,0,0,0,0,0,-8.799999999999955,62745.0
L52887,L,29.25,38.650000000000034,90.0,1471.0,51.1,156.0,0,0,0,0,0,0,-9.400000000000034,75168.1
M16178,M,25.850000000000023,37.150000000000034,90.0,1482.0,33.3,177.0,0,0,0,0,0,0,-11.300000000000011,49350.6
L55902,L,24.150000000000034,35.450000000000045,90.0,1561.0,34.6,74.0,0,0,0,0,0,0,-11.300000000000011,54010.600000000006
L48643,L,25.55000000000001,36.650000000000034,90.0,1375.0,39.5,158.0,0,0,0,0,0,0,-11.100000000000023,54312.5
L54274,L,27.450000000000045,37.05000000000001,90.0,1384.0,44.9,18.0,0,0,0,0,0,0,-9.599999999999966,62141.6
M21405,M,28.25,37.35000000000002,90.0,1565.0,35.9,105.0,0,0,0,0,0,0,-9.100000000000023,56183.5
L54979,L,27.05000000000001,38.35000000000002,90.0,1418.0,55.0,96.0,0,0,0,0,0,0,-11.300000000000011,77990.0
H29891,H,24.850000000000023,36.25,90.0,1462.0,41.4,156.0,0,0,0,0,0,0,-11.399999999999977,60526.799999999996
L56218,L,24.150000000000034,35.150000000000034,90.0,1487.0,46.1,49.0,0,0,0,0,0,0,-11.0,68550.7
L55166,L,27.850000000000023,39.150000000000034,90.0,1570.0,34.1,115.0,0,0,0,0,0,0,-11.300000000000011,53537.0
M17686,M,27.150000000000034,36.150000000000034,90.0,1504.0,40.8,150.0,0,0,0,0,0,0,-9.0,61363.2
L48072,L,22.55000000000001,33.650000000000034,90.0,1343.0,54.4,119.0,0,0,0,0,0,0,-11.100000000000023,73059.2
M18367,M,28.650000000000034,37.650000000000034,90.0,1306.0,54.2,157.0,0,0,0,0,0,0,-9.0,70785.2
M22219,M,26.650000000000034,37.25,90.0,1428.0,50.5,104.0,0,0,0,0,0,0,-10.599999999999966,72114.0
L50591,L,28.150000000000034,37.35000000000002,90.0,1419.0,55.7,125.0,0,0,0,0,0,0,-9.199999999999989,79038.3
L54820,L,27.25,38.25,90.0,1701.0,27.8,20.0,0,0,0,0,0,0,-11.0,47287.8
L47492,L,24.75,35.450000000000045,90.0,1442.0,40.1,168.0,0,0,0,0,0,0,-10.700000000000045,57824.200000000004
M19782,M,30.350000000000023,38.650000000000034,90.0,1565.0,38.9,180.0,0,0,0,0,0,0,-8.300000000000011,60878.5
H30926,H,25.05000000000001,35.85000000000002,90.0,1398.0,54.7,142.0,0,0,0,0,0,0,-10.800000000000011,76470.6
M15456,M,24.450000000000045,36.450000000000045,90.0,1530.0,43.2,64.0,0,0,0,0,0,0,-12.0,66096.0
L55040,L,27.350000000000023,38.85000000000002,90.0,1541.0,36.4,27.0,0,0,0,0,0,0,-11.5,56092.399999999994
M21926,M,27.450000000000045,37.25,90.0,1650.0,29.3,146.0,0,0,0,0,0,0,-9.799999999999955,48345.0
M19815,M,30.650000000000034,39.35000000000002,90.0,1809.0,25.0,143.0,0,0,0,0,0,0,-8.699999999999989,45225.0
M15547,M,24.55000000000001,35.85000000000002,90.0,1376.0,43.5,36.0,0,0,0,0,0,0,-11.300000000000011,59856.0
M23105,M,25.850000000000023,37.25,90.0,1483.0,50.7,95.0,0,0,0,0,0,0,-11.399999999999977,75188.1
H31412,H,27.350000000000023,36.650000000000034,90.0,1364.0,46.4,140.0,0,0,0,0,0,0,-9.300000000000011,63289.6
L56781,L,25.850000000000023,36.950000000000045,90.0,1290.0,58.1,59.0,0,0,0,0,0,0,-11.100000000000023,74949.0
M23954,M,24.150000000000034,34.950000000000045,90.0,1568.0,35.8,199.0,0,0,0,0,0,0,-10.800000000000011,56134.399999999994
M17481,M,26.350000000000023,36.150000000000034,90.0,1363.0,53.1,9.0,0,0,0,0,0,0,-9.800000000000011,72375.3
L56255,L,24.150000000000034,34.950000000000045,90.0,1506.0,44.0,150.0,0,0,0,0,0,0,-10.800000000000011,66264.0
L50146,L,27.450000000000045,36.150000000000034,90.0,1601.0,32.7,69.0,0,0,0,0,0,0,-8.699999999999989,52352.700000000004
H33239,H,29.05000000000001,37.650000000000034,90.0,1657.0,32.9,117.0,0,0,0,0,0,0,-8.600000000000023,54515.299999999996
M17848,M,27.450000000000045,36.35000000000002,90.0,1667.0,30.6,173.0,0,0,0,0,0,0,-8.899999999999977,51010.200000000004
M18423,M,28.55000000000001,37.450000000000045,90.0,1421.0,52.3,86.0,0,0,0,0,0,0,-8.900000000000034,74318.3
L56319,L,24.350000000000023,35.450000000000045,90.0,1456.0,48.0,106.0,0,0,0,0,0,0,-11.100000000000023,69888.0
L52338,L,30.950000000000045,40.150000000000034,90.0,1459.0,42.8,0.0,0,0,0,0,0,0,-9.199999999999989,62445.2
H36801,H,27.150000000000034,38.55000000000001,90.0,1449.0,43.8,147.0,0,0,0,0,0,0,-11.399999999999977,63466.2
M19816,M,30.450000000000045,39.650000000000034,90.0,1442.0,46.9,181.0,0,0,0,0,0,0,-9.199999999999989,67629.8
M23254,M,25.450000000000045,36.35000000000002,90.0,1368.0,48.2,119.0,0,0,0,0,0,0,-10.899999999999977,65937.6
L53258,L,27.75,37.650000000000034,90.0,1461.0,42.5,209.0,0,0,0,0,0,0,-9.900000000000034,62092.5
L53258,L,27.55000000000001,37.55000000000001,90.0,1339.0,51.1,209.0,0,0,0,0,0,0,-10.0,68422.90000000001
L54861,L,27.05000000000001,38.55000000000001,90.0,1445.0,43.5,74.0,0,0,0,0,0,0,-11.5,62857.5
L54206,L,27.55000000000001,37.450000000000045,90.0,1454.0,46.2,67.0,0,0,0,0,0,0,-9.900000000000034,67174.8
L48983,L,24.950000000000045,34.55000000000001,90.0,1609.0,40.3,109.0,0,0,0,0,0,0,-9.599999999999966,64842.7
L53071,L,28.350000000000023,37.950000000000045,90.0,1474.0,36.1,157.0,0,0,0,0,0,0,-9.600000000000023,53211.4
L49180,L,25.25,34.85000000000002,90.0,1447.0,53.1,9.0,0,0,0,0,0,0,-9.600000000000023,76835.7
L51250,L,28.850000000000023,37.450000000000045,90.0,1608.0,28.8,142.0,0,0,0,0,0,0,-8.600000000000023,46310.4
L55962,L,24.350000000000023,35.55000000000001,90.0,1652.0,44.7,29.0,0,0,0,0,0,0,-11.199999999999989,73844.40000000001
L54137,L,27.55000000000001,37.950000000000045,90.0,1523.0,40.2,85.0,0,0,0,0,0,0,-10.400000000000034,61224.600000000006
H36507,H,27.450000000000045,37.05000000000001,90.0,1486.0,35.7,12.0,0,0,0,0,0,0,-9.599999999999966,53050.200000000004
L48384,L,23.75,34.85000000000002,90.0,1521.0,36.9,84.0,0,0,0,0,0,0,-11.100000000000023,56124.9
L53722,L,28.25,37.650000000000034,90.0,1353.0,52.9,123.0,0,0,0,0,0,0,-9.400000000000034,71573.7
M16796,M,23.450000000000045,34.25,90.0,1629.0,31.5,45.0,0,0,0,0,0,0,-10.799999999999955,51313.5
L56797,L,25.850000000000023,36.950000000000045,90.0,1708.0,33.8,102.0,0,0,0,0,0,0,-11.100000000000023,57730.399999999994
L51212,L,28.850000000000023,37.25,90.0,1547.0,36.8,124.0,0,0,0,0,0,0,-8.399999999999977,56929.6
L51913,L,30.150000000000034,38.450000000000045,90.0,1658.0,28.0,223.0,0,0,0,0,0,0,-8.300000000000011,46424.0
L54140,L,27.55000000000001,37.85000000000002,90.0,1415.0,54.1,105.0,0,0,0,0,0,0,-10.300000000000011,76551.5
L49082,L,24.850000000000023,34.450000000000045,90.0,1737.0,30.4,168.0,0,0,0,0,0,0,-9.600000000000023,52804.799999999996
L55374,L,26.25,37.75,90.0,1442.0,47.3,213.0,0,0,0,0,0,0,-11.5,68206.59999999999
L53062,L,28.25,37.950000000000045,90.0,1469.0,46.2,133.0,0,0,0,0,0,0,-9.700000000000045,67867.8
L50302,L,26.850000000000023,36.150000000000034,90.0,1665.0,30.9,0.0,0,0,0,0,0,0,-9.300000000000011,51448.5
L56302,L,24.25,35.25,90.0,1541.0,41.2,108.0,0,0,0,0,0,0,-11.0,63489.200000000004
M24051,M,24.75,35.85000000000002,90.0,1648.0,31.4,52.0,0,0,0,0,0,0,-11.100000000000023,51747.2
L56280,L,24.150000000000034,34.950000000000045,90.0,1554.0,53.5,7.0,0,0,0,0,0,0,-10.800000000000011,83139.0
L48849,L,24.75,34.650000000000034,90.0,1403.0,50.1,80.0,0,0,0,0,0,0,-9.900000000000034,70290.3
H31904,H,25.950000000000045,35.85000000000002,90.0,1557.0,31.5,88.0,0,0,0,0,0,0,-9.899999999999977,49045.5
L55540,L,25.55000000000001,36.450000000000045,90.0,1340.0,52.1,79.0,0,0,0,0,0,0,-10.900000000000034,69814.0
M21261,M,26.850000000000023,36.450000000000045,90.0,1458.0,48.0,87.0,0,0,0,0,0,0,-9.600000000000023,69984.0
L49218,L,25.850000000000023,35.55000000000001,90.0,1496.0,45.5,139.0,0,0,0,0,0,0,-9.699999999999989,68068.0
L54250,L,27.55000000000001,37.55000000000001,90.0,1480.0,41.7,176.0,0,0,0,0,0,0,-10.0,61716.00000000001
L50365,L,26.950000000000045,36.35000000000002,90.0,1685.0,27.1,203.0,0,0,0,0,0,0,-9.399999999999977,45663.5
L51119,L,29.25,38.450000000000045,90.0,1492.0,42.9,194.0,0,0,0,0,0,0,-9.200000000000045,64006.799999999996
L50459,L,28.05000000000001,36.75,90.0,1520.0,39.4,13.0,0,0,0,0,0,0,-8.699999999999989,59888.0
L49843,L,26.75,36.35000000000002,90.0,1590.0,42.1,196.0,0,0,0,0,0,0,-9.600000000000023,66939.0
L50794,L,28.650000000000034,37.85000000000002,90.0,1489.0,45.9,7.0,0,0,0,0,0,0,-9.199999999999989,68345.09999999999
L53939,L,28.55000000000001,37.650000000000034,90.0,1483.0,41.2,158.0,0,0,0,0,0,0,-9.100000000000023,61099.600000000006
L49003,L,24.950000000000045,34.55000000000001,90.0,1636.0,48.7,159.0,0,0,0,0,0,0,-9.599999999999966,79673.20000000001
L52651,L,29.55000000000001,39.150000000000034,90.0,1763.0,25.4,171.0,0,0,0,0,0,0,-9.600000000000023,44780.2
L54079,L,27.75,38.450000000000045,90.0,1374.0,40.7,125.0,0,0,0,0,0,0,-10.700000000000045,55921.8
L56893,L,25.650000000000034,36.85000000000002,90.0,1496.0,45.0,119.0,0,0,0,0,0,0,-11.199999999999989,67320.0
L56130,L,24.25,35.05000000000001,90.0,1530.0,38.3,197.0,0,0,0,0,0,0,-10.800000000000011,58598.99999999999
M16262,M,25.650000000000034,36.75,90.0,1496.0,41.6,28.0,0,0,0,0,0,0,-11.099999999999966,62233.6
L54820,L,27.25,38.25,90.0,1392.0,35.1,114.0,0,0,0,0,0,0,-11.0,48859.200000000004
L47528,L,24.25,35.450000000000045,90.0,1542.0,38.0,51.0,0,0,0,0,0,0,-11.200000000000045,58596.0
L49489,L,25.950000000000045,35.55000000000001,90.0,1441.0,47.5,0.0,0,0,0,0,0,0,-9.599999999999966,68447.5
M18906,M,28.75,37.75,90.0,1421.0,46.2,139.0,0,0,0,0,0,0,-9.0,65650.2
L54275,L,27.450000000000045,37.05000000000001,90.0,1493.0,45.9,16.0,0,0,0,0,0,0,-9.599999999999966,68528.7
L52878,L,29.350000000000023,38.75,90.0,1452.0,45.8,119.0,0,0,0,0,0,0,-9.399999999999977,66501.59999999999
H32287,H,27.55000000000001,36.35000000000002,90.0,1446.0,44.4,24.0,0,0,0,0,0,0,-8.800000000000011,64202.4
L56787,L,25.850000000000023,36.950000000000045,90.0,1571.0,39.4,78.0,0,0,0,0,0,0,-11.100000000000023,61897.399999999994
M22339,M,26.950000000000045,38.150000000000034,90.0,1475.0,45.1,135.0,0,0,0,0,0,0,-11.199999999999989,66522.5
L56307,L,24.25,35.35000000000002,90.0,1537.0,35.5,76.0,0,0,0,0,0,0,-11.100000000000023,54563.5
M23157,M,25.650000000000034,37.25,90.0,1595.0,33.1,34.0,0,0,0,0,0,0,-11.599999999999966,52794.5
L53257,L,27.75,37.75,90.0,1416.0,46.5,9.0,0,0,0,0,0,0,-10.0,65844.0
M17236,M,26.05000000000001,35.35000000000002,90.0,1524.0,39.8,59.0,0,0,0,0,0,0,-9.300000000000011,60655.2
L54687,L,27.350000000000023,38.75,90.0,1750.0,27.2,207.0,0,0,0,0,0,0,-11.399999999999977,47600.0
L55237,L,27.05000000000001,38.450000000000045,90.0,1402.0,47.2,67.0,0,0,0,0,0,0,-11.400000000000034,66174.40000000001
M21262,M,26.950000000000045,36.55000000000001,90.0,1510.0,36.4,165.0,0,0,0,0,0,0,-9.599999999999966,54964.0
L51545,L,28.850000000000023,36.85000000000002,90.0,1348.0,57.0,179.0,1,0,1,0,0,0,-8.0,76836.0
L55604,L,25.450000000000045,37.450000000000045,90.0,1569.0,36.2,2.0,0,0,0,0,0,0,-12.0,56797.8
M22501,M,27.25,38.25,90.0,1406.0,50.7,116.0,0,0,0,0,0,0,-11.0,71284.2
L49257,L,26.350000000000023,36.25,90.0,1484.0,39.0,158.0,0,0,0,0,0,0,-9.899999999999977,57876.0
L51625,L,29.25,37.150000000000034,90.0,1360.0,46.8,167.0,0,0,0,0,0,0,-7.900000000000034,63647.99999999999
L56411,L,24.850000000000023,35.55000000000001,90.0,1404.0,46.2,14.0,0,0,0,0,0,0,-10.699999999999989,64864.8
M23396,M,25.450000000000045,36.25,90.0,1354.0,43.2,44.0,0,0,0,0,0,0,-10.799999999999955,58492.8
H39148,H,25.75,36.950000000000045,90.0,1553.0,38.9,154.0,0,0,0,0,0,0,-11.200000000000045,60411.7
L47370,L,25.05000000000001,35.25,90.0,1382.0,49.9,72.0,0,0,0,0,0,0,-10.199999999999989,68961.8
M23555,M,24.05000000000001,35.650000000000034,90.0,1510.0,38.8,36.0,0,0,0,0,0,0,-11.600000000000023,58587.99999999999
H36895,H,27.05000000000001,38.450000000000045,90.0,1384.0,55.5,142.0,0,0,0,0,0,0,-11.400000000000034,76812.0
L57070,L,25.650000000000034,36.35000000000002,90.0,1645.0,31.4,157.0,0,0,0,0,0,0,-10.699999999999989,51653.0
L48961,L,25.150000000000034,34.85000000000002,90.0,1455.0,43.4,43.0,0,0,0,0,0,0,-9.699999999999989,63147.0
M18682,M,29.25,37.85000000000002,90.0,1464.0,50.1,98.0,0,0,0,0,0,0,-8.600000000000023,73346.40000000001
L55961,L,24.450000000000045,35.55000000000001,90.0,1484.0,42.0,27.0,0,0,0,0,0,0,-11.099999999999966,62328.0
L53148,L,27.25,37.650000000000034,90.0,1348.0,46.5,151.0,0,0,0,0,0,0,-10.400000000000034,62682.0
L54188,L,27.350000000000023,37.450000000000045,90.0,1368.0,49.6,98.0,0,0,0,0,0,0,-10.100000000000023,67852.8
L54641,L,27.150000000000034,38.450000000000045,90.0,1434.0,39.1,53.0,0,0,0,0,0,0,-11.300000000000011,56069.4
L53981,L,28.150000000000034,37.650000000000034,90.0,1567.0,39.2,5.0,0,0,0,0,0,0,-9.5,61426.4
H36666,H,27.450000000000045,37.35000000000002,90.0,1501.0,42.9,173.0,0,0,0,0,0,0,-9.899999999999977,64392.9
L55277,L,27.05000000000001,38.450000000000045,90.0,1375.0,55.0,172.0,0,0,0,0,0,0,-11.400000000000034,75625.0
L50039,L,27.450000000000045,36.25,90.0,1412.0,44.4,233.0,0,0,0,0,0,0,-8.799999999999955,62692.799999999996
L51882,L,30.350000000000023,38.450000000000045,90.0,1461.0,46.0,69.0,0,0,0,0,0,0,-8.100000000000023,67206.0
L48384,L,23.650000000000034,34.650000000000034,90.0,1694.0,33.0,115.0,0,0,0,0,0,0,-11.0,55902.0
L52153,L,30.55000000000001,39.55000000000001,90.0,1609.0,39.9,175.0,0,0,0,0,0,0,-9.0,64199.1
L53273,L,27.75,37.650000000000034,90.0,1662.0,28.5,20.0,0,0,0,0,0,0,-9.900000000000034,47367.0
L53135,L,27.55000000000001,37.650000000000034,90.0,1493.0,41.2,111.0,0,0,0,0,0,0,-10.100000000000023,61511.600000000006
L52638,L,29.950000000000045,39.450000000000045,90.0,1513.0,42.8,132.0,0,0,0,0,0,0,-9.5,64756.399999999994
L52645,L,29.75,39.25,90.0,1424.0,42.8,155.0,0,0,0,0,0,0,-9.5,60947.2
M15467,M,24.850000000000023,35.85000000000002,90.0,1486.0,40.4,40.0,0,0,0,0,0,0,-11.0,60034.4
M18236,M,28.350000000000023,37.650000000000034,90.0,1573.0,36.6,30.0,0,0,0,0,0,0,-9.300000000000011,57571.8
M17095,M,26.150000000000034,35.35000000000002,90.0,1459.0,46.6,97.0,0,0,0,0,0,0,-9.199999999999989,67989.40000000001
L48640,L,25.850000000000023,37.150000000000034,90.0,1511.0,38.9,204.0,0,0,0,0,0,0,-11.300000000000011,58777.9
L50334,L,27.25,36.650000000000034,90.0,1467.0,40.3,131.0,0,0,0,0,0,0,-9.400000000000034,59120.1
M17869,M,27.25,36.55000000000001,90.0,1421.0,43.2,184.0,0,0,0,0,0,0,-9.300000000000011,61387.200000000004
L49870,L,26.650000000000034,36.450000000000045,90.0,1423.0,39.1,166.0,0,0,0,0,0,0,-9.800000000000011,55639.3
L49900,L,26.75,36.150000000000034,90.0,1550.0,38.6,110.0,0,0,0,0,0,0,-9.400000000000034,59830.0
L53891,L,28.450000000000045,37.650000000000034,90.0,1316.0,48.1,9.0,0,0,0,0,0,0,-9.199999999999989,63299.6
L49864,L,26.650000000000034,36.35000000000002,90.0,1430.0,57.4,7.0,0,0,0,0,0,0,-9.699999999999989,82082.0
L56987,L,25.05000000000001,35.85000000000002,90.0,1386.0,62.0,145.0,0,0,0,0,0,0,-10.800000000000011,85932.0
L48328,L,23.950000000000045,34.85000000000002,90.0,1446.0,40.0,162.0,0,0,0,0,0,0,-10.899999999999977,57840.0
L50344,L,27.25,36.55000000000001,90.0,1442.0,43.2,154.0,0,0,0,0,0,0,-9.300000000000011,62294.4
L50096,L,27.450000000000045,36.450000000000045,90.0,1356.0,50.2,176.0,0,0,0,0,0,0,-9.0,68071.2
L55582,L,25.450000000000045,36.35000000000002,90.0,1365.0,52.4,113.0,0,0,0,0,0,0,-10.899999999999977,71526.0
L48215,L,23.55000000000001,34.25,90.0,1535.0,36.5,70.0,0,0,0,0,0,0,-10.699999999999989,56027.5
L56349,L,24.55000000000001,35.650000000000034,90.0,1529.0,32.5,186.0,0,0,0,0,0,0,-11.100000000000023,49692.5
L49494,L,26.05000000000001,35.650000000000034,90.0,1403.0,45.2,175.0,0,0,0,0,0,0,-9.600000000000023,63415.600000000006
L57025,L,25.150000000000034,36.05000000000001,90.0,1351.0,47.4,33.0,0,0,0,0,0,0,-10.899999999999977,64037.4
M17509,M,26.75,36.35000000000002,90.0,1459.0,38.2,160.0,0,0,0,0,0,0,-9.600000000000023,55733.8
L50755,L,28.55000000000001,37.450000000000045,90.0,1633.0,31.4,119.0,0,0,0,0,0,0,-8.900000000000034,51276.2
L51598,L,29.350000000000023,37.150000000000034,90.0,1542.0,38.1,135.0,0,0,0,0,0,0,-7.800000000000011,58750.200000000004
L49657,L,25.75,35.35000000000002,90.0,1564.0,36.0,154.0,0,0,0,0,0,0,-9.600000000000023,56304.0
L50301,L,27.450000000000045,36.25,90.0,1515.0,38.0,32.0,0,0,0,0,0,0,-8.799999999999955,57570.0
M17086,M,26.350000000000023,35.75,90.0,1457.0,42.0,166.0,0,0,0,0,0,0,-9.399999999999977,61194.0
M24143,M,25.150000000000034,36.150000000000034,90.0,1422.0,42.7,0.0,0,0,0,0,0,0,-11.0,60719.4
M23676,M,24.05000000000001,35.35000000000002,90.0,1364.0,45.8,17.0,0,0,0,0,0,0,-11.300000000000011,62471.2
L50208,L,27.350000000000023,36.35000000000002,90.0,1579.0,35.6,124.0,0,0,0,0,0,0,-9.0,56212.4
L56489,L,25.25,36.150000000000034,90.0,1562.0,37.6,137.0,0,0,0,0,0,0,-10.900000000000034,58731.200000000004
L50561,L,28.150000000000034,37.450000000000045,90.0,1560.0,33.7,156.0,0,0,0,0,0,0,-9.300000000000011,52572.00000000001
M16345,M,25.75,35.85000000000002,90.0,1583.0,32.2,125.0,0,0,0,0,0,0,-10.100000000000023,50972.600000000006
L53271,L,27.75,37.55000000000001,90.0,1489.0,38.5,0.0,0,0,0,0,0,0,-9.800000000000011,57326.5
M17426,M,26.150000000000034,35.85000000000002,90.0,1420.0,47.3,155.0,0,0,0,0,0,0,-9.699999999999989,67166.0
M21218,M,26.950000000000045,36.450000000000045,90.0,1520.0,43.0,41.0,0,0,0,0,0,0,-9.5,65360.0
H34786,H,30.650000000000034,39.450000000000045,90.0,1469.0,43.4,175.0,0,0,0,0,0,0,-8.800000000000011,63754.6
L50274,L,26.950000000000045,36.150000000000034,90.0,1511.0,38.0,175.0,0,0,0,0,0,0,-9.199999999999989,57418.0
L53904,L,28.150000000000034,37.450000000000045,90.0,1491.0,37.9,113.0,0,0,0,0,0,0,-9.300000000000011,56508.9
H34166,H,30.55000000000001,38.85000000000002,90.0,1471.0,40.2,78.0,0,0,0,0,0,0,-8.300000000000011,59134.200000000004
L47885,L,24.55000000000001,35.85000000000002,90.0,1563.0,38.2,94.0,0,0,0,0,0,0,-11.300000000000011,59706.600000000006
L51597,L,29.25,36.950000000000045,90.0,1620.0,37.8,192.0,0,0,0,0,0,0,-7.7000000000000455,61235.99999999999
L47221,L,25.650000000000034,35.950000000000045,90.0,1368.0,50.8,76.0,0,0,0,0,0,0,-10.300000000000011,69494.4
L52861,L,29.05000000000001,38.450000000000045,90.0,1597.0,36.9,71.0,0,0,0,0,0,0,-9.400000000000034,58929.299999999996
M24487,M,25.850000000000023,36.950000000000045,90.0,1589.0,32.8,126.0,0,0,0,0,0,0,-11.100000000000023,52119.2
M18347,M,28.450000000000045,37.650000000000034,90.0,1431.0,44.5,112.0,0,0,0,0,0,0,-9.199999999999989,63679.5
L56091,L,24.150000000000034,35.35000000000002,90.0,1664.0,29.6,176.0,0,0,0,0,0,0,-11.199999999999989,49254.4
L51252,L,28.75,37.55000000000001,90.0,1610.0,33.4,87.0,0,0,0,0,0,0,-8.800000000000011,53774.0
H37371,H,27.75,38.75,90.0,1555.0,32.2,43.0,0,0,0,0,0,0,-11.0,50071.00000000001
L51740,L,29.350000000000023,37.35000000000002,90.0,1451.0,43.8,15.0,0,0,0,0,0,0,-8.0,63553.799999999996
L53939,L,28.55000000000001,37.85000000000002,90.0,1445.0,43.6,204.0,0,0,0,0,0,0,-9.300000000000011,63002.0
H30459,H,24.950000000000045,34.35000000000002,90.0,1471.0,40.4,60.0,0,0,0,0,0,0,-9.399999999999977,59428.4
L50253,L,27.25,35.950000000000045,90.0,1362.0,55.6,0.0,0,0,0,0,0,0,-8.700000000000045,75727.2
L49077,L,24.650000000000034,34.25,90.0,1418.0,41.2,9.0,0,0,0,0,0,0,-9.599999999999966,58421.600000000006
L52740,L,29.25,38.75,90.0,1541.0,38.5,192.0,0,0,0,0,0,0,-9.5,59328.5
L54551,L,26.450000000000045,37.05000000000001,90.0,1450.0,44.0,79.0,0,0,0,0,0,0,-10.599999999999966,63800.0
L49089,L,24.850000000000023,34.55000000000001,90.0,1434.0,46.7,184.0,0,0,0,0,0,0,-9.699999999999989,66967.8
L49494,L,26.05000000000001,35.25,90.0,1633.0,32.8,155.0,0,0,0,0,0,0,-9.199999999999989,53562.399999999994
L53714,L,27.950000000000045,36.85000000000002,90.0,1426.0,42.9,158.0,0,0,0,0,0,0,-8.899999999999977,61175.4
L53963,L,28.150000000000034,37.650000000000034,90.0,1612.0,34.9,59.0,0,0,0,0,0,0,-9.5,56258.799999999996
L48033,L,23.150000000000034,34.150000000000034,90.0,1436.0,49.0,13.0,0,0,0,0,0,0,-11.0,70364.0
L49684,L,26.05000000000001,35.950000000000045,90.0,1611.0,30.6,2.0,0,0,0,0,0,0,-9.900000000000034,49296.600000000006
L51687,L,29.25,37.35000000000002,90.0,1709.0,27.5,100.0,0,0,0,0,0,0,-8.100000000000023,46997.5
L54183,L,27.350000000000023,37.450000000000045,90.0,1570.0,35.6,206.0,0,0,0,0,0,0,-10.100000000000023,55892.0
M23504,M,24.450000000000045,35.35000000000002,90.0,1447.0,44.9,85.0,0,0,0,0,0,0,-10.899999999999977,64970.299999999996
M20067,M,30.55000000000001,39.450000000000045,90.0,1405.0,52.7,163.0,0,0,0,0,0,0,-8.900000000000034,74043.5
L48028,L,23.25,34.450000000000045,90.0,1537.0,37.7,215.0,0,0,0,0,0,0,-11.200000000000045,57944.9
L54515,L,26.650000000000034,37.25,90.0,1465.0,44.8,199.0,0,0,0,0,0,0,-10.599999999999966,65632.0
L50031,L,27.150000000000034,36.05000000000001,90.0,1713.0,28.5,14.0,0,0,0,0,0,0,-8.899999999999977,48820.5
L47962,L,23.650000000000034,34.75,90.0,1698.0,30.8,0.0,0,0,0,0,0,0,-11.099999999999966,52298.4
L50705,L,28.650000000000034,37.75,90.0,1765.0,27.9,111.0,0,0,0,0,0,0,-9.099999999999966,49243.5
L53022,L,27.950000000000045,37.950000000000045,90.0,1615.0,35.9,37.0,0,0,0,0,0,0,-10.0,57978.5
L48345,L,23.950000000000045,34.950000000000045,90.0,1487.0,55.6,208.0,0,0,0,0,0,0,-11.0,82677.2
L49371,L,26.450000000000045,35.85000000000002,90.0,1567.0,36.0,158.0,0,0,0,0,0,0,-9.399999999999977,56412.0
L49908,L,26.55000000000001,36.05000000000001,90.0,1311.0,56.3,96.0,0,0,0,0,0,0,-9.5,73809.3
L48673,L,24.850000000000023,35.75,90.0,1503.0,38.8,129.0,0,0,0,0,0,0,-10.899999999999977,58316.399999999994
M17003,M,26.150000000000034,35.650000000000034,90.0,1801.0,24.4,98.0,0,0,0,0,0,0,-9.5,43944.399999999994
H35301,H,28.450000000000045,37.85000000000002,90.0,1711.0,26.6,144.0,0,0,0,0,0,0,-9.399999999999977,45512.600000000006
H30148,H,24.25,35.25,90.0,1305.0,45.7,168.0,0,0,0,0,0,0,-11.0,59638.50000000001
L49489,L,25.850000000000023,35.450000000000045,90.0,1474.0,46.5,161.0,0,0,0,0,0,0,-9.600000000000023,68541.0
L50216,L,27.450000000000045,36.450000000000045,90.0,1490.0,40.1,87.0,0,0,0,0,0,0,-9.0,59749.0
L49733,L,26.150000000000034,35.950000000000045,90.0,1528.0,40.3,125.0,0,0,0,0,0,0,-9.800000000000011,61578.399999999994
L49573,L,25.950000000000045,35.25,90.0,1487.0,36.1,146.0,0,0,0,0,0,0,-9.299999999999955,53680.700000000004
L54363,L,27.05000000000001,37.150000000000034,90.0,1426.0,50.9,101.0,0,0,0,0,0,0,-10.100000000000023,72583.4
L49604,L,25.650000000000034,35.05000000000001,90.0,1355.0,53.8,165.0,0,0,0,0,0,0,-9.399999999999977,72899.0
L53014,L,28.150000000000034,38.150000000000034,90.0,1433.0,44.3,16.0,0,0,0,0,0,0,-10.0,63481.899999999994
L47591,L,24.350000000000023,35.450000000000045,90.0,1449.0,44.9,201.0,0,0,0,0,0,0,-11.100000000000023,65060.1
L49211,L,25.650000000000034,36.05000000000001,90.0,1331.0,62.8,81.0,0,0,0,0,0,0,-10.399999999999977,83586.8
L51182,L,28.850000000000023,38.05000000000001,90.0,1454.0,59.2,18.0,0,0,0,0,0,0,-9.199999999999989,86076.8
L49252,L,26.450000000000045,36.35000000000002,90.0,1691.0,30.7,124.0,0,0,0,0,0,0,-9.899999999999977,51913.7
L53887,L,28.150000000000034,37.450000000000045,90.0,1556.0,39.9,83.0,0,0,0,0,0,0,-9.300000000000011,62084.399999999994
L51342,L,28.850000000000023,37.35000000000002,90.0,1445.0,45.3,15.0,0,0,0,0,0,0,-8.5,65458.49999999999
L48770,L,25.05000000000001,35.75,90.0,1289.0,54.7,207.0,0,0,0,0,0,0,-10.699999999999989,70508.3
L49855,L,26.650000000000034,36.150000000000034,90.0,1544.0,40.1,6.0,0,0,0,0,0,0,-9.5,61914.4
L48076,L,22.450000000000045,32.950000000000045,90.0,1573.0,35.1,129.0,0,0,0,0,0,0,-10.5,55212.3
L51994,L,30.25,39.35000000000002,90.0,1483.0,42.6,203.0,0,0,0,0,0,0,-9.100000000000023,63175.8
L49810,L,26.75,36.35000000000002,90.0,1390.0,57.4,105.0,0,0,0,0,0,0,-9.600000000000023,79786.0
L55627,L,25.25,36.75,90.0,1565.0,36.6,121.0,0,0,0,0,0,0,-11.5,57279.0
L56472,L,24.950000000000045,35.650000000000034,90.0,1452.0,37.5,37.0,0,0,0,0,0,0,-10.699999999999989,54450.0
M24051,M,24.75,35.85000000000002,90.0,1602.0,37.9,37.0,0,0,0,0,0,0,-11.100000000000023,60715.799999999996
L50041,L,27.450000000000045,36.05000000000001,90.0,1470.0,43.6,240.0,0,0,0,0,0,0,-8.599999999999966,64092.0
L53668,L,27.55000000000001,36.650000000000034,90.0,1540.0,43.2,98.0,0,0,0,0,0,0,-9.100000000000023,66528.0
M16563,M,24.950000000000045,34.650000000000034,90.0,1636.0,36.7,119.0,0,0,0,0,0,0,-9.699999999999989,60041.200000000004
L49473,L,26.25,35.75,90.0,1520.0,44.7,122.0,0,0,0,0,0,0,-9.5,67944.0
L50285,L,26.650000000000034,35.950000000000045,90.0,1415.0,44.3,205.0,0,0,0,0,0,0,-9.300000000000011,62684.49999999999
L50907,L,29.25,38.05000000000001,90.0,1435.0,44.9,81.0,0,0,0,0,0,0,-8.800000000000011,64431.5
L55980,L,24.150000000000034,35.35000000000002,90.0,1595.0,32.7,69.0,0,0,0,0,0,0,-11.199999999999989,52156.50000000001
L52955,L,28.450000000000045,37.85000000000002,90.0,1616.0,33.2,144.0,0,0,0,0,0,0,-9.399999999999977,53651.200000000004
M21455,M,28.350000000000023,37.55000000000001,90.0,1460.0,38.0,14.0,0,0,0,0,0,0,-9.199999999999989,55480.0
H31056,H,24.850000000000023,34.650000000000034,90.0,1702.0,26.0,114.0,0,0,0,0,0,0,-9.800000000000011,44252.0
L47878,L,24.350000000000023,35.75,90.0,1551.0,40.6,72.0,0,0,0,0,0,0,-11.399999999999977,62970.600000000006
M20589,M,29.150000000000034,38.650000000000034,90.0,1424.0,46.4,195.0,0,0,0,0,0,0,-9.5,66073.59999999999
M17748,M,27.450000000000045,36.35000000000002,90.0,1523.0,40.0,74.0,0,0,0,0,0,0,-8.899999999999977,60920.0
L56352,L,24.55000000000001,35.450000000000045,90.0,1472.0,40.6,193.0,0,0,0,0,0,0,-10.900000000000034,59763.200000000004
L56478,L,25.05000000000001,35.75,90.0,1654.0,30.2,108.0,0,0,0,0,0,0,-10.699999999999989,49950.799999999996
L55797,L,24.350000000000023,35.35000000000002,90.0,1388.0,46.0,74.0,0,0,0,0,0,0,-11.0,63848.0
H33913,H,29.450000000000045,37.25,90.0,1417.0,41.3,79.0,0,0,0,0,0,0,-7.7999999999999545,58522.1
L51399,L,28.75,37.55000000000001,90.0,1578.0,41.8,22.0,0,0,0,0,0,0,-8.800000000000011,65960.4
L51343,L,28.950000000000045,37.35000000000002,90.0,1459.0,30.9,107.0,0,0,0,0,0,0,-8.399999999999977,45083.1
L48693,L,24.950000000000045,35.650000000000034,90.0,1568.0,33.4,96.0,0,0,0,0,0,0,-10.699999999999989,52371.2
L53547,L,26.850000000000023,36.450000000000045,90.0,1577.0,38.1,0.0,0,0,0,0,0,0,-9.600000000000023,60083.700000000004
L57092,L,25.450000000000045,35.85000000000002,90.0,1633.0,29.6,9.0,0,0,0,0,0,0,-10.399999999999977,48336.8
M20144,M,30.650000000000034,40.05000000000001,90.0,1456.0,29.6,147.0,0,0,0,0,0,0,-9.399999999999977,43097.6
L56180,L,23.850000000000023,34.75,90.0,1364.0,49.0,173.0,0,0,0,0,0,0,-10.899999999999977,66836.0
M24657,M,25.25,36.05000000000001,90.0,1541.0,33.5,0.0,0,0,0,0,0,0,-10.800000000000011,51623.5
L54668,L,27.150000000000034,38.650000000000034,90.0,1453.0,41.4,160.0,0,0,0,0,0,0,-11.5,60154.2
M17121,M,25.950000000000045,35.05000000000001,90.0,1435.0,51.3,45.0,0,0,0,0,0,0,-9.099999999999966,73615.5
L56759,L,26.350000000000023,37.55000000000001,90.0,1386.0,53.5,5.0,1,0,0,0,1,0,-11.199999999999989,74151.0
M16444,M,25.05000000000001,35.150000000000034,90.0,1448.0,45.3,15.0,0,0,0,0,0,0,-10.100000000000023,65594.4
L54588,L,26.650000000000034,37.75,90.0,1292.0,51.1,155.0,0,0,0,0,0,0,-11.099999999999966,66021.2
L50179,L,27.350000000000023,36.650000000000034,90.0,1556.0,38.6,157.0,0,0,0,0,0,0,-9.300000000000011,60061.600000000006
L52038,L,30.55000000000001,39.450000000000045,90.0,1349.0,51.0,105.0,0,0,0,0,0,0,-8.900000000000034,68799.0
L48895,L,25.05000000000001,34.55000000000001,90.0,1412.0,54.6,78.0,0,0,0,0,0,0,-9.5,77095.2
L56796,L,25.850000000000023,37.05000000000001,90.0,1418.0,40.6,126.0,0,0,0,0,0,0,-11.199999999999989,57570.8
H33815,H,29.25,37.05000000000001,90.0,1368.0,51.5,31.0,1,0,1,0,0,0,-7.800000000000011,70452.0
L50709,L,28.650000000000034,37.75,90.0,1548.0,38.0,222.0,0,0,0,0,0,0,-9.099999999999966,58824.0
L52153,L,30.650000000000034,39.55000000000001,90.0,1429.0,43.2,188.0,0,0,0,0,0,0,-8.899999999999977,61732.8
L51964,L,30.75,39.450000000000045,90.0,1537.0,36.5,127.0,0,0,0,0,0,0,-8.700000000000045,56100.5
L52957,L,28.450000000000045,38.05000000000001,90.0,1471.0,39.8,106.0,0,0,0,0,0,0,-9.599999999999966,58545.799999999996
L56029,L,24.25,35.75,90.0,1488.0,43.9,5.0,0,0,0,0,0,0,-11.5,65323.2
M15206,M,24.450000000000045,35.150000000000034,90.0,1459.0,43.3,34.0,0,0,0,0,0,0,-10.699999999999989,63174.7
M21715,M,27.950000000000045,37.85000000000002,90.0,1474.0,40.8,198.0,0,0,0,0,0,0,-9.899999999999977,60139.2
L56030,L,24.350000000000023,35.75,90.0,1422.0,43.5,7.0,0,0,0,0,0,0,-11.399999999999977,61857.0
L49191,L,25.55000000000001,35.35000000000002,90.0,1313.0,53.3,34.0,0,0,0,0,0,0,-9.800000000000011,69982.9
L56070,L,24.55000000000001,35.650000000000034,90.0,1495.0,46.3,114.0,0,0,0,0,0,0,-11.100000000000023,69218.5
L51492,L,28.25,36.85000000000002,90.0,1534.0,40.2,37.0,0,0,0,0,0,0,-8.600000000000023,61666.8
L48903,L,25.05000000000001,34.85000000000002,90.0,1449.0,44.9,96.0,0,0,0,0,0,0,-9.800000000000011,65060.1
L51612,L,29.25,37.35000000000002,90.0,1345.0,46.4,127.0,1,0,1,0,0,0,-8.100000000000023,62408.0
L56548,L,24.75,35.35000000000002,90.0,1393.0,48.0,72.0,0,0,0,0,0,0,-10.600000000000023,66864.0
H30117,H,24.450000000000045,35.85000000000002,90.0,1470.0,40.6,40.0,0,0,0,0,0,0,-11.399999999999977,59682.0
L54029,L,27.950000000000045,38.150000000000034,90.0,1604.0,37.6,11.0,0,0,0,0,0,0,-10.199999999999989,60310.4
M16332,M,25.350000000000023,36.450000000000045,90.0,1397.0,42.9,79.0,0,0,0,0,0,0,-11.100000000000023,59931.299999999996
L54533,L,26.650000000000034,37.150000000000034,90.0,1417.0,51.7,24.0,0,0,0,0,0,0,-10.5,73258.90000000001
L53906,L,28.350000000000023,37.55000000000001,90.0,1263.0,59.0,120.0,0,0,0,0,0,0,-9.199999999999989,74517.0
L47507,L,24.55000000000001,35.35000000000002,90.0,1523.0,33.8,68.0,0,0,0,0,0,0,-10.800000000000011,51477.399999999994
L56528,L,25.05000000000001,35.55000000000001,90.0,1436.0,43.0,94.0,0,0,0,0,0,0,-10.5,61748.0
L50627,L,28.55000000000001,37.450000000000045,90.0,1540.0,34.5,216.0,0,0,0,0,0,0,-8.900000000000034,53130.0
L49979,L,26.850000000000023,36.35000000000002,90.0,1465.0,47.2,87.0,0,0,0,0,0,0,-9.5,69148.0
L55232,L,27.350000000000023,38.85000000000002,90.0,1352.0,54.2,54.0,0,0,0,0,0,0,-11.5,73278.40000000001
M16294,M,25.650000000000034,36.650000000000034,90.0,1477.0,37.0,27.0,0,0,0,0,0,0,-11.0,54649.0
M21922,M,27.55000000000001,37.150000000000034,90.0,1297.0,52.5,114.0,0,0,0,0,0,0,-9.600000000000023,68092.5
M22134,M,27.05000000000001,37.150000000000034,90.0,1630.0,33.3,45.0,0,0,0,0,0,0,-10.100000000000023,54278.99999999999
L56266,L,23.950000000000045,34.650000000000034,90.0,1818.0,24.3,127.0,0,0,0,0,0,0,-10.699999999999989,44177.4
L53393,L,27.75,37.450000000000045,90.0,1397.0,34.9,80.0,0,0,0,0,0,0,-9.700000000000045,48755.299999999996
L53257,L,28.05000000000001,37.650000000000034,90.0,1560.0,34.9,27.0,0,0,0,0,0,0,-9.600000000000023,54444.0
L56041,L,24.75,35.950000000000045,90.0,1565.0,34.7,57.0,0,0,0,0,0,0,-11.200000000000045,54305.50000000001
L49866,L,26.650000000000034,36.25,90.0,1441.0,43.8,29.0,0,0,0,0,0,0,-9.599999999999966,63115.799999999996
L53270,L,27.75,37.650000000000034,90.0,1708.0,40.6,14.0,0,0,0,0,0,0,-9.900000000000034,69344.8
L55518,L,25.55000000000001,36.650000000000034,90.0,1397.0,47.6,121.0,0,0,0,0,0,0,-11.100000000000023,66497.2
M21638,M,28.150000000000034,37.25,90.0,1433.0,25.5,131.0,0,0,0,0,0,0,-9.099999999999966,36541.5
L54256,L,27.55000000000001,37.35000000000002,90.0,1499.0,36.0,85.0,0,0,0,0,0,0,-9.800000000000011,53964.0
L48449,L,24.950000000000045,36.35000000000002,90.0,1422.0,49.9,48.0,0,0,0,0,0,0,-11.399999999999977,70957.8
L56043,L,24.850000000000023,36.05000000000001,90.0,1731.0,28.7,0.0,0,0,0,0,0,0,-11.199999999999989,49679.7
L56395,L,24.850000000000023,35.650000000000034,90.0,1562.0,37.7,53.0,0,0,0,0,0,0,-10.800000000000011,58887.4
L50157,L,27.25,36.150000000000034,90.0,1413.0,50.3,64.0,0,0,0,0,0,0,-8.900000000000034,71073.9
L53042,L,28.25,37.950000000000045,90.0,1477.0,40.6,86.0,0,0,0,0,0,0,-9.700000000000045,59966.200000000004
L49250,L,26.55000000000001,36.450000000000045,90.0,1440.0,35.9,193.0,0,0,0,0,0,0,-9.900000000000034,51696.0
L53419,L,28.05000000000001,37.55000000000001,90.0,1414.0,53.7,166.0,0,0,0,0,0,0,-9.5,75931.8
M18554,M,28.950000000000045,38.150000000000034,90.0,1423.0,44.1,149.0,0,0,0,0,0,0,-9.199999999999989,62754.3
L54519,L,26.650000000000034,37.150000000000034,90.0,1481.0,40.0,2.0,0,0,0,0,0,0,-10.5,59240.0
L51184,L,28.850000000000023,37.950000000000045,90.0,1603.0,34.2,157.0,0,0,0,0,0,0,-9.100000000000023,54822.600000000006
H35393,H,27.450000000000045,37.55000000000001,90.0,1501.0,37.0,98.0,0,0,0,0,0,0,-10.099999999999966,55537.0
L54424,L,26.850000000000023,36.950000000000045,90.0,1760.0,60.5,193.0,0,0,0,0,0,0,-10.100000000000023,106480.0
M20494,M,29.450000000000045,38.950000000000045,90.0,1368.0,56.5,168.0,0,0,0,0,0,0,-9.5,77292.0
L49762,L,26.05000000000001,35.85000000000002,90.0,1615.0,22.3,193.0,0,0,0,0,0,0,-9.800000000000011,36014.5
L52904,L,29.150000000000034,38.650000000000034,90.0,1383.0,42.0,17.0,0,0,0,0,0,0,-9.5,58086.0
H30585,H,23.850000000000023,34.950000000000045,90.0,1548.0,41.4,98.0,0,0,0,0,0,0,-11.100000000000023,64087.2
L51215,L,28.850000000000023,37.35000000000002,90.0,1447.0,38.0,0.0,0,0,0,0,0,0,-8.5,54986.0
L55989,L,24.05000000000001,35.450000000000045,90.0,1350.0,58.6,118.0,0,0,0,0,0,0,-11.400000000000034,79110.0
L56334,L,24.350000000000023,35.450000000000045,90.0,1498.0,36.0,134.0,0,0,0,0,0,0,-11.100000000000023,53928.0
L50201,L,27.350000000000023,36.35000000000002,90.0,1724.0,28.3,211.0,0,0,0,0,0,0,-9.0,48789.200000000004
L56611,L,24.850000000000023,35.450000000000045,90.0,1396.0,39.3,43.0,0,0,0,0,0,0,-10.600000000000023,54862.799999999996
L56851,L,25.850000000000023,37.05000000000001,90.0,1412.0,34.6,246.0,0,0,0,0,0,0,-11.199999999999989,48855.200000000004
L47493,L,24.55000000000001,35.650000000000034,90.0,1313.0,49.2,170.0,0,0,0,0,0,0,-11.100000000000023,64599.600000000006
L48741,L,25.05000000000001,35.25,90.0,1585.0,37.7,0.0,0,0,0,0,0,0,-10.199999999999989,59754.50000000001
L56102,L,23.950000000000045,35.05000000000001,90.0,1399.0,52.1,194.0,0,0,0,0,0,0,-11.099999999999966,72887.90000000001
M24019,M,24.55000000000001,35.55000000000001,90.0,1536.0,36.9,171.0,0,0,0,0,0,0,-11.0,56678.399999999994
L53646,L,27.350000000000023,36.950000000000045,90.0,1429.0,47.2,96.0,0,0,0,0,0,0,-9.600000000000023,67448.8
M15067,M,25.150000000000034,34.85000000000002,90.0,1492.0,41.8,120.0,0,0,0,0,0,0,-9.699999999999989,62365.6
M19146,M,28.55000000000001,36.75,90.0,1364.0,49.2,198.0,0,0,0,0,0,0,-8.199999999999989,67108.8
L47262,L,25.650000000000034,35.75,90.0,1433.0,48.5,11.0,0,0,0,0,0,0,-10.099999999999966,69500.5
L55656,L,25.350000000000023,36.35000000000002,90.0,1585.0,32.2,89.0,0,0,0,0,0,0,-11.0,51037.00000000001
M20449,M,29.350000000000023,38.75,90.0,1662.0,29.5,129.0,0,0,0,0,0,0,-9.399999999999977,49029.0
L52315,L,30.950000000000045,40.150000000000034,90.0,1668.0,30.1,190.0,0,0,0,0,0,0,-9.199999999999989,50206.8
M21763,M,27.850000000000023,38.450000000000045,90.0,1605.0,35.9,156.0,0,0,0,0,0,0,-10.600000000000023,57619.5
L51173,L,29.150000000000034,38.150000000000034,90.0,1639.0,32.8,131.0,0,0,0,0,0,0,-9.0,53759.2
L48636,L,25.850000000000023,37.05000000000001,90.0,1495.0,46.0,91.0,0,0,0,0,0,0,-11.199999999999989,68770.0
L51430,L,29.450000000000045,37.25,90.0,1362.0,46.6,100.0,1,0,1,0,0,0,-7.7999999999999545,63469.200000000004
M23114,M,25.850000000000023,37.25,90.0,1625.0,31.0,131.0,0,0,0,0,0,0,-11.399999999999977,50375.0
L55357,L,26.55000000000001,37.650000000000034,90.0,1418.0,51.0,162.0,0,0,0,0,0,0,-11.100000000000023,72318.0
L56060,L,24.850000000000023,36.05000000000001,90.0,1527.0,39.8,87.0,0,0,0,0,0,0,-11.199999999999989,60774.6
L54191,L,27.55000000000001,37.35000000000002,90.0,1417.0,49.4,17.0,0,0,0,0,0,0,-9.800000000000011,69999.8
M23774,M,23.950000000000045,35.35000000000002,90.0,1524.0,49.3,176.0,0,0,0,0,0,0,-11.399999999999977,75133.2
L55863,L,24.05000000000001,35.35000000000002,90.0,1446.0,47.9,188.0,0,0,0,0,0,0,-11.300000000000011,69263.4
L56332,L,24.350000000000023,35.450000000000045,90.0,1592.0,37.3,137.0,0,0,0,0,0,0,-11.100000000000023,59381.6
M22688,M,27.450000000000045,38.55000000000001,90.0,1497.0,43.6,198.0,0,0,0,0,0,0,-11.099999999999966,65269.200000000004
L53963,L,28.150000000000034,37.650000000000034,90.0,1442.0,50.0,59.0,0,0,0,0,0,0,-9.5,72100.0
L49175,L,25.150000000000034,34.85000000000002,90.0,1540.0,39.5,196.0,0,0,0,0,0,0,-9.699999999999989,60830.0
M17183,M,26.05000000000001,35.35000000000002,90.0,1710.0,28.1,26.0,0,0,0,0,0,0,-9.300000000000011,48051.0
L50858,L,29.150000000000034,38.55000000000001,90.0,1567.0,37.6,139.0,0,0,0,0,0,0,-9.399999999999977,58919.200000000004
L54040,L,27.950000000000045,38.05000000000001,90.0,1394.0,51.9,90.0,0,0,0,0,0,0,-10.099999999999966,72348.59999999999
L48322,L,23.75,34.75,90.0,1423.0,43.9,85.0,0,0,0,0,0,0,-11.0,62469.7
M19393,M,29.25,37.05000000000001,90.0,1375.0,56.1,199.0,0,0,0,0,0,0,-7.800000000000011,77137.5
L48202,L,23.05000000000001,34.25,90.0,1635.0,36.5,38.0,0,0,0,0,0,0,-11.199999999999989,59677.5
M24285,M,24.950000000000045,35.450000000000045,90.0,1665.0,27.3,27.0,0,0,0,0,0,0,-10.5,45454.5
L53808,L,28.450000000000045,37.35000000000002,90.0,1373.0,34.5,0.0,0,0,0,0,0,0,-8.899999999999977,47368.5
L50477,L,28.05000000000001,37.150000000000034,90.0,1563.0,40.1,72.0,0,0,0,0,0,0,-9.100000000000023,62676.3
M15768,M,22.350000000000023,32.950000000000045,90.0,1569.0,34.2,169.0,0,0,0,0,0,0,-10.600000000000023,53659.8
L49758,L,26.25,36.150000000000034,90.0,1462.0,46.6,185.0,0,0,0,0,0,0,-9.900000000000034,68129.2
L49312,L,26.25,35.85000000000002,90.0,1412.0,46.7,157.0,0,0,0,0,0,0,-9.600000000000023,65940.40000000001
L51165,L,29.05000000000001,38.05000000000001,90.0,1389.0,51.9,110.0,0,0,0,0,0,0,-9.0,72089.09999999999
L53269,L,27.75,37.55000000000001,90.0,1509.0,30.5,12.0,0,0,0,0,0,0,-9.800000000000011,46024.5
L54666,L,27.150000000000034,38.05000000000001,90.0,1460.0,43.0,156.0,0,0,0,0,0,0,-10.899999999999977,62780.0
L57008,L,25.25,36.25,90.0,1385.0,57.0,201.0,0,0,0,0,0,0,-11.0,78945.0
M18225,M,28.25,37.35000000000002,90.0,1524.0,36.9,2.0,0,0,0,0,0,0,-9.100000000000023,56235.6
L54428,L,26.850000000000023,36.950000000000045,90.0,1532.0,39.5,199.0,0,0,0,0,0,0,-10.100000000000023,60514.0
L50285,L,26.650000000000034,36.05000000000001,90.0,1612.0,34.5,205.0,0,0,0,0,0,0,-9.399999999999977,55614.0
L53945,L,28.350000000000023,37.75,90.0,1412.0,45.9,11.0,0,0,0,0,0,0,-9.399999999999977,64810.799999999996
M22212,M,26.55000000000001,37.25,90.0,1440.0,42.3,178.0,0,0,0,0,0,0,-10.699999999999989,60911.99999999999
L47758,L,24.650000000000034,36.55000000000001,90.0,1478.0,50.3,198.0,0,0,0,0,0,0,-11.899999999999977,74343.4
L51434,L,29.450000000000045,37.85000000000002,90.0,1366.0,50.1,114.0,1,0,1,0,0,0,-8.399999999999977,68436.6
M17573,M,26.75,36.05000000000001,90.0,1548.0,42.7,0.0,0,0,0,0,0,0,-9.300000000000011,66099.6
L48846,L,25.05000000000001,34.75,90.0,1529.0,41.7,161.0,0,0,0,0,0,0,-9.699999999999989,63759.3
M19723,M,30.450000000000045,38.650000000000034,90.0,1428.0,46.6,139.0,0,0,0,0,0,0,-8.199999999999989,66544.8
M18236,M,28.350000000000023,37.650000000000034,90.0,1385.0,48.5,30.0,0,0,0,0,0,0,-9.300000000000011,67172.5
M17789,M,27.450000000000045,36.450000000000045,90.0,1461.0,50.3,147.0,0,0,0,0,0,0,-9.0,73488.3
M22467,M,27.25,38.150000000000034,90.0,1468.0,41.1,162.0,0,0,0,0,0,0,-10.900000000000034,60334.8
L53321,L,27.75,37.75,90.0,1708.0,29.2,146.0,0,0,0,0,0,0,-10.0,49873.6
L55040,L,27.350000000000023,38.85000000000002,90.0,1385.0,52.7,23.0,0,0,0,0,0,0,-11.5,72989.5
L52915,L,29.05000000000001,38.55000000000001,90.0,1401.0,51.3,0.0,0,0,0,0,0,0,-9.5,71871.3
L53987,L,28.350000000000023,37.75,90.0,1479.0,37.0,176.0,0,0,0,0,0,0,-9.399999999999977,54723.0
L55784,L,24.25,35.25,90.0,1520.0,38.6,127.0,0,0,0,0,0,0,-11.0,58672.0
M21184,M,27.55000000000001,36.85000000000002,90.0,1367.0,47.7,167.0,0,0,0,0,0,0,-9.300000000000011,65205.9
L56821,L,25.850000000000023,37.25,90.0,1374.0,40.3,146.0,0,0,0,0,0,0,-11.399999999999977,55372.2
L56060,L,24.850000000000023,36.05000000000001,90.0,1458.0,43.7,5.0,0,0,0,0,0,0,-11.199999999999989,63714.600000000006
L49948,L,26.850000000000023,36.450000000000045,90.0,1802.0,25.1,11.0,0,0,0,0,0,0,-9.600000000000023,45230.200000000004
H33087,H,29.150000000000034,38.55000000000001,90.0,1448.0,44.5,152.0,0,0,0,0,0,0,-9.399999999999977,64436.0
L50967,L,29.150000000000034,37.650000000000034,90.0,1377.0,47.3,148.0,1,0,1,0,0,0,-8.5,65132.1
L55100,L,27.650000000000034,38.85000000000002,90.0,1502.0,39.4,127.0,0,0,0,0,0,0,-11.199999999999989,59178.799999999996
L50106,L,27.55000000000001,36.450000000000045,90.0,1385.0,54.1,162.0,0,0,0,0,0,0,-8.900000000000034,74928.5
L54260,L,27.55000000000001,37.25,90.0,1543.0,49.1,203.0,0,0,0,0,0,0,-9.699999999999989,75761.3
L55256,L,27.150000000000034,38.650000000000034,90.0,1662.0,28.3,119.0,0,0,0,0,0,0,-11.5,47034.6
M23150,M,25.75,37.450000000000045,90.0,1679.0,35.8,11.0,0,0,0,0,0,0,-11.700000000000045,60108.2
M21464,M,28.350000000000023,37.450000000000045,90.0,1434.0,37.4,37.0,0,0,0,0,0,0,-9.100000000000023,53631.6
L56089,L,24.05000000000001,35.25,90.0,1446.0,40.4,165.0,0,0,0,0,0,0,-11.199999999999989,58418.4
M24206,M,25.150000000000034,35.650000000000034,90.0,1464.0,40.3,146.0,0,0,0,0,0,0,-10.5,58999.2
L49240,L,26.450000000000045,36.35000000000002,90.0,1453.0,48.1,173.0,0,0,0,0,0,0,-9.899999999999977,69889.3
L54425,L,26.850000000000023,36.950000000000045,90.0,1477.0,29.4,195.0,0,0,0,0,0,0,-10.100000000000023,43423.799999999996
L47806,L,25.25,36.950000000000045,90.0,1391.0,57.1,94.0,0,0,0,0,0,0,-11.700000000000045,79426.1
M16097,M,23.950000000000045,35.05000000000001,90.0,1496.0,34.1,166.0,0,0,0,0,0,0,-11.099999999999966,51013.6
L49739,L,26.150000000000034,35.950000000000045,90.0,1447.0,33.1,140.0,0,0,0,0,0,0,-9.800000000000011,47895.700000000004
L51940,L,30.450000000000045,38.55000000000001,90.0,1384.0,53.6,62.0,1,0,1,0,0,0,-8.099999999999966,74182.40000000001
M22930,M,27.450000000000045,39.05000000000001,90.0,1674.0,28.1,103.0,0,0,0,0,0,0,-11.599999999999966,47039.4
L48640,L,25.850000000000023,37.150000000000034,90.0,1346.0,46.6,92.0,0,0,0,0,0,0,-11.300000000000011,62723.6
L48685,L,25.05000000000001,36.25,90.0,1528.0,38.7,101.0,0,0,0,0,0,0,-11.199999999999989,59133.600000000006
M23073,M,26.05000000000001,37.450000000000045,90.0,1666.0,31.0,179.0,0,0,0,0,0,0,-11.400000000000034,51646.0
M24550,M,25.75,36.35000000000002,90.0,1486.0,48.8,106.0,0,0,0,0,0,0,-10.600000000000023,72516.8
L52122,L,30.350000000000023,39.25,90.0,1702.0,29.4,123.0,0,0,0,0,0,0,-8.899999999999977,50038.799999999996
L55417,L,25.950000000000045,37.450000000000045,90.0,1796.0,47.7,90.0,0,0,0,0,0,0,-11.5,85669.20000000001
H35379,H,28.55000000000001,38.55000000000001,90.0,1362.0,59.1,209.0,1,0,0,0,1,0,-10.0,80494.2
M17150,M,26.850000000000023,36.150000000000034,90.0,1535.0,41.4,37.0,0,0,0,0,0,0,-9.300000000000011,63549.0
L55488,L,25.55000000000001,36.950000000000045,90.0,1422.0,45.2,79.0,0,0,0,0,0,0,-11.400000000000034,64274.4
L50445,L,28.150000000000034,36.950000000000045,90.0,1442.0,53.6,193.0,0,0,0,0,0,0,-8.800000000000011,77291.2
H37401,H,27.650000000000034,38.950000000000045,90.0,1489.0,46.6,185.0,0,0,0,0,0,0,-11.300000000000011,69387.40000000001
M21937,M,27.55000000000001,37.35000000000002,90.0,1357.0,53.0,192.0,0,0,0,0,0,0,-9.800000000000011,71921.0
L55591,L,25.350000000000023,36.35000000000002,90.0,1450.0,46.7,134.0,0,0,0,0,0,0,-11.0,67715.0
L56170,L,23.950000000000045,34.650000000000034,90.0,1502.0,38.4,188.0,0,0,0,0,0,0,-10.699999999999989,57676.799999999996
L57088,L,25.450000000000045,35.85000000000002,90.0,1707.0,32.7,0.0,0,0,0,0,0,0,-10.399999999999977,55818.9
M22342,M,26.950000000000045,38.25,90.0,1662.0,28.8,143.0,0,0,0,0,0,0,-11.299999999999955,47865.6
M23651,M,24.25,35.35000000000002,90.0,1362.0,45.5,49.0,0,0,0,0,0,0,-11.100000000000023,61971.0
M18584,M,29.05000000000001,38.05000000000001,90.0,1520.0,38.8,106.0,0,0,0,0,0,0,-9.0,58975.99999999999
L56551,L,24.55000000000001,35.25,90.0,1577.0,39.5,174.0,0,0,0,0,0,0,-10.699999999999989,62291.5
H34477,H,30.950000000000045,39.75,90.0,1668.0,46.6,0.0,0,0,0,0,0,0,-8.799999999999955,77728.8
L47395,L,25.150000000000034,35.450000000000045,90.0,1487.0,37.6,140.0,0,0,0,0,0,0,-10.300000000000011,55911.200000000004
H38884,H,25.75,36.450000000000045,90.0,1434.0,43.8,180.0,0,0,0,0,0,0,-10.700000000000045,62809.2
L56939,L,25.350000000000023,36.450000000000045,90.0,1472.0,46.6,0.0,0,0,0,0,0,0,-11.100000000000023,68595.2
L49216,L,25.850000000000023,35.55000000000001,90.0,1492.0,38.4,127.0,0,0,0,0,0,0,-9.699999999999989,57292.799999999996
L56603,L,24.950000000000045,35.450000000000045,90.0,1498.0,40.9,63.0,0,0,0,0,0,0,-10.5,61268.2
M23093,M,25.950000000000045,37.35000000000002,90.0,1495.0,35.9,80.0,0,0,0,0,0,0,-11.399999999999977,53670.5
L49727,L,26.150000000000034,35.950000000000045,90.0,1488.0,38.1,109.0,0,0,0,0,0,0,-9.800000000000011,56692.8
L50898,L,29.05000000000001,38.35000000000002,90.0,1450.0,44.1,56.0,0,0,0,0,0,0,-9.300000000000011,63945.0
L54207,L,27.450000000000045,37.450000000000045,90.0,1530.0,34.6,126.0,0,0,0,0,0,0,-10.0,52938.0
L55255,L,27.25,38.85000000000002,90.0,1631.0,31.0,117.0,0,0,0,0,0,0,-11.600000000000023,50561.0
L49789,L,26.25,35.950000000000045,90.0,1621.0,36.1,48.0,0,0,0,0,0,0,-9.700000000000045,58518.100000000006
L54808,L,27.350000000000023,38.55000000000001,90.0,1507.0,45.5,156.0,0,0,0,0,0,0,-11.199999999999989,68568.5
L49127,L,25.05000000000001,34.950000000000045,90.0,1425.0,45.5,206.0,0,0,0,0,0,0,-9.900000000000034,64837.5
L55081,L,27.650000000000034,39.25,90.0,1517.0,44.5,124.0,0,0,0,0,0,0,-11.599999999999966,67506.5
L50497,L,28.350000000000023,37.35000000000002,90.0,1436.0,49.3,106.0,0,0,0,0,0,0,-9.0,70794.8
M15500,M,24.350000000000023,36.35000000000002,90.0,1517.0,40.1,98.0,0,0,0,0,0,0,-12.0,60831.700000000004
L50097,L,27.450000000000045,36.450000000000045,90.0,1516.0,39.0,98.0,0,0,0,0,0,0,-9.0,59124.0
H39052,H,25.150000000000034,35.05000000000001,90.0,1504.0,46.4,67.0,0,0,0,0,0,0,-9.899999999999977,69785.59999999999
L56320,L,24.350000000000023,35.35000000000002,90.0,1373.0,39.9,26.0,0,0,0,0,0,0,-11.0,54782.7
L49056,L,25.150000000000034,34.85000000000002,90.0,1686.0,30.6,98.0,0,0,0,0,0,0,-9.699999999999989,51591.600000000006
L53126,L,27.55000000000001,37.650000000000034,90.0,1497.0,46.4,47.0,0,0,0,0,0,0,-10.100000000000023,69460.8
M21970,M,27.650000000000034,37.25,90.0,1518.0,41.2,59.0,0,0,0,0,0,0,-9.599999999999966,62541.600000000006
L56911,L,25.650000000000034,36.950000000000045,90.0,1652.0,34.6,149.0,0,0,0,0,0,0,-11.300000000000011,57159.200000000004
L57001,L,25.450000000000045,36.25,90.0,1363.0,50.0,185.0,0,0,0,0,0,0,-10.799999999999955,68150.0
L55970,L,24.25,35.35000000000002,90.0,1410.0,45.3,0.0,0,0,0,0,0,0,-11.100000000000023,63872.99999999999
L54886,L,27.350000000000023,38.35000000000002,90.0,1708.0,32.5,57.0,0,0,0,0,0,0,-11.0,55510.0
L52871,L,29.25,38.650000000000034,90.0,1448.0,44.8,100.0,0,0,0,0,0,0,-9.400000000000034,64870.399999999994
L56216,L,24.150000000000034,35.150000000000034,90.0,1519.0,37.7,33.0,0,0,0,0,0,0,-11.0,57266.3
L56354,L,24.55000000000001,35.75,90.0,1597.0,35.9,200.0,0,0,0,0,0,0,-11.199999999999989,57332.299999999996
L51746,L,29.650000000000034,37.650000000000034,90.0,1525.0,51.4,31.0,0,0,0,0,0,0,-8.0,78385.0
M23197,M,25.650000000000034,36.55000000000001,90.0,1589.0,35.6,149.0,0,0,0,0,0,0,-10.899999999999977,56568.4
L55863,L,24.05000000000001,35.35000000000002,90.0,1447.0,47.9,124.0,0,0,0,0,0,0,-11.300000000000011,69311.3
L56763,L,26.150000000000034,37.35000000000002,90.0,1705.0,27.7,15.0,0,0,0,0,0,0,-11.199999999999989,47228.5
M16552,M,24.950000000000045,34.450000000000045,90.0,1764.0,28.3,23.0,0,0,0,0,0,0,-9.5,49921.200000000004
M20227,M,29.950000000000045,39.450000000000045,90.0,1766.0,26.7,157.0,0,0,0,0,0,0,-9.5,47152.2
L49695,L,25.650000000000034,35.450000000000045,90.0,1681.0,29.0,29.0,0,0,0,0,0,0,-9.800000000000011,48749.0
L52713,L,29.25,38.55000000000001,90.0,1551.0,34.4,112.0,0,0,0,0,0,0,-9.300000000000011,53354.399999999994
M24753,M,25.75,36.35000000000002,90.0,1452.0,43.4,161.0,0,0,0,0,0,0,-10.600000000000023,63016.799999999996
M18661,M,29.150000000000034,37.75,90.0,1596.0,36.6,61.0,0,0,0,0,0,0,-8.599999999999966,58413.600000000006
M23902,M,24.150000000000034,35.25,90.0,1441.0,46.1,58.0,0,0,0,0,0,0,-11.099999999999966,66430.1
L53182,L,27.350000000000023,37.150000000000034,90.0,1580.0,33.8,8.0,0,0,0,0,0,0,-9.800000000000011,53403.99999999999
L50676,L,28.75,37.75,90.0,1339.0,48.0,124.0,0,0,0,0,0,0,-9.0,64272.0
L50101,L,27.55000000000001,36.55000000000001,90.0,1395.0,41.1,151.0,0,0,0,0,0,0,-9.0,57334.5
L54272,L,27.55000000000001,37.05000000000001,90.0,1486.0,35.9,10.0,0,0,0,0,0,0,-9.5,53347.4
L53016,L,28.05000000000001,37.950000000000045,90.0,1775.0,24.1,163.0,0,0,0,0,0,0,-9.900000000000034,42777.5
L50650,L,28.55000000000001,37.650000000000034,90.0,1451.0,48.1,119.0,0,0,0,0,0,0,-9.100000000000023,69793.1
L49480,L,26.150000000000034,35.35000000000002,90.0,1371.0,58.7,142.0,0,0,0,0,0,0,-9.199999999999989,80477.7
L55417,L,25.950000000000045,37.450000000000045,90.0,1549.0,37.5,85.0,0,0,0,0,0,0,-11.5,58087.5
M20585,M,29.150000000000034,38.650000000000034,90.0,1557.0,34.1,197.0,0,0,0,0,0,0,-9.5,53093.700000000004
L47654,L,24.25,35.950000000000045,90.0,1634.0,35.1,206.0,0,0,0,0,0,0,-11.700000000000045,57353.4
H36468,H,27.450000000000045,37.35000000000002,90.0,1476.0,43.1,134.0,0,0,0,0,0,0,-9.899999999999977,63615.6
L52692,L,29.650000000000034,38.950000000000045,90.0,1420.0,50.9,88.0,0,0,0,0,0,0,-9.300000000000011,72278.0
L56688,L,25.850000000000023,37.25,90.0,1611.0,36.4,173.0,0,0,0,0,0,0,-11.399999999999977,58640.399999999994
L50376,L,26.850000000000023,35.950000000000045,90.0,1635.0,34.4,4.0,0,0,0,0,0,0,-9.100000000000023,56244.0
L52997,L,28.25,37.950000000000045,90.0,1457.0,47.7,114.0,0,0,0,0,0,0,-9.700000000000045,69498.90000000001
L55152,L,27.950000000000045,39.150000000000034,90.0,1405.0,46.0,53.0,0,0,0,0,0,0,-11.199999999999989,64630.0
M23063,M,26.25,37.650000000000034,90.0,1473.0,40.1,179.0,0,0,0,0,0,0,-11.400000000000034,59067.3
L55969,L,24.25,35.35000000000002,90.0,1471.0,43.9,24.0,0,0,0,0,0,0,-11.100000000000023,64576.9
L52172,L,30.650000000000034,39.75,90.0,1596.0,34.6,14.0,0,0,0,0,0,0,-9.099999999999966,55221.600000000006
L47470,L,24.950000000000045,35.25,90.0,1664.0,32.8,105.0,0,0,0,0,0,0,-10.299999999999955,54579.2
L48897,L,25.05000000000001,34.450000000000045,90.0,1369.0,41.7,82.0,0,0,0,0,0,0,-9.400000000000034,57087.3
L53301,L,27.75,37.85000000000002,90.0,1432.0,42.8,44.0,0,0,0,0,0,0,-10.100000000000023,61289.6
M18524,M,29.150000000000034,38.55000000000001,90.0,1393.0,49.7,130.0,0,0,0,0,0,0,-9.399999999999977,69232.1
L53355,L,27.850000000000023,37.75,90.0,1622.0,31.6,0.0,0,0,0,0,0,0,-9.899999999999977,51255.200000000004
L49908,L,26.75,36.05000000000001,90.0,1616.0,30.9,156.0,0,0,0,0,0,0,-9.300000000000011,49934.399999999994
M17053,M,26.350000000000023,35.35000000000002,90.0,1422.0,49.9,48.0,0,0,0,0,0,0,-9.0,70957.8
M21790,M,27.650000000000034,38.35000000000002,90.0,1721.0,26.9,12.0,0,0,0,0,0,0,-10.699999999999989,46294.899999999994
L54018,L,27.950000000000045,37.950000000000045,90.0,1472.0,38.8,202.0,0,0,0,0,0,0,-10.0,57113.6
L53104,L,27.05000000000001,37.05000000000001,90.0,1475.0,40.7,31.0,0,0,0,0,0,0,-10.0,60032.50000000001
L49562,L,25.950000000000045,35.05000000000001,90.0,1601.0,52.1,35.0,0,0,0,0,0,0,-9.099999999999966,83412.1
L47971,L,23.55000000000001,34.75,90.0,1611.0,37.3,72.0,0,0,0,0,0,0,-11.199999999999989,60090.299999999996
L51449,L,29.450000000000045,37.950000000000045,90.0,1434.0,39.2,152.0,0,0,0,0,0,0,-8.5,56212.8
L55754,L,24.450000000000045,35.150000000000034,90.0,1649.0,30.3,132.0,0,0,0,0,0,0,-10.699999999999989,49964.700000000004
L53219,L,27.55000000000001,37.85000000000002,90.0,1433.0,46.5,96.0,0,0,0,0,0,0,-10.300000000000011,66634.5
L52702,L,29.450000000000045,38.75,90.0,1543.0,37.1,84.0,0,0,0,0,0,0,-9.299999999999955,57245.3
L47259,L,25.650000000000034,35.75,90.0,1402.0,41.7,54.0,0,0,0,0,0,0,-10.099999999999966,58463.4
L52631,L,29.850000000000023,39.35000000000002,90.0,1361.0,48.8,120.0,0,0,0,0,0,0,-9.5,66416.8
L56276,L,24.05000000000001,34.950000000000045,90.0,1712.0,30.9,188.0,0,0,0,0,0,0,-10.900000000000034,52900.799999999996
L48897,L,25.05000000000001,34.55000000000001,90.0,1429.0,45.3,162.0,0,0,0,0,0,0,-9.5,64733.7
L56070,L,24.55000000000001,36.05000000000001,90.0,1456.0,43.1,15.0,0,0,0,0,0,0,-11.5,62753.6
L57142,L,25.05000000000001,34.75,90.0,1405.0,51.3,126.0,0,0,0,0,0,0,-9.699999999999989,72076.5
L48968,L,25.05000000000001,34.85000000000002,90.0,1433.0,52.8,31.0,0,0,0,0,0,0,-9.800000000000011,75662.4
L49763,L,26.05000000000001,35.75,90.0,1715.0,27.9,195.0,0,0,0,0,0,0,-9.699999999999989,47848.5
M19182,M,28.55000000000001,36.950000000000045,90.0,1431.0,40.2,61.0,0,0,0,0,0,0,-8.400000000000034,57526.200000000004
L55061,L,27.55000000000001,39.25,90.0,1493.0,40.7,79.0,0,0,0,0,0,0,-11.699999999999989,60765.100000000006
L51758,L,29.850000000000023,38.05000000000001,90.0,1498.0,38.8,59.0,0,0,0,0,0,0,-8.199999999999989,58122.399999999994
L53066,L,28.25,37.950000000000045,90.0,1494.0,45.4,109.0,0,0,0,0,0,0,-9.700000000000045,67827.59999999999
L56883,L,25.950000000000045,36.85000000000002,90.0,1423.0,45.6,78.0,0,0,0,0,0,0,-10.899999999999977,64888.8
L51419,L,29.25,37.85000000000002,90.0,1427.0,45.8,196.0,0,0,0,0,0,0,-8.600000000000023,65356.6
L47982,L,23.75,34.650000000000034,90.0,1455.0,46.0,0.0,0,0,0,0,0,0,-10.900000000000034,66930.0
L55975,L,24.25,35.35000000000002,90.0,1459.0,36.6,126.0,0,0,0,0,0,0,-11.100000000000023,53399.4
L49220,L,25.950000000000045,35.75,90.0,1400.0,54.0,108.0,0,0,0,0,0,0,-9.799999999999955,75600.0
L50291,L,26.850000000000023,36.05000000000001,90.0,1457.0,44.3,5.0,0,0,0,0,0,0,-9.199999999999989,64545.1
L53466,L,27.950000000000045,36.950000000000045,90.0,1467.0,40.3,70.0,0,0,0,0,0,0,-9.0,59120.1
M22307,M,27.05000000000001,38.650000000000034,90.0,1457.0,47.0,48.0,0,0,0,0,0,0,-11.600000000000023,68479.0
L50889,L,29.05000000000001,38.150000000000034,90.0,1427.0,44.3,45.0,0,0,0,0,0,0,-9.100000000000023,63216.1
L56533,L,25.05000000000001,35.650000000000034,90.0,1546.0,34.8,37.0,0,0,0,0,0,0,-10.600000000000023,53800.799999999996
L48785,L,24.650000000000034,34.650000000000034,90.0,1503.0,42.6,21.0,0,0,0,0,0,0,-10.0,64027.8
M22255,M,26.55000000000001,37.450000000000045,90.0,1572.0,28.4,139.0,0,0,0,0,0,0,-10.900000000000034,44644.799999999996
H38791,H,24.75,35.35000000000002,90.0,1472.0,45.1,70.0,0,0,0,0,0,0,-10.600000000000023,66387.2
L53268,L,27.75,37.75,90.0,1650.0,34.9,179.0,0,0,0,0,0,0,-10.0,57585.0
L48085,L,22.450000000000045,32.950000000000045,90.0,1474.0,41.2,148.0,0,0,0,0,0,0,-10.5,60728.8
L55257,L,27.150000000000034,38.55000000000001,90.0,1547.0,39.7,121.0,0,0,0,0,0,0,-11.399999999999977,61415.9
M24356,M,26.05000000000001,36.85000000000002,90.0,1649.0,33.8,226.0,0,0,0,0,0,0,-10.800000000000011,55736.2
L47892,L,24.350000000000023,35.55000000000001,90.0,1453.0,39.0,112.0,0,0,0,0,0,0,-11.199999999999989,56667.0
L51138,L,29.05000000000001,38.25,90.0,1501.0,39.3,24.0,0,0,0,0,0,0,-9.199999999999989,58989.299999999996
L56262,L,24.05000000000001,34.75,90.0,1496.0,45.8,2.0,0,0,0,0,0,0,-10.699999999999989,68516.8
L53861,L,28.25,37.35000000000002,90.0,1425.0,45.1,0.0,0,0,0,0,0,0,-9.100000000000023,64267.5
L49308,L,26.25,35.85000000000002,90.0,1635.0,31.4,98.0,0,0,0,0,0,0,-9.600000000000023,51339.0
L55863,L,24.05000000000001,35.35000000000002,90.0,1447.0,47.6,188.0,0,0,0,0,0,0,-11.300000000000011,68877.2
L54919,L,27.350000000000023,38.35000000000002,90.0,1605.0,31.2,26.0,0,0,0,0,0,0,-11.0,50076.0
L49968,L,27.150000000000034,36.450000000000045,90.0,1602.0,37.6,56.0,0,0,0,0,0,0,-9.300000000000011,60235.200000000004
L49864,L,26.650000000000034,36.25,90.0,1634.0,27.5,25.0,0,0,0,0,0,0,-9.599999999999966,44935.0
L56851,L,25.850000000000023,37.05000000000001,90.0,1347.0,55.8,49.0,0,0,0,0,0,0,-11.199999999999989,75162.59999999999
L50698,L,28.650000000000034,37.75,90.0,1636.0,35.6,186.0,0,0,0,0,0,0,-9.099999999999966,58241.600000000006
L47406,L,25.150000000000034,35.150000000000034,90.0,1304.0,55.2,146.0,0,0,0,0,0,0,-10.0,71980.8
L54637,L,26.850000000000023,38.25,90.0,1541.0,33.6,66.0,0,0,0,0,0,0,-11.399999999999977,51777.600000000006
L53941,L,28.350000000000023,37.650000000000034,90.0,1498.0,43.9,79.0,0,0,0,0,0,0,-9.300000000000011,65762.2
M24302,M,24.950000000000045,35.650000000000034,90.0,1431.0,44.9,196.0,0,0,0,0,0,0,-10.699999999999989,64251.9
M23629,M,24.25,35.450000000000045,90.0,1476.0,41.2,197.0,0,0,0,0,0,0,-11.200000000000045,60811.200000000004
L56993,L,25.150000000000034,35.950000000000045,90.0,1606.0,30.3,116.0,0,0,0,0,0,0,-10.800000000000011,48661.8
M19237,M,28.650000000000034,36.450000000000045,90.0,1531.0,35.5,214.0,0,0,0,0,0,0,-7.800000000000011,54350.5
L55516,L,25.55000000000001,36.55000000000001,90.0,1449.0,48.8,85.0,0,0,0,0,0,0,-11.0,70711.2
M23843,M,23.850000000000023,34.55000000000001,90.0,1356.0,56.3,130.0,0,0,0,0,0,0,-10.699999999999989,76342.8
L49921,L,26.650000000000034,35.950000000000045,90.0,1560.0,40.4,191.0,0,0,0,0,0,0,-9.300000000000011,63024.0
M23393,M,25.450000000000045,36.450000000000045,90.0,1732.0,31.3,122.0,0,0,0,0,0,0,-11.0,54211.6
M19059,M,29.350000000000023,37.950000000000045,90.0,1638.0,32.0,110.0,0,0,0,0,0,0,-8.600000000000023,52416.0
L49319,L,26.150000000000034,35.85000000000002,90.0,1465.0,49.5,156.0,0,0,0,0,0,0,-9.699999999999989,72517.5
M23759,M,24.150000000000034,35.35000000000002,90.0,1711.0,33.1,138.0,0,0,0,0,0,0,-11.199999999999989,56634.100000000006
M19064,M,29.150000000000034,37.75,90.0,1578.0,43.2,210.0,0,0,0,0,0,0,-8.599999999999966,68169.6
M19124,M,29.450000000000045,37.85000000000002,90.0,1518.0,39.7,141.0,0,0,0,0,0,0,-8.399999999999977,60264.600000000006
L55695,L,25.05000000000001,36.25,90.0,1443.0,45.4,57.0,0,0,0,0,0,0,-11.199999999999989,65512.2
M20932,M,27.75,37.75,90.0,1419.0,45.5,188.0,0,0,0,0,0,0,-10.0,64564.5
M16392,M,24.950000000000045,35.450000000000045,90.0,1417.0,39.2,2.0,0,0,0,0,0,0,-10.5,55546.4
L49602,L,25.650000000000034,35.450000000000045,90.0,1511.0,36.9,21.0,0,0,0,0,0,0,-9.800000000000011,55755.9
L55037,L,27.350000000000023,38.75,90.0,1525.0,39.2,16.0,0,0,0,0,0,0,-11.399999999999977,59780.00000000001
H37958,H,25.05000000000001,36.25,90.0,1447.0,47.1,185.0,0,0,0,0,0,0,-11.199999999999989,68153.7
M22230,M,26.55000000000001,36.950000000000045,90.0,1455.0,43.6,76.0,0,0,0,0,0,0,-10.400000000000034,63438.0
L53953,L,28.25,37.75,90.0,1460.0,40.0,33.0,0,0,0,0,0,0,-9.5,58400.0
L51769,L,29.650000000000034,37.950000000000045,90.0,1502.0,38.0,79.0,0,0,0,0,0,0,-8.300000000000011,57076.0
L50228,L,27.05000000000001,36.150000000000034,90.0,1532.0,42.6,53.0,0,0,0,0,0,0,-9.100000000000023,65263.200000000004
L47672,L,24.350000000000023,36.150000000000034,90.0,1404.0,46.5,195.0,0,0,0,0,0,0,-11.800000000000011,65286.0
M19238,M,29.350000000000023,36.650000000000034,90.0,1385.0,45.7,6.0,1,0,1,0,0,0,-7.300000000000011,63294.50000000001
L55571,L,25.450000000000045,36.450000000000045,90.0,1525.0,42.4,89.0,0,0,0,0,0,0,-11.0,64660.0
L48886,L,25.05000000000001,34.650000000000034,90.0,1479.0,42.3,60.0,0,0,0,0,0,0,-9.600000000000023,62561.7
L50321,L,27.350000000000023,36.85000000000002,90.0,1433.0,45.1,86.0,0,0,0,0,0,0,-9.5,64628.3
L56681,L,26.150000000000034,37.05000000000001,90.0,1495.0,39.2,13.0,0,0,0,0,0,0,-10.899999999999977,58604.00000000001
L49545,L,26.05000000000001,35.35000000000002,90.0,1524.0,34.6,76.0,0,0,0,0,0,0,-9.300000000000011,52730.4
M20210,M,30.25,39.650000000000034,90.0,1454.0,48.0,165.0,0,0,0,0,0,0,-9.400000000000034,69792.0
M18082,M,27.55000000000001,36.35000000000002,90.0,1569.0,34.4,174.0,0,0,0,0,0,0,-8.800000000000011,53973.6
L55015,L,26.950000000000045,38.150000000000034,90.0,1373.0,42.4,185.0,0,0,0,0,0,0,-11.199999999999989,58215.2
M20933,M,27.75,37.650000000000034,90.0,1474.0,39.2,191.0,0,0,0,0,0,0,-9.900000000000034,57780.8
L55125,L,27.650000000000034,38.55000000000001,90.0,1464.0,35.0,12.0,0,0,0,0,0,0,-10.899999999999977,51240.0
L48236,L,23.650000000000034,34.35000000000002,90.0,1565.0,39.5,87.0,0,0,0,0,0,0,-10.699999999999989,61817.5
M17972,M,26.75,35.950000000000045,90.0,1724.0,30.5,7.0,0,0,0,0,0,0,-9.200000000000045,52582.0
M20589,M,29.150000000000034,38.650000000000034,90.0,1409.0,54.1,201.0,0,0,0,0,0,0,-9.5,76226.90000000001
L55562,L,25.75,36.85000000000002,90.0,1425.0,49.3,35.0,0,0,0,0,0,0,-11.100000000000023,70252.5
L54602,L,26.850000000000023,38.25,90.0,1543.0,34.9,206.0,0,0,0,0,0,0,-11.399999999999977,53850.7
L52355,L,31.05000000000001,40.25,90.0,1517.0,37.7,86.0,0,0,0,0,0,0,-9.199999999999989,57190.9
H38017,H,24.150000000000034,34.85000000000002,90.0,1422.0,52.1,213.0,0,0,0,0,0,0,-10.699999999999989,74086.2
L52195,L,30.75,39.85000000000002,90.0,1622.0,37.1,195.0,0,0,0,0,0,0,-9.100000000000023,60176.200000000004
L56072,L,24.450000000000045,35.650000000000034,90.0,1432.0,43.6,121.0,0,0,0,0,0,0,-11.199999999999989,62435.200000000004
L54542,L,26.350000000000023,36.85000000000002,90.0,1601.0,35.7,54.0,0,0,0,0,0,0,-10.5,57155.700000000004
L57070,L,25.650000000000034,36.35000000000002,90.0,1535.0,40.2,124.0,0,0,0,0,0,0,-10.699999999999989,61707.00000000001
L50697,L,28.850000000000023,37.85000000000002,90.0,1430.0,47.8,20.0,0,0,0,0,0,0,-9.0,68354.0
M16603,M,25.350000000000023,34.85000000000002,90.0,1446.0,44.7,161.0,0,0,0,0,0,0,-9.5,64636.200000000004
L52950,L,28.75,38.25,90.0,1324.0,49.1,45.0,0,0,0,0,0,0,-9.5,65008.4
L48218,L,23.650000000000034,34.55000000000001,90.0,1517.0,41.9,80.0,0,0,0,0,0,0,-10.899999999999977,63562.299999999996
L55275,L,27.05000000000001,38.450000000000045,90.0,1558.0,36.7,167.0,0,0,0,0,0,0,-11.400000000000034,57178.600000000006
M21445,M,28.25,37.35000000000002,90.0,1457.0,41.6,205.0,0,0,0,0,0,0,-9.100000000000023,60611.200000000004
L56857,L,25.75,36.950000000000045,90.0,1488.0,39.5,15.0,0,0,0,0,0,0,-11.200000000000045,58776.0
L54757,L,27.25,38.05000000000001,90.0,1509.0,41.3,169.0,0,0,0,0,0,0,-10.800000000000011,62321.7
L50508,L,28.450000000000045,37.450000000000045,90.0,1418.0,43.9,13.0,0,0,0,0,0,0,-9.0,62250.2
L53722,L,28.150000000000034,37.650000000000034,90.0,1394.0,46.1,140.0,0,0,0,0,0,0,-9.5,64263.4
M17661,M,27.05000000000001,36.25,90.0,1513.0,42.8,94.0,0,0,0,0,0,0,-9.199999999999989,64756.399999999994
L53940,L,28.350000000000023,37.75,90.0,1735.0,27.5,73.0,0,0,0,0,0,0,-9.399999999999977,47712.5
L54395,L,26.850000000000023,36.650000000000034,90.0,1419.0,46.6,131.0,0,0,0,0,0,0,-9.800000000000011,66125.40000000001
L49689,L,25.850000000000023,35.75,90.0,1528.0,35.9,163.0,0,0,0,0,0,0,-9.899999999999977,54855.2
H33443,H,28.850000000000023,37.85000000000002,90.0,1721.0,27.7,141.0,0,0,0,0,0,0,-9.0,47671.7
L56957,L,25.450000000000045,36.35000000000002,90.0,1395.0,44.4,59.0,0,0,0,0,0,0,-10.899999999999977,61938.0
L48859,L,24.850000000000023,34.35000000000002,90.0,1540.0,37.9,217.0,0,0,0,0,0,0,-9.5,58366.0
H31629,H,26.55000000000001,35.55000000000001,90.0,1468.0,49.6,132.0,0,0,0,0,0,0,-9.0,72812.8
M18424,M,28.55000000000001,37.85000000000002,90.0,1732.0,24.9,85.0,0,0,0,0,0,0,-9.300000000000011,43126.799999999996
H34790,H,29.75,39.05000000000001,90.0,1375.0,48.3,214.0,0,0,0,0,0,0,-9.300000000000011,66412.5
L56293,L,24.450000000000045,35.35000000000002,90.0,1512.0,36.2,64.0,0,0,0,0,0,0,-10.899999999999977,54734.4
M17657,M,27.150000000000034,36.450000000000045,90.0,1597.0,43.1,82.0,0,0,0,0,0,0,-9.300000000000011,68830.7
L54126,L,27.55000000000001,38.05000000000001,90.0,1496.0,46.9,57.0,0,0,0,0,0,0,-10.5,70162.4
L55108,L,27.55000000000001,38.55000000000001,90.0,1474.0,47.6,104.0,0,0,0,0,0,0,-11.0,70162.40000000001
L49978,L,27.150000000000034,36.450000000000045,90.0,1549.0,39.2,85.0,0,0,0,0,0,0,-9.300000000000011,60720.8
L53256,L,27.850000000000023,37.75,90.0,1526.0,37.5,199.0,0,0,0,0,0,0,-9.899999999999977,57225.0
M24786,M,25.350000000000023,35.450000000000045,90.0,1418.0,36.0,57.0,0,0,0,0,0,0,-10.100000000000023,51048.0
M23821,M,24.650000000000034,34.85000000000002,90.0,1403.0,45.0,77.0,0,0,0,0,0,0,-10.199999999999989,63135.0
L50408,L,27.450000000000045,36.35000000000002,90.0,1420.0,46.8,166.0,0,0,0,0,0,0,-8.899999999999977,66456.0
H33778,H,28.950000000000045,36.950000000000045,90.0,1418.0,45.5,179.0,0,0,0,0,0,0,-8.0,64519.0
L52657,L,29.55000000000001,38.950000000000045,90.0,1763.0,26.5,12.0,0,0,0,0,0,0,-9.400000000000034,46719.5
M23211,M,25.55000000000001,36.450000000000045,90.0,1539.0,38.8,189.0,0,0,0,0,0,0,-10.900000000000034,59713.2
L50335,L,27.350000000000023,36.55000000000001,90.0,1367.0,54.0,136.0,0,0,0,0,0,0,-9.199999999999989,73818.0
L54895,L,27.55000000000001,38.35000000000002,90.0,1448.0,49.6,0.0,0,0,0,0,0,0,-10.800000000000011,71820.8
L49700,L,25.650000000000034,35.450000000000045,90.0,1501.0,41.2,40.0,0,0,0,0,0,0,-9.800000000000011,61841.200000000004
L55139,L,27.850000000000023,38.950000000000045,90.0,1585.0,34.6,50.0,0,0,0,0,0,0,-11.100000000000023,54841.0
L55882,L,24.05000000000001,35.450000000000045,90.0,1774.0,30.8,30.0,0,0,0,0,0,0,-11.400000000000034,54639.200000000004
L52682,L,29.650000000000034,38.950000000000045,90.0,1486.0,43.1,35.0,0,0,0,0,0,0,-9.300000000000011,64046.6
L48539,L,25.55000000000001,37.05000000000001,90.0,1433.0,45.1,54.0,0,0,0,0,0,0,-11.5,64628.3
L49196,L,25.350000000000023,35.05000000000001,90.0,1387.0,45.7,48.0,0,0,0,0,0,0,-9.699999999999989,63385.9
L54339,L,26.850000000000023,36.85000000000002,90.0,1351.0,52.3,9.0,0,0,0,0,0,0,-10.0,70657.3
L49699,L,25.650000000000034,35.55000000000001,90.0,1659.0,28.9,17.0,0,0,0,0,0,0,-9.899999999999977,47945.1
L53333,L,27.850000000000023,37.950000000000045,90.0,1418.0,45.7,177.0,0,0,0,0,0,0,-10.100000000000023,64802.600000000006
M21193,M,27.25,36.75,90.0,1588.0,31.8,2.0,0,0,0,0,0,0,-9.5,50498.4
L55912,L,24.05000000000001,35.35000000000002,90.0,1764.0,26.4,94.0,0,0,0,0,0,0,-11.300000000000011,46569.6
M16103,M,25.850000000000023,37.05000000000001,90.0,1627.0,34.3,196.0,0,0,0,0,0,0,-11.199999999999989,55806.1
L53886,L,28.350000000000023,37.55000000000001,90.0,1481.0,38.1,70.0,0,0,0,0,0,0,-9.199999999999989,56426.1
M20954,M,27.75,37.650000000000034,90.0,1402.0,48.2,22.0,0,0,0,0,0,0,-9.900000000000034,67576.40000000001
L49181,L,25.25,35.150000000000034,90.0,1579.0,34.6,11.0,0,0,0,0,0,0,-9.900000000000034,54633.4
M17647,M,27.05000000000001,36.35000000000002,90.0,1540.0,38.3,57.0,0,0,0,0,0,0,-9.300000000000011,58981.99999999999
H31191,H,24.850000000000023,34.650000000000034,90.0,1618.0,36.1,109.0,0,0,0,0,0,0,-9.800000000000011,58409.8
L53107,L,27.350000000000023,37.05000000000001,90.0,1648.0,35.4,43.0,0,0,0,0,0,0,-9.699999999999989,58339.2
L53787,L,28.350000000000023,37.55000000000001,90.0,1555.0,43.7,48.0,0,0,0,0,0,0,-9.199999999999989,67953.5
L54400,L,26.650000000000034,36.55000000000001,90.0,1429.0,44.6,127.0,0,0,0,0,0,0,-9.899999999999977,63733.4
M18824,M,29.150000000000034,38.450000000000045,90.0,1529.0,42.2,52.0,0,0,0,0,0,0,-9.300000000000011,64523.8
L53126,L,27.55000000000001,37.650000000000034,90.0,1363.0,50.5,95.0,0,0,0,0,0,0,-10.100000000000023,68831.5
L54986,L,26.850000000000023,38.25,90.0,1349.0,48.6,113.0,0,0,0,0,0,0,-11.399999999999977,65561.40000000001
L55071,L,27.55000000000001,39.35000000000002,90.0,1517.0,38.0,66.0,0,0,0,0,0,0,-11.800000000000011,57646.0
L50021,L,27.25,36.25,90.0,1510.0,29.4,0.0,0,0,0,0,0,0,-9.0,44394.0
L56291,L,24.450000000000045,35.450000000000045,90.0,1645.0,31.0,37.0,0,0,0,0,0,0,-11.0,50995.0
M22922,M,27.05000000000001,38.450000000000045,90.0,1403.0,51.2,81.0,0,0,0,0,0,0,-11.400000000000034,71833.6
L49566,L,25.950000000000045,35.25,90.0,1445.0,40.0,130.0,0,0,0,0,0,0,-9.299999999999955,57800.0
M19147,M,28.75,36.75,90.0,1457.0,39.2,192.0,0,0,0,0,0,0,-8.0,57114.4
L51183,L,29.350000000000023,38.150000000000034,90.0,1510.0,46.6,139.0,0,0,0,0,0,0,-8.800000000000011,70366.0
L54895,L,27.350000000000023,38.35000000000002,90.0,1302.0,47.2,0.0,0,0,0,0,0,0,-11.0,61454.4
L53245,L,27.850000000000023,37.75,90.0,1717.0,30.2,37.0,0,0,0,0,0,0,-9.899999999999977,51853.4
L55610,L,25.650000000000034,36.650000000000034,90.0,1607.0,57.2,74.0,0,0,0,0,0,0,-11.0,91920.40000000001
L49645,L,25.75,35.35000000000002,90.0,1481.0,40.7,150.0,0,0,0,0,0,0,-9.600000000000023,60276.700000000004
L50462,L,28.05000000000001,36.25,90.0,1356.0,52.1,21.0,0,0,0,0,0,0,-8.199999999999989,70647.6
M21262,M,27.05000000000001,36.650000000000034,90.0,1481.0,41.9,106.0,0,0,0,0,0,0,-9.600000000000023,62053.9
M22063,M,26.650000000000034,36.450000000000045,90.0,1608.0,48.0,47.0,0,0,0,0,0,0,-9.800000000000011,77184.0
M19192,M,28.55000000000001,37.05000000000001,90.0,1418.0,44.3,87.0,0,0,0,0,0,0,-8.5,62817.399999999994
L51377,L,29.25,37.85000000000002,90.0,1524.0,36.5,98.0,0,0,0,0,0,0,-8.600000000000023,55626.0
M23843,M,23.850000000000023,34.55000000000001,90.0,1569.0,31.1,126.0,0,0,0,0,0,0,-10.699999999999989,48795.9
M15532,M,24.55000000000001,35.950000000000045,90.0,1424.0,43.2,206.0,0,0,0,0,0,0,-11.400000000000034,61516.8
L53022,L,28.150000000000034,38.05000000000001,90.0,1451.0,50.6,37.0,0,0,0,0,0,0,-9.899999999999977,73420.6
L50562,L,28.25,37.35000000000002,90.0,1492.0,39.5,174.0,0,0,0,0,0,0,-9.100000000000023,58934.0
M23992,M,24.450000000000045,35.450000000000045,90.0,1513.0,42.0,90.0,0,0,0,0,0,0,-11.0,63546.0
M20467,M,29.75,38.950000000000045,90.0,1633.0,31.6,98.0,0,0,0,0,0,0,-9.200000000000045,51602.8
L55379,L,26.05000000000001,37.55000000000001,90.0,1425.0,49.8,225.0,1,1,0,0,0,0,-11.5,70965.0
L56398,L,24.55000000000001,35.75,90.0,1363.0,56.2,204.0,1,0,0,0,1,0,-11.199999999999989,76600.6
M17123,M,26.05000000000001,35.25,90.0,1364.0,51.9,166.0,0,0,0,0,0,0,-9.199999999999989,70791.59999999999
M18087,M,27.350000000000023,36.25,90.0,1425.0,46.3,91.0,0,0,0,0,0,0,-8.899999999999977,65977.5
M16379,M,25.05000000000001,35.75,90.0,1466.0,44.7,28.0,0,0,0,0,0,0,-10.699999999999989,65530.200000000004
L50454,L,28.150000000000034,36.85000000000002,90.0,1534.0,36.3,0.0,0,0,0,0,0,0,-8.699999999999989,55684.2
L51442,L,29.450000000000045,37.85000000000002,90.0,1437.0,41.9,162.0,0,0,0,0,0,0,-8.399999999999977,60210.299999999996
L55071,L,27.650000000000034,39.450000000000045,90.0,1517.0,37.7,112.0,0,0,0,0,0,0,-11.800000000000011,57190.9
L53535,L,26.950000000000045,36.55000000000001,90.0,1389.0,47.7,34.0,0,0,0,0,0,0,-9.599999999999966,66255.3
L56447,L,25.05000000000001,35.85000000000002,90.0,1498.0,43.2,28.0,0,0,0,0,0,0,-10.800000000000011,64713.600000000006
M23380,M,25.150000000000034,36.35000000000002,90.0,1288.0,49.6,199.0,0,0,0,0,0,0,-11.199999999999989,63884.8
L48245,L,23.650000000000034,34.75,90.0,1546.0,37.7,148.0,0,0,0,0,0,0,-11.099999999999966,58284.200000000004
M15948,M,23.75,34.650000000000034,90.0,1532.0,43.9,0.0,0,0,0,0,0,0,-10.900000000000034,67254.8
L55162,L,27.850000000000023,39.150000000000034,90.0,1488.0,42.6,74.0,0,0,0,0,0,0,-11.300000000000011,63388.8
M19058,M,29.25,37.950000000000045,90.0,1708.0,30.1,9.0,0,0,0,0,0,0,-8.700000000000045,51410.8
L56008,L,24.150000000000034,35.650000000000034,90.0,1378.0,43.4,181.0,0,0,0,0,0,0,-11.5,59805.2
L55025,L,27.05000000000001,38.55000000000001,90.0,1617.0,34.0,210.0,0,0,0,0,0,0,-11.5,54978.0
H35660,H,28.25,37.650000000000034,90.0,1506.0,40.6,37.0,0,0,0,0,0,0,-9.400000000000034,61143.6
L53944,L,28.25,37.650000000000034,90.0,1495.0,31.4,175.0,0,0,0,0,0,0,-9.400000000000034,46943.0
L54266,L,27.450000000000045,37.25,90.0,1306.0,55.7,215.0,0,0,0,0,0,0,-9.799999999999955,72744.2
L56332,L,24.350000000000023,35.450000000000045,90.0,1388.0,53.6,124.0,0,0,0,0,0,0,-11.100000000000023,74396.8
L55665,L,25.350000000000023,36.35000000000002,90.0,1501.0,38.9,162.0,0,0,0,0,0,0,-11.0,58388.9
M19840,M,30.55000000000001,39.55000000000001,90.0,1759.0,23.0,203.0,0,0,0,0,0,0,-9.0,40457.0
M24298,M,24.950000000000045,35.55000000000001,90.0,1411.0,42.5,54.0,0,0,0,0,0,0,-10.599999999999966,59967.5
L47875,L,24.450000000000045,36.150000000000034,90.0,1657.0,31.3,201.0,0,0,0,0,0,0,-11.699999999999989,51864.1
L56918,L,25.75,36.85000000000002,90.0,1476.0,39.0,168.0,0,0,0,0,0,0,-11.100000000000023,57564.0
L54293,L,27.650000000000034,37.25,90.0,1445.0,46.3,67.0,0,0,0,0,0,0,-9.599999999999966,66903.5
L55753,L,24.450000000000045,35.450000000000045,90.0,1390.0,47.8,130.0,0,0,0,0,0,0,-11.0,66442.0
H35398,H,27.55000000000001,37.650000000000034,90.0,1375.0,52.0,193.0,0,0,0,0,0,0,-10.100000000000023,71500.0
L52956,L,28.650000000000034,37.950000000000045,90.0,1551.0,40.7,104.0,0,0,0,0,0,0,-9.300000000000011,63125.700000000004
L54783,L,27.25,37.950000000000045,90.0,1705.0,28.9,23.0,0,0,0,0,0,0,-10.700000000000045,49274.5
L53395,L,27.850000000000023,37.450000000000045,90.0,1530.0,33.7,100.0,0,0,0,0,0,0,-9.600000000000023,51561.00000000001
L49561,L,26.05000000000001,35.150000000000034,90.0,1443.0,52.2,119.0,0,0,0,0,0,0,-9.100000000000023,75324.6
L49187,L,25.450000000000045,35.25,90.0,1562.0,36.1,25.0,0,0,0,0,0,0,-9.799999999999955,56388.200000000004
M23276,M,25.75,36.650000000000034,90.0,1461.0,46.7,73.0,0,0,0,0,0,0,-10.900000000000034,68228.7
L52655,L,29.55000000000001,39.05000000000001,90.0,1336.0,46.8,164.0,0,0,0,0,0,0,-9.5,62524.799999999996
L53824,L,28.350000000000023,37.35000000000002,90.0,1548.0,37.9,142.0,0,0,0,0,0,0,-9.0,58669.2
L54977,L,26.850000000000023,38.35000000000002,90.0,1373.0,46.9,31.0,0,0,0,0,0,0,-11.5,64393.7
L49519,L,26.05000000000001,35.25,90.0,1376.0,49.9,8.0,0,0,0,0,0,0,-9.199999999999989,68662.4
L49071,L,24.55000000000001,34.25,90.0,1764.0,29.0,181.0,0,0,0,0,0,0,-9.699999999999989,51156.0
M15776,M,22.450000000000045,32.950000000000045,90.0,1417.0,46.0,215.0,0,0,0,0,0,0,-10.5,65182.0
L47274,L,25.850000000000023,35.55000000000001,90.0,1622.0,31.9,42.0,0,0,0,0,0,0,-9.699999999999989,51741.799999999996
L51579,L,29.150000000000034,36.950000000000045,90.0,1545.0,34.8,34.0,0,0,0,0,0,0,-7.800000000000011,53765.99999999999
L53956,L,28.150000000000034,37.450000000000045,90.0,1450.0,38.6,23.0,0,0,0,0,0,0,-9.300000000000011,55970.0
L56213,L,24.25,35.150000000000034,90.0,1494.0,35.9,139.0,0,0,0,0,0,0,-10.900000000000034,53634.6
L55646,L,25.55000000000001,36.650000000000034,90.0,1621.0,38.4,62.0,0,0,0,0,0,0,-11.100000000000023,62246.399999999994
L47384,L,25.25,35.35000000000002,90.0,1431.0,43.4,112.0,0,0,0,0,0,0,-10.100000000000023,62105.4
L53076,L,27.950000000000045,37.650000000000034,90.0,1517.0,55.7,169.0,0,0,0,0,0,0,-9.699999999999989,84496.90000000001
M15817,M,22.650000000000034,33.25,90.0,1532.0,36.2,81.0,0,0,0,0,0,0,-10.599999999999966,55458.4
L56220,L,24.150000000000034,35.150000000000034,90.0,1343.0,52.5,54.0,0,0,0,0,0,0,-11.0,70507.5
M21657,M,28.05000000000001,37.55000000000001,90.0,1615.0,46.7,95.0,0,0,0,0,0,0,-9.5,75420.5
L54833,L,27.25,38.55000000000001,90.0,1492.0,44.6,74.0,0,0,0,0,0,0,-11.300000000000011,66543.2
M17096,M,26.150000000000034,35.450000000000045,90.0,1384.0,42.1,186.0,0,0,0,0,0,0,-9.300000000000011,58266.4
L48636,L,25.850000000000023,37.150000000000034,90.0,1501.0,34.1,91.0,0,0,0,0,0,0,-11.300000000000011,51184.1
M15004,M,25.25,35.05000000000001,90.0,1585.0,32.4,169.0,0,0,0,0,0,0,-9.800000000000011,51354.0
M22376,M,27.150000000000034,38.55000000000001,90.0,1236.0,38.8,12.0,0,0,0,0,0,0,-11.399999999999977,47956.799999999996
L47537,L,24.450000000000045,35.450000000000045,90.0,1615.0,32.0,66.0,0,0,0,0,0,0,-11.0,51680.0
L51710,L,29.350000000000023,37.25,90.0,1487.0,42.0,148.0,0,0,0,0,0,0,-7.899999999999977,62454.0
M15390,M,24.350000000000023,36.35000000000002,90.0,1395.0,42.7,65.0,0,0,0,0,0,0,-12.0,59566.50000000001
M19276,M,29.450000000000045,37.35000000000002,90.0,1532.0,36.1,77.0,0,0,0,0,0,0,-7.899999999999977,55305.200000000004
L55075,L,27.650000000000034,38.950000000000045,90.0,1522.0,40.3,57.0,0,0,0,0,0,0,-11.300000000000011,61336.6
L56962,L,25.55000000000001,36.650000000000034,90.0,1739.0,27.5,64.0,0,0,0,0,0,0,-11.100000000000023,47822.5
L50548,L,28.25,37.650000000000034,90.0,1350.0,58.5,13.0,0,0,0,0,0,0,-9.400000000000034,78975.0
L55994,L,24.150000000000034,35.25,90.0,1692.0,29.6,2.0,0,0,0,0,0,0,-11.099999999999966,50083.200000000004
L56661,L,25.75,36.450000000000045,90.0,1771.0,27.6,183.0,0,0,0,0,0,0,-10.700000000000045,48879.600000000006
L53727,L,28.25,37.25,90.0,1602.0,32.7,171.0,0,0,0,0,0,0,-9.0,52385.4
L56772,L,25.850000000000023,36.950000000000045,90.0,1379.0,45.5,39.0,0,0,0,0,0,0,-11.100000000000023,62744.5
L54767,L,27.25,37.950000000000045,90.0,1359.0,50.0,193.0,0,0,0,0,0,0,-10.700000000000045,67950.0
L55273,L,27.05000000000001,38.450000000000045,90.0,1710.0,27.1,26.0,0,0,0,0,0,0,-11.400000000000034,46341.0
M16116,M,24.350000000000023,35.25,90.0,1609.0,32.9,12.0,0,0,0,0,0,0,-10.899999999999977,52936.1
L52557,L,29.75,39.25,90.0,1487.0,42.1,192.0,0,0,0,0,0,0,-9.5,62602.700000000004
M23678,M,24.25,35.55000000000001,90.0,1452.0,40.9,117.0,0,0,0,0,0,0,-11.300000000000011,59386.799999999996
L49956,L,26.950000000000045,36.25,90.0,1577.0,33.4,95.0,0,0,0,0,0,0,-9.299999999999955,52671.799999999996
L53070,L,28.25,37.85000000000002,90.0,1634.0,37.7,155.0,0,0,0,0,0,0,-9.600000000000023,61601.8
L48730,L,25.150000000000034,35.75,90.0,1566.0,33.8,121.0,0,0,0,0,0,0,-10.599999999999966,52930.799999999996
L48715,L,24.850000000000023,35.85000000000002,90.0,1581.0,36.1,0.0,0,0,0,0,0,0,-11.0,57074.100000000006
M22729,M,27.350000000000023,38.950000000000045,90.0,1779.0,27.7,46.0,0,0,0,0,0,0,-11.600000000000023,49278.299999999996
M21932,M,27.55000000000001,37.450000000000045,90.0,1448.0,46.3,46.0,0,0,0,0,0,0,-9.900000000000034,67042.4
M21844,M,27.55000000000001,37.85000000000002,90.0,1378.0,41.9,153.0,0,0,0,0,0,0,-10.300000000000011,57738.2
L51715,L,29.350000000000023,37.25,90.0,1457.0,36.2,96.0,0,0,0,0,0,0,-7.899999999999977,52743.4
L56350,L,24.55000000000001,35.55000000000001,90.0,1523.0,46.8,188.0,0,0,0,0,0,0,-11.0,71276.4
L54699,L,27.05000000000001,38.450000000000045,90.0,1601.0,33.0,19.0,0,0,0,0,0,0,-11.400000000000034,52833.0
L49271,L,26.25,36.05000000000001,90.0,1433.0,42.1,5.0,0,0,0,0,0,0,-9.800000000000011,60329.3
L48488,L,25.650000000000034,36.950000000000045,90.0,1750.0,36.8,156.0,0,0,0,0,0,0,-11.300000000000011,64399.99999999999
M21140,M,27.950000000000045,37.55000000000001,90.0,1392.0,47.7,53.0,0,0,0,0,0,0,-9.599999999999966,66398.40000000001
L56906,L,25.650000000000034,36.650000000000034,90.0,1557.0,36.0,141.0,0,0,0,0,0,0,-11.0,56052.0
L47894,L,24.25,35.450000000000045,90.0,1394.0,46.2,116.0,0,0,0,0,0,0,-11.200000000000045,64402.8
M24620,M,25.350000000000023,36.450000000000045,90.0,1509.0,37.0,2.0,0,0,0,0,0,0,-11.100000000000023,55833.0
L55981,L,24.25,35.450000000000045,90.0,1488.0,38.5,71.0,0,0,0,0,0,0,-11.200000000000045,57288.0
L53736,L,28.150000000000034,37.450000000000045,90.0,1453.0,46.9,135.0,0,0,0,0,0,0,-9.300000000000011,68145.7
L52699,L,29.650000000000034,38.75,90.0,1509.0,40.4,196.0,0,0,0,0,0,0,-9.099999999999966,60963.6
M22133,M,27.05000000000001,37.05000000000001,90.0,1704.0,29.2,42.0,0,0,0,0,0,0,-10.0,49756.799999999996
L52141,L,30.650000000000034,39.55000000000001,90.0,1398.0,54.3,68.0,0,0,0,0,0,0,-8.899999999999977,75911.4
M15881,M,23.25,34.25,90.0,1463.0,45.2,33.0,0,0,0,0,0,0,-11.0,66127.6
H33648,H,29.05000000000001,37.75,90.0,1363.0,53.8,61.0,0,0,0,0,0,0,-8.699999999999989,73329.4
H35266,H,28.05000000000001,37.75,90.0,1519.0,38.0,147.0,0,0,0,0,0,0,-9.699999999999989,57722.0
L52651,L,29.450000000000045,38.85000000000002,90.0,1698.0,32.8,163.0,0,0,0,0,0,0,-9.399999999999977,55694.399999999994
L54033,L,27.850000000000023,37.950000000000045,90.0,1412.0,44.9,124.0,0,0,0,0,0,0,-10.100000000000023,63398.799999999996
L54632,L,27.150000000000034,38.55000000000001,90.0,1597.0,30.9,5.0,0,0,0,0,0,0,-11.399999999999977,49347.299999999996
L56774,L,26.05000000000001,37.25,90.0,1680.0,29.4,52.0,0,0,0,0,0,0,-11.199999999999989,49392.0
L50090,L,27.450000000000045,36.35000000000002,90.0,1459.0,48.5,124.0,0,0,0,0,0,0,-8.899999999999977,70761.5
L51620,L,29.25,36.950000000000045,90.0,1785.0,23.6,146.0,0,0,0,0,0,0,-7.7000000000000455,42126.0
L50562,L,28.350000000000023,37.450000000000045,90.0,1513.0,40.0,160.0,0,0,0,0,0,0,-9.100000000000023,60520.0
L56413,L,25.150000000000034,35.950000000000045,90.0,1403.0,37.2,171.0,0,0,0,0,0,0,-10.800000000000011,52191.600000000006
L55124,L,27.650000000000034,38.55000000000001,90.0,1442.0,46.6,199.0,0,0,0,0,0,0,-10.899999999999977,67197.2
L49078,L,24.650000000000034,34.35000000000002,90.0,1499.0,40.0,12.0,0,0,0,0,0,0,-9.699999999999989,59960.0
L48917,L,25.25,34.75,90.0,1390.0,43.0,54.0,0,0,0,0,0,0,-9.5,59770.0
L54019,L,28.05000000000001,38.05000000000001,90.0,1558.0,34.1,17.0,0,0,0,0,0,0,-10.0,53127.8
H37401,H,27.850000000000023,39.05000000000001,90.0,1462.0,47.9,148.0,0,0,0,0,0,0,-11.199999999999989,70029.8
M24600,M,25.75,36.950000000000045,90.0,1407.0,42.5,164.0,0,0,0,0,0,0,-11.200000000000045,59797.5
L53360,L,27.950000000000045,37.75,90.0,1492.0,48.0,171.0,0,0,0,0,0,0,-9.799999999999955,71616.0
L54235,L,27.650000000000034,37.450000000000045,90.0,1468.0,40.6,139.0,0,0,0,0,0,0,-9.800000000000011,59600.8
L56208,L,24.25,35.150000000000034,90.0,1488.0,43.2,21.0,0,0,0,0,0,0,-10.900000000000034,64281.600000000006
L50876,L,29.05000000000001,38.25,90.0,1518.0,46.6,158.0,0,0,0,0,0,0,-9.199999999999989,70738.8
L56887,L,25.850000000000023,37.150000000000034,90.0,1285.0,52.1,79.0,0,0,0,0,0,0,-11.300000000000011,66948.5
L54856,L,27.450000000000045,38.35000000000002,90.0,1441.0,43.5,206.0,0,0,0,0,0,0,-10.899999999999977,62683.5
L49994,L,26.450000000000045,35.950000000000045,90.0,1366.0,56.5,95.0,0,0,0,0,0,0,-9.5,77179.0
L56528,L,25.05000000000001,35.55000000000001,90.0,1349.0,49.1,26.0,0,0,0,0,0,0,-10.5,66235.90000000001
H30451,H,23.350000000000023,34.25,90.0,1618.0,39.5,69.0,0,0,0,0,0,0,-10.899999999999977,63911.0
H38805,H,25.150000000000034,35.75,90.0,1577.0,37.2,144.0,0,0,0,0,0,0,-10.599999999999966,58664.4
M18654,M,29.05000000000001,37.650000000000034,90.0,1622.0,36.3,36.0,0,0,0,0,0,0,-8.600000000000023,58878.6
M15683,M,23.450000000000045,34.35000000000002,90.0,1633.0,31.7,153.0,0,0,0,0,0,0,-10.899999999999977,51766.1
L49684,L,26.150000000000034,36.35000000000002,90.0,1322.0,49.8,0.0,1,0,0,0,1,0,-10.199999999999989,65835.59999999999
L50928,L,29.350000000000023,37.85000000000002,90.0,1365.0,51.1,149.0,1,0,1,0,0,0,-8.5,69751.5
L47891,L,24.25,35.450000000000045,90.0,1739.0,26.4,110.0,0,0,0,0,0,0,-11.200000000000045,45909.6
L47693,L,24.25,36.05000000000001,90.0,1428.0,42.0,26.0,0,0,0,0,0,0,-11.800000000000011,59976.0
L55784,L,24.350000000000023,35.25,90.0,1742.0,30.4,213.0,0,0,0,0,0,0,-10.899999999999977,52956.799999999996
L54280,L,27.55000000000001,37.05000000000001,90.0,1569.0,32.8,192.0,0,0,0,0,0,0,-9.5,51463.2
L51481,L,28.450000000000045,36.950000000000045,90.0,1458.0,48.0,8.0,0,0,0,0,0,0,-8.5,69984.0
L55795,L,24.450000000000045,35.450000000000045,90.0,1382.0,45.1,11.0,0,0,0,0,0,0,-11.0,62328.200000000004
H36377,H,27.650000000000034,37.85000000000002,90.0,1434.0,42.9,99.0,0,0,0,0,0,0,-10.199999999999989,61518.6
M17640,M,27.05000000000001,36.450000000000045,90.0,1347.0,50.8,36.0,0,0,0,0,0,0,-9.400000000000034,68427.59999999999
L50363,L,26.950000000000045,36.05000000000001,90.0,1449.0,39.8,199.0,0,0,0,0,0,0,-9.099999999999966,57670.2
M23757,M,24.150000000000034,34.950000000000045,90.0,1641.0,36.9,206.0,0,0,0,0,0,0,-10.800000000000011,60552.899999999994
M22349,M,27.150000000000034,38.650000000000034,90.0,1368.0,54.0,173.0,0,0,0,0,0,0,-11.5,73872.0
L48897,L,25.05000000000001,34.450000000000045,90.0,1528.0,34.5,82.0,0,0,0,0,0,0,-9.400000000000034,52716.0
L54868,L,27.450000000000045,38.55000000000001,90.0,1553.0,23.6,0.0,0,0,0,0,0,0,-11.099999999999966,36650.8
L56449,L,25.05000000000001,35.650000000000034,90.0,1586.0,32.1,32.0,0,0,0,0,0,0,-10.600000000000023,50910.600000000006
L47788,L,27.75,36.650000000000034,90.0,1403.0,51.4,43.0,0,0,0,0,0,0,-8.900000000000034,72114.2
M23611,M,24.25,35.35000000000002,90.0,1505.0,39.7,72.0,0,0,0,0,0,0,-11.100000000000023,59748.50000000001
L51563,L,28.55000000000001,36.35000000000002,90.0,1398.0,46.1,229.0,1,0,1,0,0,0,-7.800000000000011,64447.8
L49322,L,26.150000000000034,35.75,90.0,1471.0,45.8,163.0,0,0,0,0,0,0,-9.599999999999966,67371.8
L54905,L,27.450000000000045,38.55000000000001,90.0,1744.0,26.9,85.0,0,0,0,0,0,0,-11.099999999999966,46913.6
L51033,L,29.350000000000023,37.950000000000045,90.0,1486.0,44.2,192.0,0,0,0,0,0,0,-8.600000000000023,65681.2
L50257,L,26.850000000000023,36.150000000000034,90.0,1668.0,30.0,123.0,0,0,0,0,0,0,-9.300000000000011,50040.0
H36156,H,27.950000000000045,38.55000000000001,90.0,1403.0,44.8,192.0,0,0,0,0,0,0,-10.599999999999966,62854.399999999994
M18114,M,27.850000000000023,36.55000000000001,90.0,1397.0,48.8,162.0,0,0,0,0,0,0,-8.699999999999989,68173.59999999999
M15123,M,24.850000000000023,35.05000000000001,90.0,1587.0,32.3,30.0,0,0,0,0,0,0,-10.199999999999989,51260.1
M18757,M,29.05000000000001,37.950000000000045,90.0,1470.0,44.8,80.0,0,0,0,0,0,0,-8.900000000000034,65856.0
L52163,L,30.55000000000001,39.950000000000045,90.0,1469.0,39.7,213.0,0,0,0,0,0,0,-9.400000000000034,58319.3
L54459,L,26.850000000000023,36.950000000000045,90.0,1475.0,47.6,60.0,0,0,0,0,0,0,-10.100000000000023,70210.0
L50118,L,27.75,36.55000000000001,90.0,1565.0,35.2,196.0,0,0,0,0,0,0,-8.800000000000011,55088.00000000001
L50587,L,28.05000000000001,37.25,90.0,1381.0,50.2,92.0,0,0,0,0,0,0,-9.199999999999989,69326.2
L56160,L,23.850000000000023,34.55000000000001,90.0,1569.0,36.9,124.0,0,0,0,0,0,0,-10.699999999999989,57896.1
H30936,H,24.950000000000045,35.85000000000002,90.0,1562.0,37.7,36.0,0,0,0,0,0,0,-10.899999999999977,58887.4
M16533,M,24.850000000000023,34.650000000000034,90.0,1636.0,32.7,196.0,0,0,0,0,0,0,-9.800000000000011,53497.200000000004
M20903,M,27.55000000000001,37.75,90.0,1468.0,41.8,166.0,0,0,0,0,0,0,-10.199999999999989,61362.399999999994
H32866,H,28.450000000000045,37.35000000000002,90.0,1486.0,40.4,174.0,0,0,0,0,0,0,-8.899999999999977,60034.4
L47786,L,23.850000000000023,34.75,90.0,1335.0,53.0,115.0,0,0,0,0,0,0,-10.899999999999977,70755.0
L53153,L,27.350000000000023,37.650000000000034,90.0,1495.0,36.5,157.0,0,0,0,0,0,0,-10.300000000000011,54567.5
M23667,M,24.25,35.450000000000045,90.0,1604.0,44.7,85.0,0,0,0,0,0,0,-11.200000000000045,71698.8
L47809,L,25.150000000000034,36.950000000000045,90.0,1523.0,45.2,64.0,0,0,0,0,0,0,-11.800000000000011,68839.6
L47384,L,25.150000000000034,35.450000000000045,90.0,1448.0,40.7,112.0,0,0,0,0,0,0,-10.300000000000011,58933.600000000006
L48881,L,24.850000000000023,34.55000000000001,90.0,1629.0,42.5,41.0,0,0,0,0,0,0,-9.699999999999989,69232.5
L49585,L,25.950000000000045,35.35000000000002,90.0,1667.0,30.5,181.0,0,0,0,0,0,0,-9.399999999999977,50843.5
L47367,L,25.05000000000001,35.150000000000034,90.0,1488.0,43.3,63.0,0,0,0,0,0,0,-10.100000000000023,64430.399999999994
L50755,L,28.55000000000001,37.35000000000002,90.0,1567.0,39.1,0.0,0,0,0,0,0,0,-8.800000000000011,61269.700000000004
H29494,H,25.650000000000034,35.650000000000034,90.0,1551.0,49.9,4.0,0,0,0,0,0,0,-10.0,77394.9
H36945,H,26.950000000000045,38.05000000000001,90.0,1377.0,56.7,59.0,0,0,0,0,0,0,-11.099999999999966,78075.90000000001
L56384,L,24.650000000000034,35.650000000000034,90.0,1752.0,27.9,68.0,0,0,0,0,0,0,-11.0,48880.799999999996
L47884,L,24.55000000000001,35.75,90.0,1386.0,50.7,173.0,0,0,0,0,0,0,-11.199999999999989,70270.2
L53455,L,27.55000000000001,37.55000000000001,90.0,1602.0,33.0,51.0,0,0,0,0,0,0,-10.0,52866.0
M22155,M,26.950000000000045,37.35000000000002,90.0,1446.0,43.4,148.0,0,0,0,0,0,0,-10.399999999999977,62756.4
L54736,L,27.150000000000034,38.25,90.0,1487.0,37.1,199.0,0,0,0,0,0,0,-11.099999999999966,55167.700000000004
L50553,L,28.25,37.55000000000001,90.0,1468.0,43.6,23.0,0,0,0,0,0,0,-9.300000000000011,64004.8
L56599,L,24.850000000000023,35.25,90.0,1409.0,46.2,13.0,0,0,0,0,0,0,-10.399999999999977,65095.8
L47234,L,25.650000000000034,35.85000000000002,90.0,1565.0,41.6,92.0,0,0,0,0,0,0,-10.199999999999989,65104.0
L49569,L,25.950000000000045,35.05000000000001,90.0,1515.0,27.0,33.0,0,0,0,0,0,0,-9.099999999999966,40905.0
H30585,H,23.850000000000023,34.650000000000034,90.0,1764.0,26.1,200.0,0,0,0,0,0,0,-10.800000000000011,46040.4
L53339,L,27.850000000000023,37.85000000000002,90.0,1399.0,28.7,174.0,0,0,0,0,0,0,-10.0,40151.299999999996
H31524,H,26.150000000000034,35.85000000000002,90.0,1802.0,27.5,70.0,0,0,0,0,0,0,-9.699999999999989,49555.0
L47991,L,23.650000000000034,34.450000000000045,90.0,1450.0,43.6,126.0,0,0,0,0,0,0,-10.800000000000011,63220.0
L55025,L,27.150000000000034,38.35000000000002,90.0,1495.0,37.6,7.0,0,0,0,0,0,0,-11.199999999999989,56212.0
L56583,L,24.55000000000001,35.450000000000045,90.0,1435.0,48.1,91.0,0,0,0,0,0,0,-10.900000000000034,69023.5
L50344,L,27.25,36.55000000000001,90.0,1568.0,35.2,7.0,0,0,0,0,0,0,-9.300000000000011,55193.600000000006
M19058,M,29.25,37.950000000000045,90.0,1429.0,46.7,195.0,0,0,0,0,0,0,-8.700000000000045,66734.3
L55467,L,25.75,37.450000000000045,90.0,1419.0,51.0,7.0,0,0,0,0,0,0,-11.700000000000045,72369.0
L50996,L,28.950000000000045,37.450000000000045,90.0,1685.0,32.6,93.0,0,0,0,0,0,0,-8.5,54931.0
L47838,L,24.650000000000034,35.950000000000045,90.0,1662.0,30.9,15.0,0,0,0,0,0,0,-11.300000000000011,51355.799999999996
L56406,L,24.850000000000023,35.950000000000045,90.0,1532.0,46.0,122.0,0,0,0,0,0,0,-11.100000000000023,70472.0
L55343,L,26.55000000000001,37.85000000000002,90.0,1271.0,36.4,202.0,0,0,0,0,0,0,-11.300000000000011,46264.4
M18667,M,29.150000000000034,37.950000000000045,90.0,1717.0,26.6,202.0,0,0,0,0,0,0,-8.800000000000011,45672.200000000004
M23035,M,26.75,37.150000000000034,90.0,1471.0,42.2,190.0,0,0,0,0,0,0,-10.400000000000034,62076.200000000004
L53182,L,27.350000000000023,37.150000000000034,90.0,1523.0,38.2,8.0,0,0,0,0,0,0,-9.800000000000011,58178.600000000006
M22024,M,27.05000000000001,36.950000000000045,90.0,1474.0,44.0,171.0,0,0,0,0,0,0,-9.900000000000034,64856.0
M18599,M,29.05000000000001,38.25,90.0,1679.0,28.8,67.0,0,0,0,0,0,0,-9.199999999999989,48355.200000000004
M20705,M,28.150000000000034,38.05000000000001,90.0,1727.0,26.5,43.0,0,0,0,0,0,0,-9.899999999999977,45765.5
L56681,L,26.150000000000034,37.05000000000001,90.0,1413.0,39.4,12.0,0,0,0,0,0,0,-10.899999999999977,55672.2
L50689,L,28.650000000000034,37.85000000000002,90.0,1515.0,39.9,162.0,0,0,0,0,0,0,-9.199999999999989,60448.5
L53154,L,27.350000000000023,37.55000000000001,90.0,1488.0,42.4,159.0,0,0,0,0,0,0,-10.199999999999989,63091.2
L51773,L,29.650000000000034,38.05000000000001,90.0,1409.0,41.9,98.0,0,0,0,0,0,0,-8.399999999999977,59037.1
L56332,L,24.350000000000023,35.450000000000045,90.0,1751.0,27.9,137.0,0,0,0,0,0,0,-11.100000000000023,48852.899999999994
L56843,L,25.850000000000023,36.75,90.0,1625.0,31.7,119.0,0,0,0,0,0,0,-10.899999999999977,51512.5
M19706,M,30.150000000000034,38.650000000000034,90.0,1403.0,50.9,75.0,0,0,0,0,0,0,-8.5,71412.7
L54293,L,27.75,37.25,90.0,1561.0,32.7,73.0,0,0,0,0,0,0,-9.5,51044.700000000004
L49375,L,26.450000000000045,35.75,90.0,1513.0,35.6,119.0,0,0,0,0,0,0,-9.299999999999955,53862.8
L55458,L,25.650000000000034,37.450000000000045,90.0,1530.0,36.0,95.0,0,0,0,0,0,0,-11.800000000000011,55080.0
L53434,L,27.850000000000023,37.25,90.0,1408.0,47.0,202.0,0,0,0,0,0,0,-9.399999999999977,66176.0
M15795,M,22.25,32.650000000000034,90.0,1518.0,40.8,184.0,0,0,0,0,0,0,-10.400000000000034,61934.399999999994
L50552,L,28.25,37.650000000000034,90.0,1529.0,42.4,148.0,0,0,0,0,0,0,-9.400000000000034,64829.6
M20772,M,27.55000000000001,37.150000000000034,90.0,1664.0,32.1,2.0,0,0,0,0,0,0,-9.600000000000023,53414.4
L49455,L,26.150000000000034,35.450000000000045,90.0,1330.0,60.6,81.0,0,0,0,0,0,0,-9.300000000000011,80598.0
L54368,L,27.25,37.25,90.0,1431.0,42.6,40.0,0,0,0,0,0,0,-10.0,60960.6
M18943,M,28.75,37.25,90.0,1567.0,40.0,100.0,0,0,0,0,0,0,-8.5,62680.0
L52784,L,29.75,39.05000000000001,90.0,1513.0,43.5,101.0,0,0,0,0,0,0,-9.300000000000011,65815.5
L48965,L,25.150000000000034,34.85000000000002,90.0,1578.0,33.2,51.0,0,0,0,0,0,0,-9.699999999999989,52389.600000000006
L55406,L,25.950000000000045,37.35000000000002,90.0,1479.0,47.5,64.0,0,0,0,0,0,0,-11.399999999999977,70252.5
L49450,L,26.150000000000034,35.450000000000045,90.0,1437.0,45.4,74.0,0,0,0,0,0,0,-9.300000000000011,65239.799999999996
M23619,M,24.350000000000023,35.55000000000001,90.0,1529.0,33.0,76.0,0,0,0,0,0,0,-11.199999999999989,50457.0
M23063,M,26.25,37.75,90.0,1473.0,41.1,49.0,0,0,0,0,0,0,-11.5,60540.3
M15347,M,24.25,35.950000000000045,90.0,1439.0,43.0,183.0,0,0,0,0,0,0,-11.700000000000045,61877.0
L56066,L,24.75,35.85000000000002,90.0,1627.0,31.4,104.0,0,0,0,0,0,0,-11.100000000000023,51087.799999999996
L49397,L,26.55000000000001,35.950000000000045,90.0,1547.0,37.4,139.0,0,0,0,0,0,0,-9.400000000000034,57857.799999999996
H32914,H,28.75,37.650000000000034,90.0,1427.0,54.0,132.0,0,0,0,0,0,0,-8.900000000000034,77058.0
L56469,L,25.05000000000001,35.75,90.0,1518.0,36.1,85.0,0,0,0,0,0,0,-10.699999999999989,54799.8
L50041,L,27.650000000000034,36.55000000000001,90.0,1375.0,46.3,240.0,0,0,0,0,0,0,-8.899999999999977,63662.49999999999
L47778,L,24.55000000000001,36.450000000000045,90.0,1480.0,47.9,94.0,0,0,0,0,0,0,-11.900000000000034,70892.0
L52639,L,29.55000000000001,39.150000000000034,90.0,1444.0,37.0,181.0,0,0,0,0,0,0,-9.600000000000023,53428.0
L54579,L,26.450000000000045,37.35000000000002,90.0,1418.0,48.6,149.0,0,0,0,0,0,0,-10.899999999999977,68914.8
L48696,L,24.950000000000045,35.75,90.0,1627.0,30.8,18.0,0,0,0,0,0,0,-10.799999999999955,50111.6
L55751,L,24.55000000000001,35.150000000000034,90.0,1565.0,40.8,125.0,0,0,0,0,0,0,-10.600000000000023,63851.99999999999
L56387,L,24.75,35.650000000000034,90.0,1519.0,39.6,75.0,0,0,0,0,0,0,-10.900000000000034,60152.4
H29707,H,24.950000000000045,35.450000000000045,90.0,1382.0,49.8,108.0,0,0,0,0,0,0,-10.5,68823.59999999999
M19447,M,29.650000000000034,37.85000000000002,90.0,1462.0,51.8,67.0,0,0,0,0,0,0,-8.199999999999989,75731.59999999999
L54774,L,27.450000000000045,38.150000000000034,90.0,1531.0,35.6,0.0,0,0,0,0,0,0,-10.699999999999989,54503.6
L49898,L,26.350000000000023,35.950000000000045,90.0,1486.0,47.3,106.0,0,0,0,0,0,0,-9.600000000000023,70287.8
M15190,M,24.450000000000045,35.150000000000034,90.0,1398.0,51.2,215.0,0,0,0,0,0,0,-10.699999999999989,71577.6
L50478,L,28.05000000000001,37.150000000000034,90.0,1531.0,38.1,61.0,0,0,0,0,0,0,-9.100000000000023,58331.1
L55300,L,27.05000000000001,38.25,90.0,1427.0,43.6,20.0,0,0,0,0,0,0,-11.199999999999989,62217.200000000004
L56574,L,24.55000000000001,34.950000000000045,90.0,1435.0,50.7,156.0,0,0,0,0,0,0,-10.400000000000034,72754.5
L50572,L,28.350000000000023,37.55000000000001,90.0,1408.0,47.3,7.0,0,0,0,0,0,0,-9.199999999999989,66598.4
M20757,M,27.350000000000023,37.55000000000001,90.0,1637.0,31.1,171.0,0,0,0,0,0,0,-10.199999999999989,50910.700000000004
H33722,H,28.650000000000034,36.950000000000045,90.0,1366.0,44.8,189.0,0,0,0,0,0,0,-8.300000000000011,61196.799999999996
L47663,L,24.25,35.85000000000002,90.0,1488.0,38.5,157.0,0,0,0,0,0,0,-11.600000000000023,57288.0
L47999,L,23.650000000000034,34.35000000000002,90.0,1318.0,59.5,144.0,0,0,0,0,0,0,-10.699999999999989,78421.0
L54714,L,27.350000000000023,38.150000000000034,90.0,1491.0,42.0,33.0,0,0,0,0,0,0,-10.800000000000011,62622.0
M21756,M,27.850000000000023,38.450000000000045,90.0,1469.0,40.0,140.0,0,0,0,0,0,0,-10.600000000000023,58760.0
L49180,L,25.25,34.950000000000045,90.0,1553.0,43.9,6.0,0,0,0,0,0,0,-9.700000000000045,68176.7
M17573,M,26.450000000000045,36.05000000000001,90.0,1651.0,35.6,92.0,0,0,0,0,0,0,-9.599999999999966,58775.600000000006
M18575,M,29.150000000000034,38.25,90.0,1475.0,45.2,46.0,0,0,0,0,0,0,-9.099999999999966,66670.0
M22602,M,27.350000000000023,38.75,90.0,1452.0,44.9,155.0,0,0,0,0,0,0,-11.399999999999977,65194.799999999996
L52912,L,29.05000000000001,38.650000000000034,90.0,1657.0,33.6,203.0,0,0,0,0,0,0,-9.600000000000023,55675.200000000004
L50849,L,29.25,38.650000000000034,90.0,1465.0,38.2,143.0,0,0,0,0,0,0,-9.400000000000034,55963.00000000001
H32395,H,27.350000000000023,36.25,90.0,1450.0,43.2,126.0,0,0,0,0,0,0,-8.899999999999977,62640.00000000001
M19812,M,30.650000000000034,39.55000000000001,90.0,1761.0,28.4,136.0,0,0,0,0,0,0,-8.899999999999977,50012.399999999994
L56376,L,24.850000000000023,35.75,90.0,1607.0,37.9,7.0,0,0,0,0,0,0,-10.899999999999977,60905.299999999996
H33905,H,29.450000000000045,37.35000000000002,90.0,1463.0,43.0,189.0,0,0,0,0,0,0,-7.899999999999977,62909.0
M24350,M,25.450000000000045,36.35000000000002,90.0,1439.0,42.5,85.0,0,0,0,0,0,0,-10.899999999999977,61157.5
M23048,M,26.55000000000001,37.950000000000045,90.0,1630.0,30.8,168.0,0,0,0,0,0,0,-11.400000000000034,50204.0
L54112,L,27.650000000000034,38.150000000000034,90.0,1486.0,36.5,24.0,0,0,0,0,0,0,-10.5,54239.0
L48412,L,24.05000000000001,35.450000000000045,90.0,1500.0,37.1,127.0,0,0,0,0,0,0,-11.400000000000034,55650.0
L56251,L,23.850000000000023,34.950000000000045,90.0,1486.0,42.5,127.0,0,0,0,0,0,0,-11.100000000000023,63155.0
M22478,M,27.25,38.25,90.0,1560.0,33.4,60.0,0,0,0,0,0,0,-11.0,52104.0
L54776,L,27.350000000000023,38.05000000000001,90.0,1621.0,32.8,202.0,0,0,0,0,0,0,-10.699999999999989,53168.799999999996
L48183,L,23.05000000000001,33.950000000000045,90.0,1444.0,43.4,44.0,0,0,0,0,0,0,-10.900000000000034,62669.6
M17869,M,27.350000000000023,36.55000000000001,90.0,1423.0,47.1,26.0,0,0,0,0,0,0,-9.199999999999989,67023.3
L56471,L,25.05000000000001,35.55000000000001,90.0,1353.0,39.7,89.0,0,0,0,0,0,0,-10.5,53714.100000000006
L48721,L,25.25,35.150000000000034,90.0,1490.0,38.4,18.0,0,0,0,0,0,0,-9.900000000000034,57216.0
L54418,L,26.650000000000034,36.85000000000002,90.0,1697.0,45.9,175.0,0,0,0,0,0,0,-10.199999999999989,77892.3
L55435,L,25.850000000000023,37.450000000000045,90.0,1386.0,44.0,116.0,0,0,0,0,0,0,-11.600000000000023,60984.0
L47720,L,24.25,36.25,90.0,1509.0,35.6,94.0,0,0,0,0,0,0,-12.0,53720.4
M19587,M,30.25,38.650000000000034,90.0,1557.0,38.2,203.0,0,0,0,0,0,0,-8.400000000000034,59477.4
L56314,L,24.55000000000001,35.55000000000001,90.0,1488.0,40.2,95.0,0,0,0,0,0,0,-11.0,59817.600000000006
L49560,L,25.950000000000045,35.05000000000001,90.0,1425.0,45.5,112.0,0,0,0,0,0,0,-9.099999999999966,64837.5
L48868,L,24.950000000000045,34.450000000000045,90.0,1633.0,32.8,92.0,0,0,0,0,0,0,-9.5,53562.399999999994
M16587,M,24.650000000000034,34.650000000000034,90.0,1547.0,36.6,204.0,0,0,0,0,0,0,-10.0,56620.200000000004
M21865,M,27.55000000000001,37.55000000000001,90.0,1521.0,34.9,0.0,0,0,0,0,0,0,-10.0,53082.9
L48952,L,25.05000000000001,35.150000000000034,90.0,1564.0,37.6,26.0,0,0,0,0,0,0,-10.100000000000023,58806.4
L55202,L,27.55000000000001,38.75,90.0,1525.0,41.0,210.0,0,0,0,0,0,0,-11.199999999999989,62525.0
L47249,L,25.650000000000034,35.950000000000045,90.0,1430.0,45.5,192.0,0,0,0,0,0,0,-10.300000000000011,65065.0
M15803,M,22.55000000000001,33.05000000000001,90.0,1556.0,36.6,126.0,0,0,0,0,0,0,-10.5,56949.600000000006
M15766,M,22.55000000000001,33.150000000000034,90.0,1458.0,43.2,158.0,0,0,0,0,0,0,-10.600000000000023,62985.600000000006
M16098,M,24.350000000000023,35.75,90.0,1535.0,38.5,17.0,0,0,0,0,0,0,-11.399999999999977,59097.5
L50666,L,28.75,37.650000000000034,90.0,1650.0,33.4,5.0,0,0,0,0,0,0,-8.900000000000034,55110.0
L48867,L,24.75,34.25,90.0,1565.0,35.8,12.0,0,0,0,0,0,0,-9.5,56026.99999999999
L56111,L,24.350000000000023,35.25,90.0,1386.0,42.4,2.0,0,0,0,0,0,0,-10.899999999999977,58766.4
M24765,M,25.75,36.75,90.0,1528.0,49.5,192.0,0,0,0,0,0,0,-11.0,75636.0
L51577,L,29.25,37.05000000000001,90.0,1539.0,47.2,29.0,0,0,0,0,0,0,-7.800000000000011,72640.8
M18269,M,28.05000000000001,37.25,90.0,1628.0,31.3,150.0,0,0,0,0,0,0,-9.199999999999989,50956.4
L53540,L,26.950000000000045,36.55000000000001,90.0,1523.0,40.1,17.0,0,0,0,0,0,0,-9.599999999999966,61072.3
L53966,L,28.05000000000001,37.75,90.0,1409.0,42.1,188.0,0,0,0,0,0,0,-9.699999999999989,59318.9
L54171,L,27.650000000000034,37.950000000000045,90.0,1509.0,31.3,191.0,0,0,0,0,0,0,-10.300000000000011,47231.700000000004
L51261,L,28.850000000000023,37.25,90.0,1397.0,62.9,110.0,1,0,0,0,1,0,-8.399999999999977,87871.3
L53965,L,28.05000000000001,37.450000000000045,90.0,1465.0,45.3,26.0,0,0,0,0,0,0,-9.400000000000034,66364.5
L50054,L,27.350000000000023,36.25,90.0,1546.0,37.6,174.0,0,0,0,0,0,0,-8.899999999999977,58129.600000000006
M21804,M,27.650000000000034,38.25,90.0,1350.0,54.0,53.0,0,0,0,0,0,0,-10.599999999999966,72900.0
L48526,L,25.450000000000045,36.950000000000045,90.0,1391.0,53.9,166.0,0,0,0,0,0,0,-11.5,74974.9
M24051,M,24.75,35.85000000000002,90.0,1589.0,36.4,148.0,0,0,0,0,0,0,-11.100000000000023,57839.6
L56838,L,25.850000000000023,36.75,90.0,1532.0,43.0,214.0,0,0,0,0,0,0,-10.899999999999977,65876.0
L49322,L,26.150000000000034,35.75,90.0,1376.0,31.3,163.0,0,0,0,0,0,0,-9.599999999999966,43068.8
L51888,L,30.25,38.55000000000001,90.0,1789.0,25.8,155.0,0,0,0,0,0,0,-8.300000000000011,46156.200000000004
L53440,L,27.950000000000045,37.55000000000001,90.0,1519.0,36.9,8.0,0,0,0,0,0,0,-9.599999999999966,56051.1
L49185,L,25.350000000000023,35.150000000000034,90.0,1608.0,30.5,20.0,0,0,0,0,0,0,-9.800000000000011,49044.0
L52366,L,30.850000000000023,39.85000000000002,90.0,1470.0,40.0,15.0,0,0,0,0,0,0,-9.0,58800.0
L54114,L,27.650000000000034,38.55000000000001,90.0,1555.0,38.6,22.0,0,0,0,0,0,0,-10.899999999999977,60023.0
L52774,L,29.450000000000045,38.85000000000002,90.0,1351.0,50.0,69.0,0,0,0,0,0,0,-9.399999999999977,67550.0
L56317,L,24.55000000000001,35.55000000000001,90.0,1392.0,28.4,104.0,0,0,0,0,0,0,-11.0,39532.799999999996
M18897,M,28.950000000000045,37.85000000000002,90.0,1671.0,30.0,15.0,0,0,0,0,0,0,-8.899999999999977,50130.0
L52364,L,30.850000000000023,39.85000000000002,90.0,1442.0,43.0,113.0,0,0,0,0,0,0,-9.0,62006.0
L53063,L,28.25,37.85000000000002,90.0,1633.0,31.5,135.0,0,0,0,0,0,0,-9.600000000000023,51439.5
M17420,M,26.25,35.950000000000045,90.0,1364.0,49.1,142.0,0,0,0,0,0,0,-9.700000000000045,66972.40000000001
M21132,M,27.950000000000045,37.450000000000045,90.0,1429.0,52.7,9.0,0,0,0,0,0,0,-9.5,75308.3
L50561,L,28.150000000000034,37.450000000000045,90.0,1530.0,38.3,45.0,0,0,0,0,0,0,-9.300000000000011,58598.99999999999
M23789,M,24.25,35.25,90.0,1620.0,39.6,181.0,0,0,0,0,0,0,-11.0,64152.0
L51038,L,29.350000000000023,37.85000000000002,90.0,1507.0,37.6,116.0,0,0,0,0,0,0,-8.5,56663.200000000004
H31793,H,26.05000000000001,35.05000000000001,90.0,1559.0,33.2,123.0,0,0,0,0,0,0,-9.0,51758.8
M23787,M,24.25,35.25,90.0,1789.0,51.1,210.0,0,0,0,0,0,0,-11.0,91417.90000000001
L48520,L,25.150000000000034,37.05000000000001,90.0,1386.0,46.7,10.0,0,0,0,0,0,0,-11.899999999999977,64726.200000000004
L51268,L,28.75,37.35000000000002,90.0,1456.0,43.2,124.0,0,0,0,0,0,0,-8.600000000000023,62899.200000000004
L49304,L,26.05000000000001,35.75,90.0,1430.0,44.4,117.0,0,0,0,0,0,0,-9.699999999999989,63492.0
M16590,M,25.150000000000034,34.650000000000034,90.0,1744.0,33.3,114.0,0,0,0,0,0,0,-9.5,58075.2
L49527,L,26.05000000000001,35.25,90.0,1352.0,46.4,166.0,0,0,0,0,0,0,-9.199999999999989,62732.799999999996
L49875,L,26.850000000000023,36.35000000000002,90.0,1436.0,22.7,49.0,0,0,0,0,0,0,-9.5,32597.2
L53442,L,27.850000000000023,37.450000000000045,90.0,1417.0,47.0,25.0,0,0,0,0,0,0,-9.600000000000023,66599.0
L50447,L,28.150000000000034,36.950000000000045,90.0,1461.0,45.5,193.0,0,0,0,0,0,0,-8.800000000000011,66475.5
L55877,L,24.150000000000034,35.35000000000002,90.0,1454.0,33.5,14.0,0,0,0,0,0,0,-11.199999999999989,48709.0
L55961,L,24.450000000000045,35.450000000000045,90.0,1552.0,42.3,92.0,0,0,0,0,0,0,-11.0,65649.59999999999
M17681,M,27.150000000000034,36.450000000000045,90.0,1499.0,42.5,137.0,0,0,0,0,0,0,-9.300000000000011,63707.5
M22992,M,26.75,38.150000000000034,90.0,1449.0,44.5,165.0,0,0,0,0,0,0,-11.400000000000034,64480.5
L49523,L,26.05000000000001,35.150000000000034,90.0,1305.0,61.4,17.0,0,0,0,0,0,0,-9.100000000000023,80127.0
L56257,L,24.150000000000034,35.150000000000034,90.0,1547.0,35.0,154.0,0,0,0,0,0,0,-11.0,54145.0
L47891,L,24.350000000000023,35.55000000000001,90.0,1439.0,44.1,110.0,0,0,0,0,0,0,-11.199999999999989,63459.9
M20553,M,29.25,38.650000000000034,90.0,1453.0,53.2,105.0,0,0,0,0,0,0,-9.400000000000034,77299.6
L52527,L,30.150000000000034,39.55000000000001,90.0,1380.0,48.0,100.0,0,0,0,0,0,0,-9.399999999999977,66240.0
L56111,L,24.25,35.25,90.0,1530.0,38.5,48.0,0,0,0,0,0,0,-11.0,58905.0
L48349,L,23.850000000000023,34.950000000000045,90.0,1355.0,28.4,217.0,0,0,0,0,0,0,-11.100000000000023,38482.0
L52684,L,29.75,39.05000000000001,90.0,1744.0,31.3,42.0,0,0,0,0,0,0,-9.300000000000011,54587.200000000004
L56970,L,25.450000000000045,36.35000000000002,90.0,1573.0,34.6,92.0,0,0,0,0,0,0,-10.899999999999977,54425.8
H31016,H,24.650000000000034,34.75,90.0,1600.0,45.0,179.0,0,0,0,0,0,0,-10.099999999999966,72000.0
M16886,M,25.55000000000001,35.25,90.0,1660.0,32.5,69.0,0,0,0,0,0,0,-9.699999999999989,53950.0
L56719,L,26.25,37.650000000000034,90.0,1398.0,47.7,109.0,0,0,0,0,0,0,-11.400000000000034,66684.6
L54755,L,27.450000000000045,38.05000000000001,90.0,1642.0,38.5,5.0,0,0,0,0,0,0,-10.599999999999966,63217.0
M21865,M,27.450000000000045,37.85000000000002,90.0,1348.0,54.8,77.0,0,0,0,0,0,0,-10.399999999999977,73870.4
L47981,L,23.75,34.650000000000034,90.0,1392.0,52.1,100.0,0,0,0,0,0,0,-10.900000000000034,72523.2
L52140,L,30.75,39.55000000000001,90.0,1539.0,32.3,156.0,0,0,0,0,0,0,-8.800000000000011,49709.7
L51294,L,28.850000000000023,37.35000000000002,90.0,1376.0,44.7,139.0,1,0,1,0,0,0,-8.5,61507.200000000004
L50891,L,29.05000000000001,38.35000000000002,90.0,1441.0,43.2,37.0,0,0,0,0,0,0,-9.300000000000011,62251.200000000004
L54602,L,26.850000000000023,38.150000000000034,90.0,1357.0,45.2,202.0,0,0,0,0,0,0,-11.300000000000011,61336.4
L51427,L,29.450000000000045,37.85000000000002,90.0,1609.0,35.1,97.0,0,0,0,0,0,0,-8.399999999999977,56475.9
L55863,L,24.05000000000001,35.35000000000002,90.0,1447.0,54.0,188.0,0,0,0,0,0,0,-11.300000000000011,78138.0
M24317,M,25.350000000000023,36.150000000000034,90.0,1692.0,26.7,124.0,0,0,0,0,0,0,-10.800000000000011,45176.4
L55934,L,24.25,35.55000000000001,90.0,1695.0,30.0,96.0,0,0,0,0,0,0,-11.300000000000011,50850.0
L48515,L,25.55000000000001,36.950000000000045,90.0,1630.0,32.4,168.0,0,0,0,0,0,0,-11.400000000000034,52812.0
L53296,L,27.650000000000034,37.75,90.0,1550.0,38.2,21.0,0,0,0,0,0,0,-10.099999999999966,59210.00000000001
M21648,M,27.950000000000045,37.450000000000045,90.0,1410.0,43.9,139.0,0,0,0,0,0,0,-9.5,61899.0
M24122,M,25.150000000000034,35.85000000000002,90.0,1424.0,47.0,15.0,0,0,0,0,0,0,-10.699999999999989,66928.0
L55277,L,27.05000000000001,38.55000000000001,90.0,1558.0,39.5,170.0,0,0,0,0,0,0,-11.5,61541.0
M23511,M,24.350000000000023,35.450000000000045,90.0,1455.0,42.5,146.0,0,0,0,0,0,0,-11.100000000000023,61837.5
M22587,M,27.350000000000023,38.75,90.0,1657.0,30.9,7.0,0,0,0,0,0,0,-11.399999999999977,51201.299999999996
L49577,L,26.05000000000001,35.35000000000002,90.0,1457.0,47.2,197.0,0,0,0,0,0,0,-9.300000000000011,68770.40000000001
L52913,L,29.150000000000034,38.650000000000034,90.0,1487.0,42.8,127.0,0,0,0,0,0,0,-9.5,63643.6
L56195,L,24.450000000000045,35.35000000000002,90.0,1469.0,45.0,98.0,0,0,0,0,0,0,-10.899999999999977,66105.0
L48781,L,24.650000000000034,34.650000000000034,90.0,1601.0,38.2,11.0,0,0,0,0,0,0,-10.0,61158.200000000004
L51725,L,29.350000000000023,37.35000000000002,90.0,1422.0,52.7,184.0,0,0,0,0,0,0,-8.0,74939.40000000001
L54781,L,27.25,38.05000000000001,90.0,1351.0,41.3,18.0,0,0,0,0,0,0,-10.800000000000011,55796.299999999996
L49763,L,26.05000000000001,35.75,90.0,1461.0,50.8,0.0,0,0,0,0,0,0,-9.699999999999989,74218.8
M16078,M,23.650000000000034,34.85000000000002,90.0,1325.0,50.0,17.0,0,0,0,0,0,0,-11.199999999999989,66250.0
L55376,L,26.25,37.650000000000034,90.0,1454.0,43.6,217.0,0,0,0,0,0,0,-11.400000000000034,63394.4
L56167,L,23.950000000000045,34.75,90.0,1470.0,41.6,158.0,0,0,0,0,0,0,-10.799999999999955,61152.0
L48897,L,25.05000000000001,34.55000000000001,90.0,1435.0,53.6,82.0,0,0,0,0,0,0,-9.5,76916.0
M19063,M,29.25,37.75,90.0,1535.0,41.9,204.0,0,0,0,0,0,0,-8.5,64316.5
L57163,L,25.55000000000001,35.25,90.0,1422.0,28.7,195.0,0,0,0,0,0,0,-9.699999999999989,40811.4
L55668,L,25.25,36.25,90.0,1385.0,54.2,119.0,0,0,0,0,0,0,-11.0,75067.0
M15431,M,23.650000000000034,36.650000000000034,90.0,1540.0,38.5,178.0,0,0,0,0,0,0,-13.0,59290.0
L50021,L,27.150000000000034,36.35000000000002,90.0,1435.0,40.6,119.0,0,0,0,0,0,0,-9.199999999999989,58261.0
L49585,L,25.950000000000045,35.55000000000001,90.0,1357.0,48.8,181.0,0,0,0,0,0,0,-9.599999999999966,66221.59999999999
H38000,H,24.150000000000034,34.75,90.0,1461.0,47.9,161.0,0,0,0,0,0,0,-10.599999999999966,69981.9
L53014,L,28.150000000000034,38.05000000000001,90.0,1540.0,39.4,16.0,0,0,0,0,0,0,-9.899999999999977,60676.0
M15851,M,22.950000000000045,34.05000000000001,90.0,1522.0,41.0,167.0,0,0,0,0,0,0,-11.099999999999966,62402.0
L50989,L,28.950000000000045,37.85000000000002,90.0,1820.0,23.1,90.0,0,0,0,0,0,0,-8.899999999999977,42042.0
L47622,L,24.150000000000034,35.35000000000002,90.0,1422.0,45.5,57.0,0,0,0,0,0,0,-11.199999999999989,64701.0
M18047,M,27.05000000000001,36.25,90.0,1439.0,47.3,208.0,0,0,0,0,0,0,-9.199999999999989,68064.7
M22227,M,26.450000000000045,36.950000000000045,90.0,1359.0,61.1,74.0,0,0,0,0,0,0,-10.5,83034.90000000001
M20768,M,27.55000000000001,37.150000000000034,90.0,1526.0,49.4,196.0,0,0,0,0,0,0,-9.600000000000023,75384.4
L54706,L,26.950000000000045,38.25,90.0,1623.0,31.0,196.0,0,0,0,0,0,0,-11.299999999999955,50313.0
L47445,L,24.850000000000023,34.950000000000045,90.0,1490.0,40.3,35.0,0,0,0,0,0,0,-10.100000000000023,60046.99999999999
L48788,L,24.75,34.75,90.0,1521.0,38.4,15.0,0,0,0,0,0,0,-10.0,58406.4
M17735,M,27.450000000000045,36.55000000000001,90.0,1465.0,40.0,5.0,0,0,0,0,0,0,-9.099999999999966,58600.0
L55431,L,25.850000000000023,37.25,90.0,1451.0,39.9,119.0,0,0,0,0,0,0,-11.399999999999977,57894.9
L56594,L,24.950000000000045,35.55000000000001,90.0,1450.0,43.9,207.0,0,0,0,0,0,0,-10.599999999999966,63655.0
L48810,L,24.75,34.75,90.0,1609.0,37.9,88.0,0,0,0,0,0,0,-10.0,60981.1
M24447,M,26.150000000000034,37.35000000000002,90.0,1405.0,47.3,24.0,0,0,0,0,0,0,-11.199999999999989,66456.5
L55745,L,24.850000000000023,36.150000000000034,90.0,1518.0,40.3,181.0,0,0,0,0,0,0,-11.300000000000011,61175.399999999994
M16408,M,25.150000000000034,35.650000000000034,90.0,1350.0,52.1,146.0,0,0,0,0,0,0,-10.5,70335.0
L55184,L,27.650000000000034,38.85000000000002,90.0,1695.0,30.9,162.0,0,0,0,0,0,0,-11.199999999999989,52375.5
M21568,M,28.25,37.450000000000045,90.0,1419.0,37.4,74.0,0,0,0,0,0,0,-9.200000000000045,53070.6
H34804,H,29.650000000000034,39.150000000000034,90.0,1483.0,47.2,200.0,0,0,0,0,0,0,-9.5,69997.6
L50411,L,27.55000000000001,36.150000000000034,90.0,1419.0,48.5,100.0,0,0,0,0,0,0,-8.600000000000023,68821.5
L50392,L,26.850000000000023,36.25,90.0,1395.0,44.4,50.0,0,0,0,0,0,0,-9.399999999999977,61938.0
L47597,L,24.350000000000023,35.450000000000045,90.0,1422.0,40.3,166.0,0,0,0,0,0,0,-11.100000000000023,57306.6
L56614,L,24.850000000000023,35.650000000000034,90.0,1536.0,36.7,5.0,0,0,0,0,0,0,-10.800000000000011,56371.200000000004
L50763,L,28.650000000000034,37.55000000000001,90.0,1751.0,29.3,67.0,0,0,0,0,0,0,-8.899999999999977,51304.3
L55533,L,25.55000000000001,36.450000000000045,90.0,1610.0,33.6,194.0,0,0,0,0,0,0,-10.900000000000034,54096.0
M21665,M,27.850000000000023,37.650000000000034,90.0,1389.0,54.1,46.0,0,0,0,0,0,0,-9.800000000000011,75144.90000000001
M17862,M,27.05000000000001,35.35000000000002,90.0,1529.0,36.0,166.0,0,0,0,0,0,0,-8.300000000000011,55044.0
L54799,L,26.850000000000023,38.35000000000002,90.0,1413.0,46.6,74.0,0,0,0,0,0,0,-11.5,65845.8
L56257,L,24.150000000000034,34.950000000000045,90.0,1355.0,43.7,152.0,0,0,0,0,0,0,-10.800000000000011,59213.50000000001
L53636,L,27.55000000000001,37.05000000000001,90.0,1530.0,42.0,91.0,0,0,0,0,0,0,-9.5,64260.0
L50548,L,28.350000000000023,37.650000000000034,90.0,1772.0,27.6,14.0,0,0,0,0,0,0,-9.300000000000011,48907.200000000004
M24842,M,25.55000000000001,35.25,90.0,1507.0,45.7,139.0,0,0,0,0,0,0,-9.699999999999989,68869.90000000001
M20764,M,28.25,37.450000000000045,90.0,1330.0,59.0,190.0,0,0,0,0,0,0,-9.200000000000045,78470.0
L50336,L,27.25,36.55000000000001,90.0,1451.0,36.9,131.0,0,0,0,0,0,0,-9.300000000000011,53541.9
L49759,L,26.150000000000034,35.85000000000002,90.0,1725.0,24.9,187.0,0,0,0,0,0,0,-9.699999999999989,42952.5
L57114,L,25.25,35.150000000000034,90.0,1452.0,43.0,71.0,0,0,0,0,0,0,-9.900000000000034,62436.0
L55452,L,25.75,37.450000000000045,90.0,1543.0,38.6,139.0,0,0,0,0,0,0,-11.700000000000045,59559.8
L56412,L,24.850000000000023,35.950000000000045,90.0,1662.0,30.3,134.0,0,0,0,0,0,0,-11.100000000000023,50358.6
M15568,M,24.450000000000045,35.650000000000034,90.0,1266.0,59.0,101.0,0,0,0,0,0,0,-11.199999999999989,74694.0
L48222,L,23.450000000000045,34.450000000000045,90.0,1642.0,34.4,88.0,0,0,0,0,0,0,-11.0,56484.799999999996
L48839,L,24.75,34.55000000000001,90.0,1597.0,35.9,164.0,0,0,0,0,0,0,-9.800000000000011,57332.299999999996
L54261,L,27.55000000000001,37.150000000000034,90.0,1391.0,52.6,205.0,1,0,0,0,1,0,-9.600000000000023,73166.6
M15345,M,24.25,35.85000000000002,90.0,1510.0,38.5,64.0,0,0,0,0,0,0,-11.600000000000023,58135.0
H36428,H,27.350000000000023,37.35000000000002,90.0,1469.0,42.9,14.0,0,0,0,0,0,0,-10.0,63020.1
L54666,L,27.150000000000034,38.55000000000001,90.0,1573.0,34.8,149.0,0,0,0,0,0,0,-11.399999999999977,54740.399999999994
L54285,L,27.650000000000034,37.25,90.0,1592.0,35.2,45.0,0,0,0,0,0,0,-9.599999999999966,56038.4
L53141,L,27.150000000000034,37.55000000000001,90.0,1366.0,49.5,123.0,0,0,0,0,0,0,-10.399999999999977,67617.0
M24696,M,25.25,36.05000000000001,90.0,1533.0,35.8,6.0,0,0,0,0,0,0,-10.800000000000011,54881.399999999994
L52268,L,30.850000000000023,40.05000000000001,90.0,1765.0,28.2,179.0,0,0,0,0,0,0,-9.199999999999989,49773.0
L55892,L,23.950000000000045,35.150000000000034,90.0,1739.0,27.6,50.0,0,0,0,0,0,0,-11.199999999999989,47996.4
L47183,L,25.05000000000001,35.450000000000045,90.0,1329.0,46.5,73.0,0,0,0,0,0,0,-10.400000000000034,61798.5
L51412,L,29.05000000000001,37.75,90.0,1432.0,42.4,56.0,0,0,0,0,0,0,-8.699999999999989,60716.799999999996
L54274,L,27.450000000000045,37.05000000000001,90.0,1622.0,45.9,17.0,0,0,0,0,0,0,-9.599999999999966,74449.8
M22079,M,26.75,36.650000000000034,90.0,1739.0,33.4,131.0,0,0,0,0,0,0,-9.900000000000034,58082.6
L55117,L,27.650000000000034,38.55000000000001,90.0,1491.0,31.4,219.0,0,0,0,0,0,0,-10.899999999999977,46817.4
M19878,M,30.850000000000023,39.85000000000002,90.0,1622.0,36.6,80.0,0,0,0,0,0,0,-9.0,59365.200000000004
L51195,L,29.150000000000034,37.75,90.0,1694.0,29.6,67.0,0,0,0,0,0,0,-8.599999999999966,50142.4
L53373,L,27.850000000000023,37.650000000000034,90.0,1404.0,45.3,23.0,0,0,0,0,0,0,-9.800000000000011,63601.2
L55414,L,25.950000000000045,37.450000000000045,90.0,1534.0,39.7,83.0,0,0,0,0,0,0,-11.5,60899.8
H38144,H,24.150000000000034,34.85000000000002,90.0,1381.0,52.5,66.0,0,0,0,0,0,0,-10.699999999999989,72502.5
L56160,L,23.950000000000045,34.75,90.0,1541.0,36.4,126.0,0,0,0,0,0,0,-10.799999999999955,56092.399999999994
L55605,L,25.650000000000034,37.450000000000045,90.0,1351.0,46.6,172.0,0,0,0,0,0,0,-11.800000000000011,62956.6
L52371,L,30.55000000000001,39.75,90.0,1431.0,41.8,117.0,0,0,0,0,0,0,-9.199999999999989,59815.799999999996
H30537,H,23.55000000000001,34.75,90.0,1486.0,43.5,35.0,0,0,0,0,0,0,-11.199999999999989,64641.0
M24661,M,25.25,36.150000000000034,90.0,1496.0,42.6,127.0,0,0,0,0,0,0,-10.900000000000034,63729.6
L48396,L,23.650000000000034,34.75,90.0,1427.0,55.9,120.0,0,0,0,0,0,0,-11.099999999999966,79769.3
L52206,L,30.75,40.150000000000034,90.0,1435.0,44.9,99.0,0,0,0,0,0,0,-9.400000000000034,64431.5
L47813,L,25.150000000000034,36.05000000000001,90.0,1504.0,46.5,197.0,0,0,0,0,0,0,-10.899999999999977,69936.0
L49742,L,26.150000000000034,36.150000000000034,90.0,1732.0,29.2,147.0,0,0,0,0,0,0,-10.0,50574.4
L48503,L,24.05000000000001,34.950000000000045,90.0,1466.0,43.1,154.0,0,0,0,0,0,0,-10.900000000000034,63184.6
L48800,L,24.75,34.55000000000001,90.0,1555.0,40.4,168.0,0,0,0,0,0,0,-9.800000000000011,62822.0
L50465,L,28.05000000000001,36.75,90.0,1384.0,50.8,83.0,0,0,0,0,0,0,-8.699999999999989,70307.2
L52992,L,28.25,37.85000000000002,90.0,1430.0,42.6,193.0,0,0,0,0,0,0,-9.600000000000023,60918.0
L56493,L,25.150000000000034,35.85000000000002,90.0,1433.0,49.9,150.0,0,0,0,0,0,0,-10.699999999999989,71506.7
H30625,H,25.650000000000034,36.75,90.0,1416.0,32.8,142.0,0,0,0,0,0,0,-11.099999999999966,46444.799999999996
M20441,M,29.350000000000023,38.85000000000002,90.0,1382.0,54.3,199.0,0,0,0,0,0,0,-9.5,75042.59999999999
L54156,L,27.450000000000045,37.75,90.0,1533.0,46.7,150.0,0,0,0,0,0,0,-10.299999999999955,71591.1
L54090,L,27.650000000000034,38.150000000000034,90.0,1484.0,39.1,45.0,0,0,0,0,0,0,-10.5,58024.4
L56317,L,24.55000000000001,35.55000000000001,90.0,1731.0,28.4,74.0,0,0,0,0,0,0,-11.0,49160.399999999994
L55538,L,25.450000000000045,36.450000000000045,90.0,1432.0,49.2,0.0,0,0,0,0,0,0,-11.0,70454.40000000001
L53146,L,27.450000000000045,37.650000000000034,90.0,1397.0,49.2,146.0,0,0,0,0,0,0,-10.199999999999989,68732.40000000001
L54272,L,27.55000000000001,37.05000000000001,90.0,1618.0,28.6,10.0,0,0,0,0,0,0,-9.5,46274.8
L55275,L,27.05000000000001,38.55000000000001,90.0,1435.0,41.8,167.0,0,0,0,0,0,0,-11.5,59982.99999999999
H39392,H,25.850000000000023,36.85000000000002,90.0,1521.0,34.6,168.0,0,0,0,0,0,0,-11.0,52626.6
L52312,L,30.950000000000045,40.150000000000034,90.0,1565.0,43.9,184.0,0,0,0,0,0,0,-9.199999999999989,68703.5
L53157,L,27.55000000000001,37.650000000000034,90.0,1457.0,51.6,83.0,0,0,0,0,0,0,-10.100000000000023,75181.2
L48077,L,22.450000000000045,33.150000000000034,90.0,1424.0,48.1,131.0,0,0,0,0,0,0,-10.699999999999989,68494.40000000001
M16792,M,25.150000000000034,34.85000000000002,90.0,1437.0,43.7,11.0,0,0,0,0,0,0,-9.699999999999989,62796.9
L53916,L,28.55000000000001,38.05000000000001,90.0,1629.0,42.2,144.0,0,0,0,0,0,0,-9.5,68743.8
L47329,L,24.850000000000023,35.75,90.0,1517.0,37.0,176.0,0,0,0,0,0,0,-10.899999999999977,56129.0
M17977,M,26.650000000000034,36.150000000000034,90.0,1558.0,31.9,16.0,0,0,0,0,0,0,-9.5,49700.2
L56236,L,24.150000000000034,35.150000000000034,90.0,1576.0,41.9,92.0,0,0,0,0,0,0,-11.0,66034.4
L47885,L,23.850000000000023,34.75,90.0,1589.0,38.2,94.0,0,0,0,0,0,0,-10.899999999999977,60699.8
L50330,L,27.25,36.650000000000034,90.0,1453.0,32.9,74.0,0,0,0,0,0,0,-9.400000000000034,47803.7
L55334,L,26.450000000000045,37.650000000000034,90.0,1452.0,43.7,110.0,0,0,0,0,0,0,-11.199999999999989,63452.4
M21228,M,27.05000000000001,36.650000000000034,90.0,1423.0,48.7,67.0,0,0,0,0,0,0,-9.600000000000023,69300.1
L55983,L,24.25,35.35000000000002,90.0,1488.0,48.6,75.0,0,0,0,0,0,0,-11.100000000000023,72316.8
L49639,L,25.850000000000023,35.35000000000002,90.0,1474.0,47.3,5.0,0,0,0,0,0,0,-9.5,69720.2
L48638,L,25.75,37.150000000000034,90.0,1476.0,32.9,15.0,0,0,0,0,0,0,-11.400000000000034,48560.4
L47367,L,25.05000000000001,35.25,90.0,1408.0,44.1,65.0,0,0,0,0,0,0,-10.199999999999989,62092.8
L54686,L,27.350000000000023,38.75,90.0,1476.0,41.8,173.0,0,0,0,0,0,0,-11.399999999999977,61696.799999999996
M16098,M,23.950000000000045,35.25,90.0,1408.0,47.3,188.0,0,0,0,0,0,0,-11.299999999999955,66598.4
L53255,L,27.850000000000023,37.75,90.0,1813.0,28.5,101.0,0,0,0,0,0,0,-9.899999999999977,51670.5
M17815,M,27.55000000000001,36.35000000000002,90.0,1439.0,43.4,181.0,0,0,0,0,0,0,-8.800000000000011,62452.6
M24297,M,24.950000000000045,35.05000000000001,90.0,1527.0,43.0,61.0,0,0,0,0,0,0,-10.099999999999966,65661.0
L49699,L,25.75,35.650000000000034,90.0,1578.0,34.9,196.0,0,0,0,0,0,0,-9.900000000000034,55072.2
L51978,L,30.350000000000023,39.35000000000002,90.0,1457.0,46.4,94.0,0,0,0,0,0,0,-9.0,67604.8
M19146,M,28.650000000000034,36.75,90.0,1630.0,29.7,59.0,0,0,0,0,0,0,-8.099999999999966,48411.0
L53071,L,28.25,37.85000000000002,90.0,1436.0,45.5,159.0,0,0,0,0,0,0,-9.600000000000023,65338.0
M16007,M,24.850000000000023,35.150000000000034,90.0,1470.0,43.7,184.0,0,0,0,0,0,0,-10.300000000000011,64239.00000000001
M24098,M,24.450000000000045,35.450000000000045,90.0,1522.0,37.0,106.0,0,0,0,0,0,0,-11.0,56314.0
L57148,L,25.05000000000001,34.85000000000002,90.0,1605.0,31.6,154.0,0,0,0,0,0,0,-9.800000000000011,50718.0
L50043,L,27.350000000000023,36.25,90.0,1771.0,28.7,244.0,0,0,0,0,0,0,-8.899999999999977,50827.7
L56116,L,24.25,35.150000000000034,90.0,1793.0,25.8,13.0,0,0,0,0,0,0,-10.900000000000034,46259.4
M16501,M,24.850000000000023,34.85000000000002,90.0,1510.0,47.6,79.0,0,0,0,0,0,0,-10.0,71876.0
L48463,L,25.150000000000034,36.25,90.0,1387.0,45.6,96.0,0,0,0,0,0,0,-11.099999999999966,63247.200000000004
L51323,L,28.75,37.150000000000034,90.0,1551.0,34.1,54.0,0,0,0,0,0,0,-8.400000000000034,52889.100000000006
L53213,L,27.450000000000045,37.55000000000001,90.0,1567.0,35.2,9.0,0,0,0,0,0,0,-10.099999999999966,55158.4
L47705,L,24.350000000000023,35.35000000000002,90.0,1382.0,45.5,2.0,0,0,0,0,0,0,-11.0,62881.0
L48462,L,25.650000000000034,36.650000000000034,90.0,1442.0,48.4,94.0,0,0,0,0,0,0,-11.0,69792.8
L49816,L,26.75,36.450000000000045,90.0,1350.0,57.3,124.0,0,0,0,0,0,0,-9.700000000000045,77355.0
L52713,L,29.25,38.55000000000001,90.0,1553.0,32.8,112.0,0,0,0,0,0,0,-9.300000000000011,50938.399999999994
L51670,L,29.350000000000023,37.25,90.0,1639.0,20.3,23.0,0,0,0,0,0,0,-7.899999999999977,33271.700000000004
L56133,L,24.05000000000001,34.75,90.0,1518.0,36.0,197.0,0,0,0,0,0,0,-10.699999999999989,54648.0
L56483,L,25.150000000000034,35.950000000000045,90.0,1537.0,42.3,121.0,0,0,0,0,0,0,-10.800000000000011,65015.1
M17033,M,26.350000000000023,36.05000000000001,90.0,1615.0,36.1,174.0,0,0,0,0,0,0,-9.699999999999989,58301.5
L56198,L,23.950000000000045,34.950000000000045,90.0,1615.0,35.4,217.0,1,1,0,0,0,0,-11.0,57171.0
H38969,H,26.25,37.450000000000045,90.0,1392.0,42.3,124.0,0,0,0,0,0,0,-11.200000000000045,58881.6
L55774,L,24.25,34.85000000000002,90.0,1356.0,55.8,184.0,0,0,0,0,0,0,-10.600000000000023,75664.8
L51651,L,29.650000000000034,37.450000000000045,90.0,1641.0,29.1,2.0,0,0,0,0,0,0,-7.800000000000011,47753.100000000006
L50240,L,26.850000000000023,35.950000000000045,90.0,1501.0,35.3,203.0,0,0,0,0,0,0,-9.100000000000023,52985.299999999996
M18462,M,28.55000000000001,37.450000000000045,90.0,1563.0,38.6,68.0,0,0,0,0,0,0,-8.900000000000034,60331.8
M20894,M,27.450000000000045,37.650000000000034,90.0,1489.0,36.8,7.0,0,0,0,0,0,0,-10.199999999999989,54795.2
M24814,M,25.05000000000001,34.75,90.0,1446.0,37.0,98.0,0,0,0,0,0,0,-9.699999999999989,53502.0
L55909,L,24.150000000000034,35.450000000000045,90.0,1526.0,41.7,9.0,0,0,0,0,0,0,-11.300000000000011,63634.200000000004
L54345,L,27.05000000000001,36.950000000000045,90.0,1620.0,35.8,45.0,0,0,0,0,0,0,-9.900000000000034,57995.99999999999
L53028,L,28.25,38.150000000000034,90.0,1571.0,34.2,50.0,0,0,0,0,0,0,-9.900000000000034,53728.200000000004
M18384,M,28.650000000000034,37.650000000000034,90.0,1636.0,33.7,194.0,0,0,0,0,0,0,-9.0,55133.200000000004
M18884,M,28.75,37.75,90.0,1392.0,46.1,0.0,0,0,0,0,0,0,-9.0,64171.200000000004
L56244,L,24.25,35.25,90.0,1548.0,35.7,155.0,0,0,0,0,0,0,-11.0,55263.600000000006
L49052,L,25.150000000000034,34.950000000000045,90.0,1386.0,58.4,90.0,0,0,0,0,0,0,-9.800000000000011,80942.4
M19264,M,29.25,37.05000000000001,90.0,1484.0,45.9,155.0,0,0,0,0,0,0,-7.800000000000011,68115.59999999999
L53184,L,27.55000000000001,37.25,90.0,1527.0,36.1,76.0,0,0,0,0,0,0,-9.699999999999989,55124.700000000004
M17283,M,25.650000000000034,35.35000000000002,90.0,1518.0,36.6,23.0,0,0,0,0,0,0,-9.699999999999989,55558.8
L56472,L,25.05000000000001,35.85000000000002,90.0,1520.0,39.9,91.0,0,0,0,0,0,0,-10.800000000000011,60648.0
L56746,L,26.650000000000034,37.950000000000045,90.0,1802.0,25.8,179.0,0,0,0,0,0,0,-11.300000000000011,46491.6
L50674,L,28.75,37.85000000000002,90.0,1740.0,30.1,164.0,0,0,0,0,0,0,-9.100000000000023,52374.0
L53418,L,28.150000000000034,37.650000000000034,90.0,1390.0,61.4,164.0,0,0,0,0,0,0,-9.5,85346.0
M23255,M,25.450000000000045,36.450000000000045,90.0,1372.0,46.5,92.0,0,0,0,0,0,0,-11.0,63798.0
L55983,L,24.05000000000001,34.650000000000034,90.0,1367.0,47.7,102.0,0,0,0,0,0,0,-10.600000000000023,65205.9
L54087,L,27.75,38.150000000000034,90.0,1416.0,46.3,168.0,0,0,0,0,0,0,-10.400000000000034,65560.8
L47253,L,25.75,35.950000000000045,90.0,1496.0,43.8,59.0,0,0,0,0,0,0,-10.200000000000045,65524.799999999996
L53270,L,27.75,37.650000000000034,90.0,1708.0,26.5,14.0,0,0,0,0,0,0,-9.900000000000034,45262.0
M17028,M,26.350000000000023,36.25,90.0,1420.0,49.5,5.0,0,0,0,0,0,0,-9.899999999999977,70290.0
L54656,L,27.05000000000001,38.35000000000002,90.0,1551.0,41.8,82.0,0,0,0,0,0,0,-11.300000000000011,64831.799999999996
L47319,L,25.650000000000034,35.450000000000045,90.0,1522.0,35.6,64.0,0,0,0,0,0,0,-9.800000000000011,54183.200000000004
L54527,L,26.55000000000001,37.05000000000001,90.0,1469.0,42.6,17.0,0,0,0,0,0,0,-10.5,62579.4
M24157,M,25.05000000000001,35.75,90.0,1724.0,25.8,143.0,0,0,0,0,0,0,-10.699999999999989,44479.200000000004
M17123,M,26.25,35.450000000000045,90.0,1430.0,47.2,64.0,0,0,0,0,0,0,-9.200000000000045,67496.0
M23235,M,25.650000000000034,36.450000000000045,90.0,1384.0,50.1,94.0,0,0,0,0,0,0,-10.800000000000011,69338.40000000001
L48161,L,23.05000000000001,33.650000000000034,90.0,1445.0,48.4,136.0,0,0,0,0,0,0,-10.600000000000023,69938.0
L48793,L,24.75,34.85000000000002,90.0,1561.0,33.9,41.0,0,0,0,0,0,0,-10.100000000000023,52917.899999999994
L53824,L,28.350000000000023,37.450000000000045,90.0,1359.0,50.9,98.0,0,0,0,0,0,0,-9.100000000000023,69173.09999999999
M19546,M,30.350000000000023,38.450000000000045,90.0,1344.0,52.6,168.0,0,0,0,0,0,0,-8.100000000000023,70694.40000000001
H32504,H,26.950000000000045,36.05000000000001,90.0,1432.0,45.8,163.0,0,0,0,0,0,0,-9.099999999999966,65585.59999999999
M18925,M,28.850000000000023,37.450000000000045,90.0,1411.0,48.3,37.0,0,0,0,0,0,0,-8.600000000000023,68151.3
M20933,M,27.75,37.650000000000034,90.0,1790.0,30.2,195.0,0,0,0,0,0,0,-9.900000000000034,54058.0
L57029,L,25.150000000000034,35.950000000000045,90.0,1483.0,44.4,44.0,0,0,0,0,0,0,-10.800000000000011,65845.2
M24320,M,24.25,34.950000000000045,90.0,1410.0,43.8,127.0,0,0,0,0,0,0,-10.700000000000045,61757.99999999999
L55609,L,25.850000000000023,37.05000000000001,90.0,1587.0,31.6,7.0,0,0,0,0,0,0,-11.199999999999989,50149.200000000004
L51719,L,29.350000000000023,37.150000000000034,90.0,1376.0,32.6,156.0,0,0,0,0,0,0,-7.800000000000011,44857.6
L52815,L,29.450000000000045,39.05000000000001,90.0,1515.0,36.2,171.0,0,0,0,0,0,0,-9.599999999999966,54843.00000000001
L55557,L,25.55000000000001,36.55000000000001,90.0,1525.0,40.3,44.0,0,0,0,0,0,0,-11.0,61457.49999999999
L53040,L,28.150000000000034,37.75,90.0,1480.0,45.7,82.0,0,0,0,0,0,0,-9.599999999999966,67636.0
L56307,L,24.25,35.35000000000002,90.0,1477.0,42.0,76.0,0,0,0,0,0,0,-11.100000000000023,62034.0
L50478,L,28.05000000000001,37.25,90.0,1499.0,38.8,61.0,0,0,0,0,0,0,-9.199999999999989,58161.2
L49814,L,26.850000000000023,35.950000000000045,90.0,1492.0,37.2,117.0,0,0,0,0,0,0,-9.100000000000023,55502.4
M23394,M,25.350000000000023,36.25,90.0,1437.0,45.3,71.0,0,0,0,0,0,0,-10.899999999999977,65096.1
L49051,L,25.150000000000034,34.85000000000002,90.0,1385.0,48.6,88.0,0,0,0,0,0,0,-9.699999999999989,67311.0
L51250,L,28.75,37.450000000000045,90.0,1608.0,29.4,193.0,0,0,0,0,0,0,-8.700000000000045,47275.2
H33499,H,29.05000000000001,37.55000000000001,90.0,1619.0,32.8,52.0,0,0,0,0,0,0,-8.5,53103.2
M17228,M,26.05000000000001,35.150000000000034,90.0,1543.0,40.9,83.0,0,0,0,0,0,0,-9.100000000000023,63108.7
L56226,L,24.150000000000034,35.25,90.0,1462.0,44.5,67.0,0,0,0,0,0,0,-11.099999999999966,65059.0
M23146,M,25.650000000000034,37.35000000000002,90.0,1469.0,44.2,33.0,0,0,0,0,0,0,-11.699999999999989,64929.8
L56272,L,24.150000000000034,34.950000000000045,90.0,1765.0,26.4,194.0,0,0,0,0,0,0,-10.800000000000011,46596.0
L56591,L,24.350000000000023,35.35000000000002,90.0,1639.0,29.0,142.0,0,0,0,0,0,0,-11.0,47531.0
L56276,L,24.05000000000001,34.950000000000045,90.0,1712.0,30.9,76.0,0,0,0,0,0,0,-10.900000000000034,52900.799999999996
L55261,L,27.150000000000034,38.650000000000034,90.0,1446.0,45.3,163.0,0,0,0,0,0,0,-11.5,65503.799999999996
L56713,L,25.950000000000045,37.35000000000002,90.0,1416.0,46.1,97.0,0,0,0,0,0,0,-11.399999999999977,65277.6
L47962,L,23.650000000000034,34.75,90.0,1463.0,47.9,50.0,0,0,0,0,0,0,-11.099999999999966,70077.7
L50705,L,28.75,37.75,90.0,1375.0,53.1,85.0,0,0,0,0,0,0,-9.0,73012.5
L56756,L,26.450000000000045,37.55000000000001,90.0,1549.0,37.7,205.0,0,0,0,0,0,0,-11.099999999999966,58397.3
L48232,L,23.55000000000001,34.55000000000001,90.0,1530.0,42.3,108.0,0,0,0,0,0,0,-11.0,64718.99999999999
M20841,M,27.55000000000001,37.55000000000001,90.0,1347.0,46.6,183.0,0,0,0,0,0,0,-10.0,62770.200000000004
H38235,H,24.350000000000023,35.35000000000002,90.0,1544.0,35.0,49.0,0,0,0,0,0,0,-11.0,54040.0
L55886,L,24.05000000000001,35.450000000000045,90.0,1403.0,50.4,72.0,0,0,0,0,0,0,-11.400000000000034,70711.2
L47320,L,25.650000000000034,35.450000000000045,90.0,1435.0,36.1,157.0,0,0,0,0,0,0,-9.800000000000011,51803.5
L56167,L,24.05000000000001,35.450000000000045,90.0,1517.0,33.0,96.0,0,0,0,0,0,0,-11.400000000000034,50061.0
L54564,L,26.55000000000001,37.25,90.0,1614.0,36.2,181.0,0,0,0,0,0,0,-10.699999999999989,58426.8
M17978,M,26.950000000000045,36.05000000000001,90.0,1352.0,46.9,162.0,0,0,0,0,0,0,-9.099999999999966,63408.799999999996
L54330,L,27.05000000000001,36.650000000000034,90.0,1452.0,46.7,163.0,0,0,0,0,0,0,-9.600000000000023,67808.40000000001
M20606,M,29.150000000000034,38.55000000000001,90.0,1341.0,52.3,147.0,0,0,0,0,0,0,-9.399999999999977,70134.3
M20655,M,28.55000000000001,37.950000000000045,90.0,1628.0,33.6,98.0,0,0,0,0,0,0,-9.400000000000034,54700.8
L51021,L,29.25,37.950000000000045,90.0,1445.0,42.8,168.0,0,0,0,0,0,0,-8.700000000000045,61845.99999999999
M19412,M,29.55000000000001,37.35000000000002,90.0,1487.0,46.3,207.0,0,0,0,0,0,0,-7.800000000000011,68848.09999999999
M21565,M,28.350000000000023,37.450000000000045,90.0,1386.0,50.0,33.0,0,0,0,0,0,0,-9.100000000000023,69300.0
L50602,L,28.350000000000023,37.25,90.0,1615.0,34.1,151.0,0,0,0,0,0,0,-8.899999999999977,55071.5
M18872,M,29.05000000000001,38.05000000000001,90.0,1644.0,34.1,179.0,0,0,0,0,0,0,-9.0,56060.4
L48831,L,24.75,34.650000000000034,90.0,1424.0,47.8,140.0,0,0,0,0,0,0,-9.900000000000034,68067.2
M21644,M,28.150000000000034,37.55000000000001,90.0,1492.0,40.2,0.0,0,0,0,0,0,0,-9.399999999999977,59978.4
L51652,L,29.55000000000001,37.450000000000045,90.0,1401.0,48.2,6.0,0,0,0,0,0,0,-7.900000000000034,67528.2
M23356,M,25.150000000000034,36.25,90.0,1537.0,34.2,181.0,0,0,0,0,0,0,-11.099999999999966,52565.4
L49615,L,25.75,35.25,90.0,1426.0,46.1,53.0,0,0,0,0,0,0,-9.5,65738.6
M18454,M,28.75,37.85000000000002,90.0,1418.0,46.5,119.0,0,0,0,0,0,0,-9.100000000000023,65937.0
L53162,L,27.55000000000001,37.650000000000034,90.0,1486.0,40.3,186.0,0,0,0,0,0,0,-10.100000000000023,59885.799999999996
L48815,L,24.75,34.650000000000034,90.0,1465.0,39.8,98.0,0,0,0,0,0,0,-9.900000000000034,58306.99999999999
M23199,M,25.650000000000034,36.55000000000001,90.0,1671.0,31.8,149.0,0,0,0,0,0,0,-10.899999999999977,53137.8
L53243,L,27.950000000000045,37.950000000000045,90.0,1408.0,45.9,168.0,0,0,0,0,0,0,-10.0,64627.2
L52456,L,30.350000000000023,39.85000000000002,90.0,1606.0,34.0,0.0,0,0,0,0,0,0,-9.5,54604.0
L52893,L,29.05000000000001,38.25,90.0,1613.0,32.2,197.0,0,0,0,0,0,0,-9.199999999999989,51938.600000000006
L48965,L,25.25,34.85000000000002,90.0,1560.0,33.3,11.0,0,0,0,0,0,0,-9.600000000000023,51947.99999999999
L52892,L,29.450000000000045,38.85000000000002,90.0,1781.0,24.9,176.0,0,0,0,0,0,0,-9.399999999999977,44346.899999999994
L49414,L,26.25,35.450000000000045,90.0,1632.0,32.2,121.0,0,0,0,0,0,0,-9.200000000000045,52550.4
L51283,L,28.850000000000023,37.25,90.0,1448.0,43.4,181.0,0,0,0,0,0,0,-8.399999999999977,62843.2
L51751,L,29.650000000000034,37.75,90.0,1436.0,44.1,42.0,0,0,0,0,0,0,-8.099999999999966,63327.6
M16550,M,24.75,34.650000000000034,90.0,1435.0,41.4,57.0,0,0,0,0,0,0,-9.900000000000034,59409.0
L52141,L,30.75,39.55000000000001,90.0,1800.0,24.3,79.0,0,0,0,0,0,0,-8.800000000000011,43740.0
L48784,L,24.75,34.650000000000034,90.0,1558.0,40.4,31.0,0,0,0,0,0,0,-9.900000000000034,62943.2
H30970,H,25.25,35.35000000000002,90.0,1580.0,47.1,122.0,0,0,0,0,0,0,-10.100000000000023,74418.0
L51377,L,29.25,37.85000000000002,90.0,1664.0,34.3,193.0,0,0,0,0,0,0,-8.600000000000023,57075.2
L48817,L,24.75,34.650000000000034,90.0,1476.0,44.7,100.0,0,0,0,0,0,0,-9.900000000000034,65977.2
L54891,L,27.25,38.25,90.0,1435.0,44.1,71.0,0,0,0,0,0,0,-11.0,63283.5
L56217,L,24.25,35.25,90.0,1615.0,33.7,53.0,0,0,0,0,0,0,-11.0,54425.50000000001
L53730,L,28.150000000000034,37.650000000000034,90.0,1509.0,44.0,5.0,0,0,0,0,0,0,-9.5,66396.0
L47396,L,25.150000000000034,35.450000000000045,90.0,1483.0,39.2,142.0,0,0,0,0,0,0,-10.300000000000011,58133.600000000006
L52257,L,31.150000000000034,40.25,90.0,1595.0,32.8,37.0,0,0,0,0,0,0,-9.099999999999966,52315.99999999999
M15648,M,23.75,34.950000000000045,90.0,1501.0,46.3,76.0,0,0,0,0,0,0,-11.200000000000045,69496.3
L57140,L,25.05000000000001,34.75,90.0,1575.0,35.0,139.0,0,0,0,0,0,0,-9.699999999999989,55125.0
M19694,M,30.25,38.650000000000034,90.0,1355.0,52.8,35.0,1,0,1,0,0,0,-8.400000000000034,71544.0
L48897,L,25.05000000000001,34.450000000000045,90.0,1557.0,38.1,82.0,0,0,0,0,0,0,-9.400000000000034,59321.700000000004
L49056,L,24.950000000000045,34.85000000000002,90.0,1461.0,47.7,98.0,0,0,0,0,0,0,-9.899999999999977,69689.7
L55077,L,27.650000000000034,39.35000000000002,90.0,1435.0,39.6,121.0,0,0,0,0,0,0,-11.699999999999989,56826.0
L51322,L,28.650000000000034,37.150000000000034,90.0,1688.0,28.8,54.0,0,0,0,0,0,0,-8.5,48614.4
M20974,M,27.650000000000034,37.650000000000034,90.0,1686.0,27.8,79.0,0,0,0,0,0,0,-10.0,46870.8
M22830,M,28.05000000000001,38.85000000000002,90.0,1540.0,37.2,189.0,0,0,0,0,0,0,-10.800000000000011,57288.00000000001
M20797,M,27.450000000000045,37.35000000000002,90.0,1462.0,43.3,68.0,0,0,0,0,0,0,-9.899999999999977,63304.6
L53723,L,28.25,37.650000000000034,90.0,1698.0,29.6,64.0,0,0,0,0,0,0,-9.400000000000034,50260.8
L50984,L,29.150000000000034,37.75,90.0,1378.0,47.9,0.0,0,0,0,0,0,0,-8.599999999999966,66006.2
L56593,L,25.05000000000001,35.650000000000034,90.0,1437.0,43.9,205.0,0,0,0,0,0,0,-10.600000000000023,63084.299999999996
M24781,M,25.350000000000023,35.55000000000001,90.0,1347.0,43.8,168.0,0,0,0,0,0,0,-10.199999999999989,58998.6
L50196,L,27.350000000000023,36.55000000000001,90.0,1551.0,35.8,173.0,0,0,0,0,0,0,-9.199999999999989,55525.799999999996
L49838,L,26.850000000000023,36.25,90.0,1477.0,44.5,181.0,0,0,0,0,0,0,-9.399999999999977,65726.5
L54138,L,27.450000000000045,38.55000000000001,90.0,1475.0,40.3,87.0,0,0,0,0,0,0,-11.099999999999966,59442.49999999999
L50101,L,27.650000000000034,36.650000000000034,90.0,1449.0,42.4,151.0,0,0,0,0,0,0,-9.0,61437.6
L53060,L,28.350000000000023,37.950000000000045,90.0,1394.0,50.1,129.0,0,0,0,0,0,0,-9.600000000000023,69839.40000000001
L52708,L,29.350000000000023,38.85000000000002,90.0,1609.0,35.9,99.0,0,0,0,0,0,0,-9.5,57763.1
L56454,L,25.150000000000034,35.55000000000001,90.0,1646.0,35.6,204.0,0,0,0,0,0,0,-10.399999999999977,58597.600000000006
H37371,H,27.150000000000034,38.650000000000034,90.0,1523.0,38.5,108.0,0,0,0,0,0,0,-11.5,58635.5
L53936,L,28.650000000000034,37.85000000000002,90.0,1433.0,41.8,202.0,0,0,0,0,0,0,-9.199999999999989,59899.399999999994
L50157,L,27.25,36.25,90.0,1413.0,41.8,101.0,0,0,0,0,0,0,-9.0,59063.399999999994
M24182,M,25.350000000000023,36.25,90.0,1512.0,38.1,22.0,0,0,0,0,0,0,-10.899999999999977,57607.200000000004
L54768,L,27.25,37.950000000000045,90.0,1348.0,54.8,195.0,0,0,0,0,0,0,-10.700000000000045,73870.4
L57110,L,25.150000000000034,35.150000000000034,90.0,1335.0,57.5,63.0,0,0,0,0,0,0,-10.0,76762.5
L53518,L,27.25,36.75,90.0,1412.0,28.6,206.0,0,0,0,0,0,0,-9.5,40383.200000000004
M18671,M,28.950000000000045,37.450000000000045,90.0,1592.0,33.7,81.0,0,0,0,0,0,0,-8.5,53650.4
M18758,M,28.950000000000045,37.950000000000045,90.0,1524.0,36.8,5.0,0,0,0,0,0,0,-9.0,56083.2
M17256,M,25.950000000000045,35.35000000000002,90.0,1715.0,28.7,153.0,0,0,0,0,0,0,-9.399999999999977,49220.5
L49997,L,27.05000000000001,36.35000000000002,90.0,1410.0,42.7,130.0,0,0,0,0,0,0,-9.300000000000011,60207.00000000001
L50111,L,27.55000000000001,36.55000000000001,90.0,1461.0,40.4,179.0,0,0,0,0,0,0,-9.0,59024.4
L47721,L,24.25,36.25,90.0,1596.0,35.1,96.0,0,0,0,0,0,0,-12.0,56019.600000000006
L48204,L,23.150000000000034,34.150000000000034,90.0,1602.0,31.1,196.0,0,0,0,0,0,0,-11.0,49822.200000000004
L49436,L,25.950000000000045,35.150000000000034,90.0,1428.0,42.4,28.0,0,0,0,0,0,0,-9.199999999999989,60547.2
L53685,L,27.850000000000023,37.05000000000001,90.0,1512.0,40.7,158.0,0,0,0,0,0,0,-9.199999999999989,61538.4
L47894,L,24.25,35.450000000000045,90.0,1439.0,41.3,106.0,0,0,0,0,0,0,-11.200000000000045,59430.7
L56213,L,24.25,35.150000000000034,90.0,1386.0,44.0,35.0,0,0,0,0,0,0,-10.900000000000034,60984.0
L49571,L,26.05000000000001,35.25,90.0,1574.0,30.8,142.0,0,0,0,0,0,0,-9.199999999999989,48479.200000000004
L47485,L,24.850000000000023,35.450000000000045,90.0,1547.0,36.3,119.0,0,0,0,0,0,0,-10.600000000000023,56156.1
M18087,M,27.350000000000023,36.150000000000034,90.0,1547.0,34.9,17.0,0,0,0,0,0,0,-8.800000000000011,53990.299999999996
L51449,L,29.55000000000001,37.85000000000002,90.0,1311.0,52.1,108.0,1,0,1,0,0,0,-8.300000000000011,68303.1
L56871,L,25.850000000000023,36.85000000000002,90.0,1582.0,35.9,51.0,0,0,0,0,0,0,-11.0,56793.799999999996
L53003,L,27.850000000000023,37.85000000000002,90.0,1416.0,42.6,76.0,0,0,0,0,0,0,-10.0,60321.6
L56490,L,25.25,36.25,90.0,1772.0,24.9,139.0,0,0,0,0,0,0,-11.0,44122.799999999996
M22133,M,27.05000000000001,37.150000000000034,90.0,1600.0,34.9,50.0,0,0,0,0,0,0,-10.100000000000023,55840.0
L55540,L,25.450000000000045,36.450000000000045,90.0,1540.0,38.0,5.0,0,0,0,0,0,0,-11.0,58520.0
L49528,L,26.150000000000034,35.25,90.0,1477.0,42.6,174.0,0,0,0,0,0,0,-9.099999999999966,62920.200000000004
L49794,L,26.150000000000034,35.950000000000045,90.0,1525.0,36.8,62.0,0,0,0,0,0,0,-9.800000000000011,56119.99999999999
L50202,L,27.350000000000023,36.35000000000002,90.0,1461.0,45.5,94.0,0,0,0,0,0,0,-9.0,66475.5
M15683,M,23.450000000000045,34.35000000000002,90.0,1459.0,45.0,153.0,0,0,0,0,0,0,-10.899999999999977,65655.0
L54518,L,26.650000000000034,37.35000000000002,90.0,1381.0,57.3,206.0,0,0,0,0,0,0,-10.699999999999989,79131.3
L47693,L,24.25,36.05000000000001,90.0,1428.0,44.8,26.0,0,0,0,0,0,0,-11.800000000000011,63974.399999999994
L54419,L,26.950000000000045,37.05000000000001,90.0,1553.0,42.0,177.0,0,0,0,0,0,0,-10.099999999999966,65226.0
L53295,L,27.650000000000034,37.55000000000001,90.0,1368.0,41.4,181.0,0,0,0,0,0,0,-9.899999999999977,56635.2
L53562,L,27.05000000000001,36.450000000000045,90.0,1695.0,29.9,106.0,0,0,0,0,0,0,-9.400000000000034,50680.5
L49494,L,26.150000000000034,35.650000000000034,90.0,1398.0,44.0,119.0,0,0,0,0,0,0,-9.5,61512.0
L52973,L,28.650000000000034,38.150000000000034,90.0,1373.0,44.2,148.0,0,0,0,0,0,0,-9.5,60686.600000000006
L49997,L,26.950000000000045,36.25,90.0,1517.0,37.2,127.0,0,0,0,0,0,0,-9.299999999999955,56432.4
M21012,M,27.850000000000023,37.950000000000045,90.0,1421.0,47.3,64.0,0,0,0,0,0,0,-10.100000000000023,67213.3
L54138,L,27.450000000000045,37.85000000000002,90.0,1563.0,41.5,89.0,0,0,0,0,0,0,-10.399999999999977,64864.5
H35313,H,27.75,37.55000000000001,90.0,1370.0,48.4,176.0,0,0,0,0,0,0,-9.800000000000011,66308.0
L51171,L,29.150000000000034,38.150000000000034,90.0,1577.0,33.2,127.0,0,0,0,0,0,0,-9.0,52356.4
M24161,M,25.05000000000001,35.75,90.0,1603.0,35.7,41.0,0,0,0,0,0,0,-10.699999999999989,57227.100000000006
L49418,L,26.150000000000034,35.450000000000045,90.0,1474.0,40.6,15.0,0,0,0,0,0,0,-9.300000000000011,59844.4
L49998,L,27.05000000000001,36.35000000000002,90.0,1356.0,51.2,0.0,0,0,0,0,0,0,-9.300000000000011,69427.2
L48984,L,24.950000000000045,34.55000000000001,90.0,1418.0,51.1,100.0,0,0,0,0,0,0,-9.599999999999966,72459.8
L56022,L,24.350000000000023,35.75,90.0,1492.0,47.3,189.0,0,0,0,0,0,0,-11.399999999999977,70571.59999999999
L56759,L,26.350000000000023,37.55000000000001,90.0,1520.0,38.7,77.0,0,0,0,0,0,0,-11.199999999999989,58824.00000000001
M17290,M,25.75,35.05000000000001,90.0,1335.0,57.8,148.0,0,0,0,0,0,0,-9.300000000000011,77163.0
L52266,L,30.55000000000001,39.75,90.0,1518.0,44.9,70.0,0,0,0,0,0,0,-9.199999999999989,68158.2
L48051,L,22.650000000000034,32.85000000000002,90.0,1518.0,42.2,164.0,0,0,0,0,0,0,-10.199999999999989,64059.600000000006
M17291,M,25.75,35.05000000000001,90.0,1469.0,51.3,197.0,0,0,0,0,0,0,-9.300000000000011,75359.7
M18813,M,29.150000000000034,38.25,90.0,1688.0,32.9,22.0,0,0,0,0,0,0,-9.099999999999966,55535.2
L47464,L,25.05000000000001,35.150000000000034,90.0,1802.0,26.3,90.0,0,0,0,0,0,0,-10.100000000000023,47392.6
L55454,L,25.75,37.450000000000045,90.0,1452.0,39.6,197.0,0,0,0,0,0,0,-11.700000000000045,57499.200000000004
M19933,M,30.650000000000034,39.85000000000002,90.0,1454.0,46.8,168.0,0,0,0,0,0,0,-9.199999999999989,68047.2
L55983,L,24.25,35.55000000000001,90.0,1505.0,37.6,60.0,0,0,0,0,0,0,-11.300000000000011,56588.0
L53281,L,27.55000000000001,37.75,90.0,1311.0,55.3,49.0,0,0,0,0,0,0,-10.199999999999989,72498.3
L55334,L,26.450000000000045,37.55000000000001,90.0,1393.0,52.1,99.0,0,0,0,0,0,0,-11.099999999999966,72575.3
L52534,L,30.25,39.450000000000045,90.0,1442.0,49.2,118.0,0,0,0,0,0,0,-9.200000000000045,70946.40000000001
M23754,M,24.25,35.55000000000001,90.0,1546.0,36.9,114.0,0,0,0,0,0,0,-11.300000000000011,57047.399999999994
L56893,L,25.75,36.950000000000045,90.0,1513.0,41.1,108.0,0,0,0,0,0,0,-11.200000000000045,62184.3
M18097,M,27.350000000000023,36.35000000000002,90.0,1574.0,34.9,141.0,0,0,0,0,0,0,-9.0,54932.6
L53868,L,28.55000000000001,37.85000000000002,90.0,1488.0,40.3,21.0,0,0,0,0,0,0,-9.300000000000011,59966.399999999994
L55386,L,26.150000000000034,37.75,90.0,1367.0,53.6,174.0,0,0,0,0,0,0,-11.599999999999966,73271.2
L56316,L,24.450000000000045,35.150000000000034,90.0,1589.0,35.6,142.0,0,0,0,0,0,0,-10.699999999999989,56568.4
M18030,M,27.25,36.55000000000001,90.0,1685.0,33.3,161.0,0,0,0,0,0,0,-9.300000000000011,56110.49999999999
L47395,L,25.150000000000034,35.450000000000045,90.0,1548.0,45.5,140.0,0,0,0,0,0,0,-10.300000000000011,70434.0
L52723,L,29.150000000000034,38.650000000000034,90.0,1520.0,38.4,94.0,0,0,0,0,0,0,-9.5,58368.0
L50586,L,28.05000000000001,37.25,90.0,1470.0,38.9,113.0,0,0,0,0,0,0,-9.199999999999989,57183.0
L56719,L,26.150000000000034,37.450000000000045,90.0,1424.0,49.6,109.0,0,0,0,0,0,0,-11.300000000000011,70630.40000000001
L50263,L,26.950000000000045,36.150000000000034,90.0,1710.0,27.0,141.0,0,0,0,0,0,0,-9.199999999999989,46170.0
L53427,L,27.650000000000034,37.05000000000001,90.0,1492.0,46.3,26.0,0,0,0,0,0,0,-9.399999999999977,69079.59999999999
H34770,H,30.150000000000034,39.450000000000045,90.0,1477.0,42.9,125.0,0,0,0,0,0,0,-9.300000000000011,63363.299999999996
M18302,M,28.25,37.35000000000002,90.0,1501.0,43.7,201.0,0,0,0,0,0,0,-9.100000000000023,65593.7
M23333,M,25.450000000000045,36.650000000000034,90.0,1430.0,35.5,128.0,0,0,0,0,0,0,-11.199999999999989,50765.0
L51022,L,29.350000000000023,38.05000000000001,90.0,1227.0,60.1,165.0,0,0,0,0,0,0,-8.699999999999989,73742.7
L57112,L,25.150000000000034,35.05000000000001,90.0,1432.0,42.7,67.0,0,0,0,0,0,0,-9.899999999999977,61146.4
L48971,L,24.950000000000045,34.650000000000034,90.0,1524.0,40.8,124.0,0,0,0,0,0,0,-9.699999999999989,62179.2
L52364,L,30.850000000000023,39.950000000000045,90.0,1470.0,43.4,113.0,0,0,0,0,0,0,-9.100000000000023,63798.0
L53352,L,27.75,37.450000000000045,90.0,1347.0,46.9,96.0,0,0,0,0,0,0,-9.700000000000045,63174.299999999996
L56447,L,25.05000000000001,35.650000000000034,90.0,1362.0,45.5,26.0,0,0,0,0,0,0,-10.600000000000023,61971.0
M24157,M,24.950000000000045,35.75,90.0,1479.0,50.4,105.0,0,0,0,0,0,0,-10.799999999999955,74541.59999999999
L49085,L,24.75,34.450000000000045,90.0,1387.0,52.1,176.0,0,0,0,0,0,0,-9.700000000000045,72262.7
M18827,M,29.150000000000034,38.25,90.0,1450.0,45.6,88.0,0,0,0,0,0,0,-9.099999999999966,66120.0
L52371,L,30.850000000000023,40.05000000000001,90.0,1504.0,40.0,128.0,0,0,0,0,0,0,-9.199999999999989,60160.0
L49592,L,25.950000000000045,35.450000000000045,90.0,1557.0,36.4,196.0,0,0,0,0,0,0,-9.5,56674.799999999996
M15105,M,24.75,35.05000000000001,90.0,1420.0,49.1,168.0,0,0,0,0,0,0,-10.300000000000011,69722.0
M15546,M,24.55000000000001,35.85000000000002,90.0,1504.0,38.2,35.0,0,0,0,0,0,0,-11.300000000000011,57452.8
L49071,L,24.55000000000001,34.25,90.0,1418.0,46.0,156.0,0,0,0,0,0,0,-9.699999999999989,65228.0
L53540,L,26.950000000000045,36.55000000000001,90.0,1441.0,42.8,46.0,0,0,0,0,0,0,-9.599999999999966,61674.799999999996
L53625,L,27.55000000000001,37.150000000000034,90.0,1462.0,43.4,57.0,0,0,0,0,0,0,-9.600000000000023,63450.799999999996
L56008,L,24.25,35.650000000000034,90.0,1366.0,46.3,156.0,0,0,0,0,0,0,-11.400000000000034,63245.799999999996
M16922,M,26.55000000000001,36.450000000000045,90.0,1721.0,42.7,163.0,0,0,0,0,0,0,-9.900000000000034,73486.70000000001
M21857,M,27.450000000000045,37.55000000000001,90.0,1566.0,38.2,173.0,0,0,0,0,0,0,-10.099999999999966,59821.200000000004
L50119,L,27.55000000000001,36.35000000000002,90.0,1525.0,40.8,199.0,0,0,0,0,0,0,-8.800000000000011,62219.99999999999
L56470,L,25.05000000000001,35.85000000000002,90.0,1605.0,31.7,87.0,0,0,0,0,0,0,-10.800000000000011,50878.5
L55230,L,27.25,38.35000000000002,90.0,1676.0,29.5,168.0,0,0,0,0,0,0,-11.100000000000023,49442.0
H31543,H,26.25,35.85000000000002,90.0,1508.0,34.5,74.0,0,0,0,0,0,0,-9.600000000000023,52026.0
L49978,L,26.950000000000045,36.25,90.0,1547.0,34.5,31.0,0,0,0,0,0,0,-9.299999999999955,53371.5
L53779,L,28.450000000000045,37.55000000000001,90.0,1494.0,39.5,14.0,0,0,0,0,0,0,-9.099999999999966,59013.0
H32655,H,27.75,36.35000000000002,90.0,1469.0,54.7,126.0,0,0,0,0,0,0,-8.600000000000023,80354.3
L47398,L,25.150000000000034,35.450000000000045,90.0,1568.0,41.1,144.0,0,0,0,0,0,0,-10.300000000000011,64444.8
L53270,L,27.75,37.650000000000034,90.0,1491.0,29.1,14.0,0,0,0,0,0,0,-9.900000000000034,43388.1
H38474,H,24.05000000000001,35.150000000000034,90.0,1441.0,45.3,128.0,0,0,0,0,0,0,-11.100000000000023,65277.299999999996
M19579,M,29.850000000000023,38.05000000000001,90.0,1496.0,45.5,178.0,0,0,0,0,0,0,-8.199999999999989,68068.0
L49450,L,26.150000000000034,35.35000000000002,90.0,1491.0,37.1,0.0,0,0,0,0,0,0,-9.199999999999989,55316.1
L56276,L,24.05000000000001,34.950000000000045,90.0,1781.0,30.9,104.0,0,0,0,0,0,0,-10.900000000000034,55032.899999999994
L56781,L,26.05000000000001,37.150000000000034,90.0,1486.0,42.3,64.0,0,0,0,0,0,0,-11.100000000000023,62857.799999999996
L54812,L,27.350000000000023,38.450000000000045,90.0,1427.0,44.7,94.0,0,0,0,0,0,0,-11.100000000000023,63786.9
L53760,L,28.150000000000034,37.25,90.0,1360.0,53.6,194.0,0,0,0,0,0,0,-9.099999999999966,72896.0
H35783,H,27.350000000000023,36.75,90.0,1321.0,47.9,107.0,0,0,0,0,0,0,-9.399999999999977,63275.9
L55509,L,25.55000000000001,36.55000000000001,90.0,1469.0,49.6,129.0,0,0,0,0,0,0,-11.0,72862.40000000001
L54269,L,27.450000000000045,37.25,90.0,1642.0,32.1,3.0,0,0,0,0,0,0,-9.799999999999955,52708.200000000004
L56360,L,24.75,35.85000000000002,90.0,1702.0,33.4,13.0,0,0,0,0,0,0,-11.100000000000023,56846.799999999996
L54019,L,28.05000000000001,38.05000000000001,90.0,1558.0,38.2,204.0,0,0,0,0,0,0,-10.0,59515.600000000006
M24026,M,24.850000000000023,36.150000000000034,90.0,1457.0,40.8,171.0,0,0,0,0,0,0,-11.300000000000011,59445.6
M24182,M,25.350000000000023,36.150000000000034,90.0,1512.0,38.1,166.0,0,0,0,0,0,0,-10.800000000000011,57607.200000000004
L51377,L,29.25,37.85000000000002,90.0,1573.0,36.6,193.0,0,0,0,0,0,0,-8.600000000000023,57571.8
M15767,M,23.75,34.75,90.0,1436.0,56.5,161.0,0,0,0,0,0,0,-11.0,81134.0
L54128,L,27.55000000000001,38.05000000000001,90.0,1457.0,51.1,199.0,0,0,0,0,0,0,-10.5,74452.7
L51222,L,28.850000000000023,37.75,90.0,1546.0,37.6,14.0,0,0,0,0,0,0,-8.899999999999977,58129.600000000006
M14869,M,25.450000000000045,35.450000000000045,90.0,1439.0,42.4,21.0,0,0,0,0,0,0,-10.0,61013.6
L54329,L,27.05000000000001,36.650000000000034,90.0,1477.0,39.1,2.0,0,0,0,0,0,0,-9.600000000000023,57750.700000000004
L56603,L,24.950000000000045,35.450000000000045,90.0,1576.0,38.4,22.0,0,0,0,0,0,0,-10.5,60518.399999999994
H38486,H,25.05000000000001,35.450000000000045,90.0,1521.0,37.2,110.0,0,0,0,0,0,0,-10.400000000000034,56581.200000000004
M18097,M,27.650000000000034,36.25,90.0,1589.0,30.9,116.0,0,0,0,0,0,0,-8.599999999999966,49100.1
L49551,L,26.150000000000034,35.35000000000002,90.0,1375.0,53.6,111.0,0,0,0,0,0,0,-9.199999999999989,73700.0
L51945,L,30.55000000000001,38.85000000000002,90.0,1462.0,42.1,79.0,0,0,0,0,0,0,-8.300000000000011,61550.200000000004
L54757,L,27.25,38.05000000000001,90.0,1386.0,53.4,169.0,0,0,0,0,0,0,-10.800000000000011,74012.4
L55578,L,25.350000000000023,36.55000000000001,90.0,1714.0,30.8,92.0,0,0,0,0,0,0,-11.199999999999989,52791.200000000004
L47946,L,23.650000000000034,34.85000000000002,90.0,1549.0,38.3,9.0,0,0,0,0,0,0,-11.199999999999989,59326.7
L54296,L,27.850000000000023,37.35000000000002,90.0,1601.0,33.2,0.0,0,0,0,0,0,0,-9.5,53153.200000000004
L56436,L,25.05000000000001,35.950000000000045,90.0,1370.0,57.8,199.0,0,0,0,0,0,0,-10.900000000000034,79186.0
M24474,M,25.850000000000023,36.950000000000045,90.0,1485.0,41.8,94.0,0,0,0,0,0,0,-11.100000000000023,62072.99999999999
M19356,M,29.350000000000023,37.25,90.0,1605.0,34.6,69.0,0,0,0,0,0,0,-7.899999999999977,55533.0
L55622,L,25.850000000000023,37.150000000000034,90.0,1345.0,54.0,104.0,0,0,0,0,0,0,-11.300000000000011,72630.0
L47363,L,25.05000000000001,35.25,90.0,1685.0,32.5,105.0,0,0,0,0,0,0,-10.199999999999989,54762.5
M18522,M,29.05000000000001,38.35000000000002,90.0,1557.0,36.4,124.0,0,0,0,0,0,0,-9.300000000000011,56674.799999999996
H31496,H,26.25,36.05000000000001,90.0,1485.0,42.3,212.0,0,0,0,0,0,0,-9.800000000000011,62815.49999999999
L47750,L,24.55000000000001,36.55000000000001,90.0,1389.0,52.9,155.0,0,0,0,0,0,0,-12.0,73478.09999999999
H34005,H,29.75,38.05000000000001,90.0,1456.0,43.1,91.0,0,0,0,0,0,0,-8.300000000000011,62753.6
M22607,M,27.350000000000023,38.25,90.0,1422.0,39.8,167.0,0,0,0,0,0,0,-10.899999999999977,56595.6
M19851,M,30.75,39.85000000000002,90.0,1492.0,47.3,11.0,0,0,0,0,0,0,-9.100000000000023,70571.59999999999
L55622,L,25.450000000000045,36.85000000000002,90.0,1353.0,46.0,42.0,0,0,0,0,0,0,-11.399999999999977,62238.0
L50232,L,27.25,36.05000000000001,90.0,1452.0,38.7,54.0,0,0,0,0,0,0,-8.800000000000011,56192.4
L54369,L,27.25,37.25,90.0,1601.0,33.6,48.0,0,0,0,0,0,0,-10.0,53793.600000000006
L54958,L,27.25,38.450000000000045,90.0,1671.0,28.8,161.0,0,0,0,0,0,0,-11.200000000000045,48124.8
L49943,L,27.05000000000001,36.35000000000002,90.0,1384.0,51.6,44.0,0,0,0,0,0,0,-9.300000000000011,71414.40000000001
L49456,L,26.150000000000034,35.55000000000001,90.0,1393.0,49.9,82.0,0,0,0,0,0,0,-9.399999999999977,69510.7
L55233,L,27.450000000000045,38.75,90.0,1515.0,40.9,56.0,0,0,0,0,0,0,-11.299999999999955,61963.5
L48256,L,23.650000000000034,34.55000000000001,90.0,1653.0,35.9,7.0,0,0,0,0,0,0,-10.899999999999977,59342.7
L54835,L,27.25,38.450000000000045,90.0,1621.0,32.5,154.0,0,0,0,0,0,0,-11.200000000000045,52682.5
M15155,M,24.950000000000045,35.450000000000045,90.0,1423.0,40.9,119.0,0,0,0,0,0,0,-10.5,58200.7
L52841,L,29.350000000000023,38.85000000000002,90.0,1654.0,32.0,3.0,0,0,0,0,0,0,-9.5,52928.0
H37262,H,27.05000000000001,38.450000000000045,90.0,1455.0,37.7,2.0,0,0,0,0,0,0,-11.400000000000034,54853.50000000001
L49306,L,26.150000000000034,35.950000000000045,90.0,1449.0,46.5,68.0,0,0,0,0,0,0,-9.800000000000011,67378.5
M21704,M,28.150000000000034,38.25,90.0,1496.0,35.1,104.0,0,0,0,0,0,0,-10.099999999999966,52509.6
L53663,L,27.55000000000001,36.75,90.0,1337.0,57.4,155.0,0,0,0,0,0,0,-9.199999999999989,76743.8
M18906,M,28.75,37.75,90.0,1376.0,55.0,197.0,1,0,0,0,1,0,-9.0,75680.0
L51566,L,29.25,36.950000000000045,90.0,1445.0,45.9,113.0,0,0,0,0,0,0,-7.7000000000000455,66325.5
L49403,L,26.55000000000001,35.85000000000002,90.0,1413.0,48.4,153.0,0,0,0,0,0,0,-9.300000000000011,68389.2
L48689,L,24.850000000000023,35.35000000000002,90.0,1429.0,37.7,0.0,1,0,0,1,0,0,-10.5,53873.3
L54801,L,27.350000000000023,38.450000000000045,90.0,1452.0,43.9,131.0,0,0,0,0,0,0,-11.100000000000023,63742.799999999996
L56149,L,23.850000000000023,34.75,90.0,1396.0,50.0,96.0,0,0,0,0,0,0,-10.899999999999977,69800.0
M20760,M,27.650000000000034,37.650000000000034,90.0,1480.0,41.0,157.0,0,0,0,0,0,0,-10.0,60680.0
L54873,L,27.450000000000045,38.450000000000045,90.0,1424.0,47.5,104.0,0,0,0,0,0,0,-11.0,67640.0
M17681,M,27.150000000000034,36.150000000000034,90.0,1667.0,29.7,179.0,0,0,0,0,0,0,-9.0,49509.9
L54666,L,27.150000000000034,38.55000000000001,90.0,1511.0,47.8,20.0,0,0,0,0,0,0,-11.399999999999977,72225.8
L52981,L,29.05000000000001,37.650000000000034,90.0,1668.0,29.7,168.0,0,0,0,0,0,0,-8.600000000000023,49539.6
M16764,M,24.850000000000023,34.450000000000045,90.0,1483.0,42.6,98.0,0,0,0,0,0,0,-9.600000000000023,63175.8
L54958,L,27.25,38.450000000000045,90.0,1524.0,40.4,149.0,0,0,0,0,0,0,-11.200000000000045,61569.6
M20440,M,29.450000000000045,38.950000000000045,90.0,1594.0,32.2,40.0,0,0,0,0,0,0,-9.5,51326.8
L52131,L,30.650000000000034,39.55000000000001,90.0,1596.0,40.4,134.0,0,0,0,0,0,0,-8.899999999999977,64478.399999999994
L52202,L,30.850000000000023,39.950000000000045,90.0,1447.0,46.2,90.0,0,0,0,0,0,0,-9.100000000000023,66851.40000000001
L50539,L,28.150000000000034,37.450000000000045,90.0,1648.0,32.4,204.0,0,0,0,0,0,0,-9.300000000000011,53395.2
H35632,H,27.950000000000045,37.450000000000045,90.0,1366.0,37.6,106.0,0,0,0,0,0,0,-9.5,51361.6
M17355,M,25.950000000000045,35.650000000000034,90.0,1461.0,38.1,209.0,0,0,0,0,0,0,-9.699999999999989,55664.1
L55906,L,24.05000000000001,35.450000000000045,90.0,1562.0,41.9,84.0,0,0,0,0,0,0,-11.400000000000034,65447.799999999996
L55308,L,26.950000000000045,38.25,90.0,1629.0,45.5,41.0,0,0,0,0,0,0,-11.299999999999955,74119.5
M18813,M,29.150000000000034,38.25,90.0,1556.0,39.5,22.0,0,0,0,0,0,0,-9.099999999999966,61462.0
M20783,M,27.150000000000034,37.05000000000001,90.0,1421.0,51.4,33.0,0,0,0,0,0,0,-9.899999999999977,73039.4
L52576,L,29.650000000000034,39.25,90.0,1735.0,26.8,239.0,0,0,0,0,0,0,-9.599999999999966,46498.0
L49680,L,25.950000000000045,35.55000000000001,90.0,1605.0,35.6,223.0,0,0,0,0,0,0,-9.599999999999966,57138.0
M21478,M,28.450000000000045,37.450000000000045,90.0,1309.0,36.6,75.0,0,0,0,0,0,0,-9.0,47909.4
L56885,L,25.850000000000023,37.05000000000001,90.0,1355.0,47.6,37.0,0,0,0,0,0,0,-11.199999999999989,64498.0
M22402,M,27.150000000000034,38.450000000000045,90.0,1401.0,49.9,79.0,0,0,0,0,0,0,-11.300000000000011,69909.9
L51657,L,29.450000000000045,37.150000000000034,90.0,1351.0,57.4,14.0,1,0,1,0,0,0,-7.699999999999989,77547.4
M20641,M,28.55000000000001,37.950000000000045,90.0,1348.0,36.7,115.0,0,0,0,0,0,0,-9.400000000000034,49471.600000000006
L51475,L,28.650000000000034,37.05000000000001,90.0,1457.0,36.7,213.0,0,0,0,0,0,0,-8.399999999999977,53471.9
L55398,L,25.950000000000045,37.35000000000002,90.0,1578.0,33.1,150.0,0,0,0,0,0,0,-11.399999999999977,52231.8
L55691,L,25.25,36.150000000000034,90.0,1402.0,51.2,116.0,0,0,0,0,0,0,-10.900000000000034,71782.40000000001
M18462,M,28.55000000000001,37.450000000000045,90.0,1394.0,45.2,23.0,0,0,0,0,0,0,-8.900000000000034,63008.8
L50766,L,28.650000000000034,37.650000000000034,90.0,1620.0,33.0,139.0,0,0,0,0,0,0,-9.0,53460.0
L53497,L,27.75,37.150000000000034,90.0,1692.0,28.9,201.0,0,0,0,0,0,0,-9.400000000000034,48898.799999999996
M23612,M,24.25,35.35000000000002,90.0,1465.0,55.9,64.0,0,0,0,0,0,0,-11.100000000000023,81893.5
L53963,L,28.150000000000034,37.650000000000034,90.0,1450.0,40.9,59.0,0,0,0,0,0,0,-9.5,59305.0
L54167,L,27.55000000000001,37.950000000000045,90.0,1424.0,40.7,163.0,0,0,0,0,0,0,-10.400000000000034,57956.8
M24676,M,25.350000000000023,36.05000000000001,90.0,1721.0,28.3,170.0,0,0,0,0,0,0,-10.699999999999989,48704.3
L54023,L,27.850000000000023,38.150000000000034,90.0,1570.0,34.3,119.0,0,0,0,0,0,0,-10.300000000000011,53850.99999999999
L52046,L,30.450000000000045,39.25,90.0,1418.0,42.5,126.0,0,0,0,0,0,0,-8.799999999999955,60265.0
L54671,L,27.25,38.650000000000034,90.0,1436.0,45.2,168.0,0,0,0,0,0,0,-11.400000000000034,64907.200000000004
L49202,L,25.55000000000001,35.25,90.0,1483.0,39.3,153.0,0,0,0,0,0,0,-9.699999999999989,58281.899999999994
L53357,L,27.850000000000023,37.650000000000034,90.0,1400.0,43.0,8.0,0,0,0,0,0,0,-9.800000000000011,60200.0
L56559,L,24.350000000000023,35.35000000000002,90.0,1441.0,45.2,104.0,0,0,0,0,0,0,-11.0,65133.200000000004
L49255,L,26.25,36.150000000000034,90.0,1373.0,46.8,195.0,0,0,0,0,0,0,-9.900000000000034,64256.399999999994
L49646,L,25.850000000000023,35.450000000000045,90.0,1331.0,62.5,126.0,0,0,0,0,0,0,-9.600000000000023,83187.5
L53441,L,27.950000000000045,37.450000000000045,90.0,1558.0,35.3,25.0,0,0,0,0,0,0,-9.5,54997.399999999994
L50586,L,28.05000000000001,37.25,90.0,1639.0,33.1,113.0,0,0,0,0,0,0,-9.199999999999989,54250.9
L51974,L,30.450000000000045,39.450000000000045,90.0,1694.0,28.9,160.0,0,0,0,0,0,0,-9.0,48956.6
L53583,L,26.950000000000045,36.450000000000045,90.0,1536.0,37.3,156.0,0,0,0,0,0,0,-9.5,57292.799999999996
L48818,L,24.75,34.650000000000034,90.0,1608.0,30.7,104.0,0,0,0,0,0,0,-9.900000000000034,49365.6
M17053,M,26.450000000000045,35.75,90.0,1472.0,44.9,125.0,0,0,0,0,0,0,-9.299999999999955,66092.8
L49407,L,26.350000000000023,35.650000000000034,90.0,1423.0,44.1,64.0,0,0,0,0,0,0,-9.300000000000011,62754.3
H36468,H,27.350000000000023,38.35000000000002,90.0,1590.0,41.4,38.0,0,0,0,0,0,0,-11.0,65826.0
L55384,L,26.25,37.75,90.0,1751.0,27.8,9.0,0,0,0,0,0,0,-11.5,48677.8
L48361,L,24.150000000000034,35.25,90.0,1332.0,48.6,21.0,0,0,0,0,0,0,-11.099999999999966,64735.200000000004
L49690,L,25.950000000000045,35.950000000000045,90.0,1405.0,45.8,20.0,0,0,0,0,0,0,-10.0,64348.99999999999
L56405,L,24.850000000000023,35.950000000000045,90.0,1498.0,38.0,7.0,0,0,0,0,0,0,-11.100000000000023,56924.0
H30587,H,23.950000000000045,34.950000000000045,90.0,1662.0,30.8,195.0,0,0,0,0,0,0,-11.0,51189.6
M18784,M,29.150000000000034,37.75,90.0,1394.0,46.3,17.0,0,0,0,0,0,0,-8.599999999999966,64542.2
M19249,M,28.950000000000045,36.85000000000002,90.0,1355.0,45.1,181.0,1,0,1,0,0,0,-7.899999999999977,61110.5
L51884,L,30.25,38.450000000000045,90.0,1561.0,33.3,153.0,0,0,0,0,0,0,-8.200000000000045,51981.299999999996
H39306,H,25.650000000000034,36.85000000000002,90.0,1568.0,37.2,104.0,0,0,0,0,0,0,-11.199999999999989,58329.600000000006
L50443,L,28.150000000000034,36.950000000000045,90.0,1344.0,54.8,188.0,0,0,0,0,0,0,-8.800000000000011,73651.2
M22706,M,26.950000000000045,38.25,90.0,1419.0,47.7,49.0,0,0,0,0,0,0,-11.299999999999955,67686.3
M24731,M,25.75,36.650000000000034,90.0,1373.0,21.7,105.0,0,0,0,0,0,0,-10.900000000000034,29794.1
M17478,M,26.25,36.05000000000001,90.0,1380.0,48.2,46.0,0,0,0,0,0,0,-9.800000000000011,66516.0
L53760,L,28.150000000000034,37.25,90.0,1280.0,39.1,137.0,0,0,0,0,0,0,-9.099999999999966,50048.0
L53132,L,27.55000000000001,37.650000000000034,90.0,1556.0,37.8,69.0,0,0,0,0,0,0,-10.100000000000023,58816.799999999996
M17275,M,25.650000000000034,35.75,90.0,1634.0,33.1,26.0,0,0,0,0,0,0,-10.099999999999966,54085.4
L53782,L,28.350000000000023,37.35000000000002,90.0,1758.0,29.7,26.0,0,0,0,0,0,0,-9.0,52212.6
L53622,L,27.55000000000001,37.05000000000001,90.0,1396.0,48.3,196.0,0,0,0,0,0,0,-9.5,67426.8
M24026,M,24.450000000000045,35.450000000000045,90.0,1390.0,43.1,175.0,0,0,0,0,0,0,-11.0,59909.0
L53235,L,27.55000000000001,37.650000000000034,90.0,1453.0,42.2,152.0,0,0,0,0,0,0,-10.100000000000023,61316.600000000006
M22722,M,27.350000000000023,38.85000000000002,90.0,1393.0,52.4,27.0,0,0,0,0,0,0,-11.5,72993.2
M22376,M,27.05000000000001,38.55000000000001,90.0,1453.0,48.5,196.0,0,0,0,0,0,0,-11.5,70470.5
L49573,L,26.05000000000001,35.35000000000002,90.0,1408.0,50.2,142.0,0,0,0,0,0,0,-9.300000000000011,70681.6
L57141,L,25.05000000000001,34.75,90.0,1399.0,54.9,104.0,0,0,0,0,0,0,-9.699999999999989,76805.09999999999
L55230,L,27.55000000000001,38.85000000000002,90.0,1546.0,37.2,50.0,0,0,0,0,0,0,-11.300000000000011,57511.200000000004
H31146,H,25.150000000000034,34.55000000000001,90.0,1405.0,47.0,103.0,0,0,0,0,0,0,-9.399999999999977,66035.0
L54687,L,27.350000000000023,38.75,90.0,1528.0,28.3,171.0,0,0,0,0,0,0,-11.399999999999977,43242.4
L50104,L,27.650000000000034,36.55000000000001,90.0,1380.0,44.3,158.0,0,0,0,0,0,0,-8.899999999999977,61133.99999999999
L52962,L,28.55000000000001,37.950000000000045,90.0,1583.0,32.6,118.0,0,0,0,0,0,0,-9.400000000000034,51605.8
L52871,L,29.25,38.650000000000034,90.0,1448.0,44.5,100.0,0,0,0,0,0,0,-9.400000000000034,64436.0
M21906,M,27.55000000000001,37.35000000000002,90.0,1435.0,22.2,131.0,0,0,0,0,0,0,-9.800000000000011,31857.0
L55669,L,25.25,36.25,90.0,1461.0,46.3,135.0,0,0,0,0,0,0,-11.0,67644.3
L53752,L,28.25,37.55000000000001,90.0,1720.0,28.6,176.0,0,0,0,0,0,0,-9.300000000000011,49192.0
L49037,L,24.650000000000034,34.25,90.0,1550.0,37.8,96.0,0,0,0,0,0,0,-9.599999999999966,58589.99999999999
L53076,L,28.25,37.650000000000034,90.0,1517.0,40.0,169.0,0,0,0,0,0,0,-9.400000000000034,60680.0
L52904,L,29.150000000000034,38.650000000000034,90.0,1433.0,43.9,24.0,0,0,0,0,0,0,-9.5,62908.7
L48361,L,24.350000000000023,34.85000000000002,90.0,1456.0,44.0,36.0,0,0,0,0,0,0,-10.5,64064.0
L49797,L,26.25,35.950000000000045,90.0,1540.0,37.8,82.0,0,0,0,0,0,0,-9.700000000000045,58211.99999999999
L51214,L,28.650000000000034,37.150000000000034,90.0,1382.0,50.8,235.0,0,0,0,0,0,0,-8.5,70205.59999999999
L50106,L,27.650000000000034,36.55000000000001,90.0,1589.0,36.2,153.0,0,0,0,0,0,0,-8.899999999999977,57521.8
L47813,L,25.150000000000034,36.950000000000045,90.0,1446.0,44.1,117.0,0,0,0,0,0,0,-11.800000000000011,63768.6
L47884,L,23.850000000000023,34.650000000000034,90.0,1419.0,46.8,109.0,0,0,0,0,0,0,-10.800000000000011,66409.2
L54275,L,27.450000000000045,36.950000000000045,90.0,1485.0,47.9,19.0,0,0,0,0,0,0,-9.5,71131.5
L52990,L,28.150000000000034,37.85000000000002,90.0,1634.0,31.0,148.0,0,0,0,0,0,0,-9.699999999999989,50654.0
L50643,L,28.450000000000045,37.25,90.0,1620.0,31.1,32.0,0,0,0,0,0,0,-8.799999999999955,50382.0
L51453,L,29.450000000000045,37.85000000000002,90.0,1486.0,43.4,160.0,0,0,0,0,0,0,-8.399999999999977,64492.4
L47554,L,24.350000000000023,35.150000000000034,90.0,1431.0,40.6,135.0,0,0,0,0,0,0,-10.800000000000011,58098.6
L55076,L,27.650000000000034,39.450000000000045,90.0,1617.0,29.7,181.0,0,0,0,0,0,0,-11.800000000000011,48024.9
M18671,M,28.950000000000045,37.55000000000001,90.0,1709.0,31.2,81.0,0,0,0,0,0,0,-8.599999999999966,53320.799999999996
L51878,L,30.25,38.650000000000034,90.0,1489.0,46.3,137.0,0,0,0,0,0,0,-8.400000000000034,68940.7
L49860,L,26.650000000000034,36.35000000000002,90.0,1348.0,49.4,16.0,0,0,0,0,0,0,-9.699999999999989,66591.2
L50405,L,27.450000000000045,36.25,90.0,1638.0,31.6,87.0,0,0,0,0,0,0,-8.799999999999955,51760.8
L48259,L,23.850000000000023,34.55000000000001,90.0,1731.0,28.5,186.0,1,0,0,1,0,0,-10.699999999999989,49333.5
L52790,L,29.25,39.05000000000001,90.0,1407.0,41.2,107.0,0,0,0,0,0,0,-9.800000000000011,57968.4
L54754,L,27.150000000000034,38.150000000000034,90.0,1453.0,47.0,48.0,0,0,0,0,0,0,-11.0,68291.0
L55579,L,25.450000000000045,36.55000000000001,90.0,1693.0,28.5,44.0,0,0,0,0,0,0,-11.099999999999966,48250.5
L47360,L,25.05000000000001,34.950000000000045,90.0,1502.0,41.8,47.0,0,0,0,0,0,0,-9.900000000000034,62783.6
L49308,L,26.25,35.75,90.0,1526.0,41.9,128.0,0,0,0,0,0,0,-9.5,63939.4
L56429,L,25.150000000000034,35.85000000000002,90.0,1457.0,44.2,179.0,0,0,0,0,0,0,-10.699999999999989,64399.4
L55897,L,24.05000000000001,35.450000000000045,90.0,1441.0,43.5,77.0,0,0,0,0,0,0,-11.400000000000034,62683.5
L56218,L,24.25,35.150000000000034,90.0,1551.0,34.2,59.0,0,0,0,0,0,0,-10.900000000000034,53044.200000000004
H38499,H,23.950000000000045,34.75,90.0,1549.0,33.3,179.0,0,0,0,0,0,0,-10.799999999999955,51581.7
L53157,L,27.350000000000023,37.55000000000001,90.0,1462.0,40.5,171.0,0,0,0,0,0,0,-10.199999999999989,59211.0
L55706,L,25.150000000000034,36.25,90.0,1449.0,51.9,14.0,0,0,0,0,0,0,-11.099999999999966,75203.09999999999
L57070,L,25.650000000000034,36.35000000000002,90.0,1645.0,36.9,7.0,0,0,0,0,0,0,-10.699999999999989,60700.5
L55573,L,25.450000000000045,36.35000000000002,90.0,1596.0,33.9,9.0,0,0,0,0,0,0,-10.899999999999977,54104.399999999994
M19841,M,30.55000000000001,39.650000000000034,90.0,1558.0,37.8,206.0,0,0,0,0,0,0,-9.100000000000023,58892.399999999994
L50947,L,29.150000000000034,37.85000000000002,90.0,1460.0,44.9,94.0,0,0,0,0,0,0,-8.699999999999989,65554.0
L53184,L,27.350000000000023,37.25,90.0,1533.0,38.2,190.0,0,0,0,0,0,0,-9.899999999999977,58560.600000000006
L51770,L,29.850000000000023,37.950000000000045,90.0,1456.0,36.1,88.0,0,0,0,0,0,0,-8.100000000000023,52561.6
M22262,M,26.650000000000034,37.650000000000034,90.0,1515.0,42.8,156.0,0,0,0,0,0,0,-11.0,64841.99999999999
M18225,M,28.25,37.450000000000045,90.0,1659.0,31.8,96.0,0,0,0,0,0,0,-9.200000000000045,52756.200000000004
L50755,L,28.55000000000001,37.450000000000045,90.0,1484.0,43.7,114.0,0,0,0,0,0,0,-8.900000000000034,64850.8
L50304,L,26.950000000000045,36.25,90.0,1452.0,47.3,41.0,0,0,0,0,0,0,-9.299999999999955,68679.59999999999
L57005,L,25.25,36.150000000000034,90.0,1388.0,32.4,194.0,0,0,0,0,0,0,-10.900000000000034,44971.2
L55751,L,24.75,35.450000000000045,90.0,1556.0,36.1,125.0,0,0,0,0,0,0,-10.700000000000045,56171.600000000006
L55271,L,27.05000000000001,38.450000000000045,90.0,1367.0,54.3,165.0,1,0,0,0,1,0,-11.400000000000034,74228.09999999999
L53850,L,28.350000000000023,37.450000000000045,90.0,1470.0,38.8,191.0,0,0,0,0,0,0,-9.100000000000023,57035.99999999999
L56975,L,25.350000000000023,36.150000000000034,90.0,1499.0,38.8,109.0,0,0,0,0,0,0,-10.800000000000011,58161.2
L51974,L,30.450000000000045,39.450000000000045,90.0,1527.0,41.1,160.0,0,0,0,0,0,0,-9.0,62759.700000000004
M20883,M,27.650000000000034,37.75,90.0,1598.0,30.3,63.0,0,0,0,0,0,0,-10.099999999999966,48419.4
L49047,L,24.850000000000023,34.75,90.0,1398.0,44.5,9.0,0,0,0,0,0,0,-9.899999999999977,62211.0
L52355,L,30.850000000000023,40.150000000000034,90.0,1444.0,43.5,78.0,0,0,0,0,0,0,-9.300000000000011,62814.0
L51137,L,29.05000000000001,38.25,90.0,1466.0,47.5,0.0,0,0,0,0,0,0,-9.199999999999989,69635.0
M16286,M,25.55000000000001,36.55000000000001,90.0,1527.0,30.8,2.0,0,0,0,0,0,0,-11.0,47031.6
M16359,M,24.950000000000045,35.150000000000034,90.0,1498.0,47.0,195.0,0,0,0,0,0,0,-10.199999999999989,70406.0
L51023,L,29.150000000000034,37.75,90.0,1427.0,49.2,0.0,0,0,0,0,0,0,-8.599999999999966,70208.40000000001
L56289,L,24.350000000000023,35.450000000000045,90.0,1331.0,54.5,9.0,0,0,0,0,0,0,-11.100000000000023,72539.5
H32007,H,25.75,35.35000000000002,90.0,1412.0,54.0,6.0,0,0,0,0,0,0,-9.600000000000023,76248.0
L47663,L,24.25,35.85000000000002,90.0,1504.0,46.8,159.0,0,0,0,0,0,0,-11.600000000000023,70387.2
L51615,L,29.150000000000034,36.950000000000045,90.0,1383.0,52.7,134.0,1,0,1,0,0,0,-7.800000000000011,72884.1
L55749,L,24.75,35.450000000000045,90.0,1455.0,37.0,20.0,0,0,0,0,0,0,-10.700000000000045,53835.0
L55754,L,24.450000000000045,35.150000000000034,90.0,1629.0,31.2,114.0,0,0,0,0,0,0,-10.699999999999989,50824.799999999996
L54886,L,27.350000000000023,38.450000000000045,90.0,1435.0,43.7,127.0,0,0,0,0,0,0,-11.100000000000023,62709.50000000001
H38865,H,24.850000000000023,35.55000000000001,90.0,1492.0,47.9,99.0,0,0,0,0,0,0,-10.699999999999989,71466.8
L53891,L,28.350000000000023,37.55000000000001,90.0,1426.0,44.0,81.0,0,0,0,0,0,0,-9.199999999999989,62744.0
M23684,M,24.150000000000034,35.650000000000034,90.0,1708.0,30.1,37.0,0,0,0,0,0,0,-11.5,51410.8
M15566,M,24.650000000000034,35.85000000000002,90.0,1434.0,47.3,92.0,0,0,0,0,0,0,-11.199999999999989,67828.2
L49329,L,26.25,35.85000000000002,90.0,1613.0,32.2,156.0,0,0,0,0,0,0,-9.600000000000023,51938.600000000006
L56345,L,24.450000000000045,35.450000000000045,90.0,1394.0,62.4,173.0,0,0,0,0,0,0,-11.0,86985.59999999999
L49202,L,25.55000000000001,35.35000000000002,90.0,1465.0,45.6,0.0,0,0,0,0,0,0,-9.800000000000011,66804.0
L52162,L,30.450000000000045,39.950000000000045,90.0,1313.0,55.7,209.0,0,0,0,0,0,0,-9.5,73134.1
M23380,M,25.25,36.35000000000002,90.0,1627.0,33.3,155.0,0,0,0,0,0,0,-11.100000000000023,54179.1
L52758,L,29.350000000000023,38.950000000000045,90.0,1423.0,44.3,19.0,0,0,0,0,0,0,-9.600000000000023,63038.899999999994
L55218,L,27.55000000000001,38.650000000000034,90.0,1564.0,35.8,19.0,0,0,0,0,0,0,-11.100000000000023,55991.2
L54527,L,26.450000000000045,37.05000000000001,90.0,1627.0,36.6,9.0,0,0,0,0,0,0,-10.599999999999966,59548.200000000004
M19416,M,29.450000000000045,38.85000000000002,90.0,1378.0,50.1,162.0,0,0,0,0,0,0,-9.399999999999977,69037.8
H34357,H,30.150000000000034,39.05000000000001,90.0,1387.0,50.9,13.0,0,0,0,0,0,0,-8.899999999999977,70598.3
L51314,L,28.650000000000034,37.150000000000034,90.0,1493.0,41.2,48.0,0,0,0,0,0,0,-8.5,61511.600000000006
L56682,L,26.150000000000034,37.150000000000034,90.0,1495.0,49.2,16.0,0,0,0,0,0,0,-11.0,73554.0
L47875,L,24.55000000000001,35.85000000000002,90.0,1543.0,41.2,5.0,0,0,0,0,0,0,-11.300000000000011,63571.600000000006
M21193,M,27.350000000000023,36.650000000000034,90.0,1367.0,43.8,125.0,0,0,0,0,0,0,-9.300000000000011,59874.6
L57161,L,25.55000000000001,35.35000000000002,90.0,1559.0,36.1,190.0,0,0,0,0,0,0,-9.800000000000011,56279.9
M17033,M,26.350000000000023,36.05000000000001,90.0,1495.0,50.1,17.0,0,0,0,0,0,0,-9.699999999999989,74899.5
H34755,H,30.350000000000023,39.650000000000034,90.0,1480.0,39.9,177.0,0,0,0,0,0,0,-9.300000000000011,59052.0
L52140,L,30.75,39.450000000000045,90.0,1339.0,44.0,156.0,0,0,0,0,0,0,-8.700000000000045,58916.0
L53447,L,27.650000000000034,37.55000000000001,90.0,1463.0,43.8,179.0,0,0,0,0,0,0,-9.899999999999977,64079.399999999994
M15163,M,24.650000000000034,35.35000000000002,90.0,1539.0,38.2,44.0,0,0,0,0,0,0,-10.699999999999989,58789.8
L51248,L,28.75,37.55000000000001,90.0,1786.0,24.8,52.0,0,0,0,0,0,0,-8.800000000000011,44292.8
L50623,L,28.350000000000023,37.35000000000002,90.0,1418.0,45.3,204.0,0,0,0,0,0,0,-9.0,64235.399999999994
M18821,M,29.150000000000034,38.25,90.0,1342.0,52.8,35.0,0,0,0,0,0,0,-9.099999999999966,70857.59999999999
L49484,L,26.05000000000001,35.650000000000034,90.0,1474.0,40.6,145.0,0,0,0,0,0,0,-9.600000000000023,59844.4
L48874,L,24.850000000000023,34.650000000000034,90.0,1605.0,33.3,31.0,0,0,0,0,0,0,-9.800000000000011,53446.49999999999
L47279,L,25.650000000000034,35.650000000000034,90.0,1658.0,32.9,55.0,0,0,0,0,0,0,-10.0,54548.2
L53660,L,27.850000000000023,36.75,90.0,1440.0,43.9,135.0,0,0,0,0,0,0,-8.899999999999977,63216.0
L50967,L,29.150000000000034,37.650000000000034,90.0,1777.0,25.7,22.0,0,0,0,0,0,0,-8.5,45668.9
L55376,L,26.25,37.650000000000034,90.0,1518.0,37.9,217.0,0,0,0,0,0,0,-11.400000000000034,57532.2
L55040,L,27.350000000000023,38.85000000000002,90.0,1415.0,48.2,23.0,0,0,0,0,0,0,-11.5,68203.0
L56661,L,25.75,36.450000000000045,90.0,1651.0,28.9,160.0,0,0,0,0,0,0,-10.700000000000045,47713.899999999994
H31834,H,25.950000000000045,35.55000000000001,90.0,1450.0,42.6,65.0,0,0,0,0,0,0,-9.599999999999966,61770.0
L49937,L,26.650000000000034,36.05000000000001,90.0,1616.0,36.1,203.0,0,0,0,0,0,0,-9.399999999999977,58337.600000000006
L56483,L,25.05000000000001,35.85000000000002,90.0,1692.0,34.3,59.0,0,0,0,0,0,0,-10.800000000000011,58035.6
L54849,L,27.55000000000001,38.450000000000045,90.0,1729.0,31.2,110.0,0,0,0,0,0,0,-10.900000000000034,53944.799999999996
L49853,L,26.55000000000001,36.25,90.0,1560.0,45.1,2.0,0,0,0,0,0,0,-9.699999999999989,70356.0
L56327,L,24.55000000000001,35.55000000000001,90.0,1447.0,39.9,125.0,0,0,0,0,0,0,-11.0,57735.299999999996
M22783,M,27.650000000000034,38.25,90.0,1416.0,49.2,59.0,0,0,0,0,0,0,-10.599999999999966,69667.2
L54018,L,27.850000000000023,37.950000000000045,90.0,1436.0,41.6,202.0,0,0,0,0,0,0,-10.100000000000023,59737.6
M20183,M,30.25,39.55000000000001,90.0,1368.0,50.9,28.0,0,0,0,0,0,0,-9.300000000000011,69631.2
L54192,L,27.25,37.25,90.0,1434.0,61.4,19.0,0,0,0,0,0,0,-10.0,88047.59999999999
L56498,L,25.450000000000045,36.25,90.0,1677.0,31.3,29.0,0,0,0,0,0,0,-10.799999999999955,52490.1
L55962,L,24.350000000000023,35.05000000000001,90.0,1382.0,44.7,21.0,0,0,0,0,0,0,-10.699999999999989,61775.4
L53936,L,28.450000000000045,37.950000000000045,90.0,1676.0,30.8,204.0,0,0,0,0,0,0,-9.5,51620.8
L56957,L,25.450000000000045,36.450000000000045,90.0,1387.0,57.6,27.0,0,0,0,0,0,0,-11.0,79891.2
L57114,L,25.150000000000034,35.150000000000034,90.0,1472.0,44.3,71.0,0,0,0,0,0,0,-10.0,65209.6
L54732,L,27.150000000000034,38.150000000000034,90.0,1610.0,35.4,105.0,0,0,0,0,0,0,-11.0,56994.0
M20698,M,28.350000000000023,37.950000000000045,90.0,1460.0,36.5,25.0,0,0,0,0,0,0,-9.600000000000023,53290.0
H32203,H,27.450000000000045,36.150000000000034,90.0,1423.0,40.9,44.0,0,0,0,0,0,0,-8.699999999999989,58200.7
L56221,L,24.150000000000034,35.150000000000034,90.0,1309.0,61.5,15.0,0,0,0,0,0,0,-11.0,80503.5
L47364,L,25.05000000000001,35.25,90.0,1677.0,29.4,92.0,0,0,0,0,0,0,-10.199999999999989,49303.799999999996
H34607,H,30.850000000000023,40.05000000000001,90.0,1408.0,39.8,20.0,0,0,0,0,0,0,-9.199999999999989,56038.399999999994
L53391,L,27.75,37.650000000000034,90.0,1593.0,37.0,91.0,0,0,0,0,0,0,-9.900000000000034,58941.0
M16294,M,25.650000000000034,36.650000000000034,90.0,1612.0,49.6,27.0,0,0,0,0,0,0,-11.0,79955.2
L56355,L,24.650000000000034,35.85000000000002,90.0,1590.0,34.6,0.0,0,0,0,0,0,0,-11.199999999999989,55014.0
L53978,L,28.05000000000001,37.55000000000001,90.0,1369.0,50.9,98.0,0,0,0,0,0,0,-9.5,69682.09999999999
L49654,L,25.75,35.35000000000002,90.0,1485.0,40.6,100.0,0,0,0,0,0,0,-9.600000000000023,60291.0
M23797,M,24.25,35.25,90.0,1540.0,34.7,15.0,0,0,0,0,0,0,-11.0,53438.00000000001
M21607,M,28.650000000000034,37.950000000000045,90.0,1597.0,29.9,177.0,0,0,0,0,0,0,-9.300000000000011,47750.299999999996
L56102,L,24.150000000000034,34.950000000000045,90.0,1629.0,33.5,194.0,0,0,0,0,0,0,-10.800000000000011,54571.5
L55882,L,24.05000000000001,35.450000000000045,90.0,1774.0,50.5,188.0,0,0,0,0,0,0,-11.400000000000034,89587.0
H31859,H,26.05000000000001,35.55000000000001,90.0,1495.0,38.5,78.0,0,0,0,0,0,0,-9.5,57557.5
L57075,L,25.650000000000034,36.75,90.0,1534.0,38.3,171.0,0,0,0,0,0,0,-11.099999999999966,58752.2
L54658,L,27.150000000000034,38.55000000000001,90.0,1554.0,40.2,16.0,0,0,0,0,0,0,-11.399999999999977,62470.8
L53417,L,28.25,37.75,90.0,1414.0,37.9,146.0,0,0,0,0,0,0,-9.5,53590.6
L51252,L,28.75,37.450000000000045,90.0,1632.0,36.8,90.0,0,0,0,0,0,0,-8.700000000000045,60057.6
L53154,L,27.350000000000023,37.55000000000001,90.0,1488.0,39.4,17.0,0,0,0,0,0,0,-10.199999999999989,58627.2
L54938,L,27.25,38.650000000000034,90.0,1417.0,47.8,196.0,0,0,0,0,0,0,-11.400000000000034,67732.59999999999
L51476,L,28.650000000000034,37.05000000000001,90.0,1622.0,32.8,215.0,0,0,0,0,0,0,-8.399999999999977,53201.6
M23303,M,25.450000000000045,36.75,90.0,1668.0,31.8,36.0,0,0,0,0,0,0,-11.299999999999955,53042.4
H36399,H,27.75,38.150000000000034,90.0,1373.0,49.8,100.0,0,0,0,0,0,0,-10.400000000000034,68375.4
L49797,L,26.25,35.950000000000045,90.0,1412.0,46.6,68.0,0,0,0,0,0,0,-9.700000000000045,65799.2
L54248,L,27.650000000000034,37.55000000000001,90.0,1359.0,51.9,173.0,0,0,0,0,0,0,-9.899999999999977,70532.09999999999
M16408,M,25.350000000000023,35.650000000000034,90.0,1301.0,51.2,47.0,0,0,0,0,0,0,-10.300000000000011,66611.2
L47899,L,24.350000000000023,35.75,90.0,1647.0,30.5,129.0,0,0,0,0,0,0,-11.399999999999977,50233.5
M23504,M,24.450000000000045,35.150000000000034,90.0,1432.0,44.4,85.0,0,0,0,0,0,0,-10.699999999999989,63580.799999999996
L55251,L,27.350000000000023,38.85000000000002,90.0,1456.0,29.5,106.0,0,0,0,0,0,0,-11.5,42952.0
L55255,L,27.25,38.85000000000002,90.0,1366.0,43.2,188.0,0,0,0,0,0,0,-11.600000000000023,59011.200000000004
H38309,H,24.25,35.650000000000034,90.0,1449.0,42.0,126.0,0,0,0,0,0,0,-11.400000000000034,60858.0
L56615,L,24.950000000000045,35.55000000000001,90.0,1626.0,33.3,52.0,0,0,0,0,0,0,-10.599999999999966,54145.799999999996
L53881,L,28.450000000000045,37.75,90.0,1651.0,29.8,162.0,0,0,0,0,0,0,-9.299999999999955,49199.8
H38784,H,24.55000000000001,35.25,90.0,1510.0,38.8,70.0,0,0,0,0,0,0,-10.699999999999989,58587.99999999999
L50504,L,28.350000000000023,37.450000000000045,90.0,1578.0,41.5,9.0,0,0,0,0,0,0,-9.100000000000023,65487.0
H31383,H,24.650000000000034,34.25,90.0,1533.0,37.9,161.0,0,0,0,0,0,0,-9.599999999999966,58100.7
M21719,M,27.650000000000034,38.150000000000034,90.0,1566.0,33.0,18.0,0,0,0,0,0,0,-10.5,51678.0
M17291,M,25.75,35.25,90.0,1411.0,51.3,129.0,0,0,0,0,0,0,-9.5,72384.3
L50634,L,28.350000000000023,37.25,90.0,1516.0,38.7,6.0,0,0,0,0,0,0,-8.899999999999977,58669.200000000004
M18193,M,28.350000000000023,37.25,90.0,1536.0,40.4,104.0,0,0,0,0,0,0,-8.899999999999977,62054.399999999994
L53463,L,28.150000000000034,37.650000000000034,90.0,1402.0,50.7,62.0,0,0,0,0,0,0,-9.5,71081.40000000001
L56275,L,24.150000000000034,34.950000000000045,90.0,1358.0,45.9,148.0,0,0,0,0,0,0,-10.800000000000011,62332.2
L51659,L,29.350000000000023,37.05000000000001,90.0,1654.0,32.7,106.0,0,0,0,0,0,0,-7.699999999999989,54085.8
L56161,L,23.850000000000023,34.55000000000001,90.0,1516.0,42.0,126.0,0,0,0,0,0,0,-10.699999999999989,63672.0
L52933,L,29.05000000000001,38.35000000000002,90.0,1495.0,41.3,48.0,0,0,0,0,0,0,-9.300000000000011,61743.49999999999
L55419,L,25.850000000000023,37.25,90.0,1657.0,31.8,124.0,0,0,0,0,0,0,-11.399999999999977,52692.6
L52162,L,30.55000000000001,39.85000000000002,90.0,1418.0,46.1,127.0,0,0,0,0,0,0,-9.300000000000011,65369.8
M18104,M,27.850000000000023,36.75,90.0,1397.0,48.0,135.0,0,0,0,0,0,0,-8.899999999999977,67056.0
L55859,L,24.25,35.150000000000034,90.0,1456.0,54.2,129.0,0,0,0,0,0,0,-10.900000000000034,78915.2
M24406,M,26.450000000000045,38.05000000000001,90.0,1391.0,43.9,0.0,0,0,0,0,0,0,-11.599999999999966,61064.9
M21213,M,26.850000000000023,36.450000000000045,90.0,1491.0,43.0,26.0,0,0,0,0,0,0,-9.600000000000023,64113.0
L50149,L,27.450000000000045,36.35000000000002,90.0,1540.0,37.6,141.0,0,0,0,0,0,0,-8.899999999999977,57904.0
L54258,L,27.55000000000001,37.35000000000002,90.0,1534.0,39.6,199.0,0,0,0,0,0,0,-9.800000000000011,60746.4
L53262,L,27.75,37.25,90.0,1671.0,28.1,207.0,0,0,0,0,0,0,-9.5,46955.100000000006
L55345,L,26.450000000000045,37.950000000000045,90.0,1535.0,37.5,143.0,0,0,0,0,0,0,-11.5,57562.5
H36284,H,28.150000000000034,38.150000000000034,90.0,1597.0,39.2,66.0,0,0,0,0,0,0,-10.0,62602.4
M20910,M,27.75,37.950000000000045,90.0,1488.0,41.2,5.0,0,0,0,0,0,0,-10.200000000000045,61305.600000000006
L52560,L,29.650000000000034,39.150000000000034,90.0,1491.0,38.5,198.0,0,0,0,0,0,0,-9.5,57403.5
L53257,L,27.75,37.55000000000001,90.0,1466.0,43.3,201.0,0,0,0,0,0,0,-9.800000000000011,63477.799999999996
H33269,H,29.150000000000034,37.75,90.0,1492.0,38.0,166.0,0,0,0,0,0,0,-8.599999999999966,56696.0
M15664,M,23.75,34.650000000000034,90.0,1419.0,45.7,109.0,0,0,0,0,0,0,-10.900000000000034,64848.3
L50760,L,28.650000000000034,37.450000000000045,90.0,1432.0,44.1,64.0,0,0,0,0,0,0,-8.800000000000011,63151.200000000004
L51645,L,29.650000000000034,37.25,90.0,1404.0,40.4,203.0,0,0,0,0,0,0,-7.599999999999966,56721.6
H34183,H,30.450000000000045,38.75,90.0,1544.0,36.8,98.0,0,0,0,0,0,0,-8.299999999999955,56819.2
L49756,L,26.350000000000023,35.950000000000045,90.0,1621.0,31.5,181.0,0,0,0,0,0,0,-9.600000000000023,51061.5
L49390,L,26.650000000000034,36.05000000000001,90.0,1708.0,29.9,5.0,0,0,0,0,0,0,-9.399999999999977,51069.2
L48153,L,22.75,33.450000000000045,90.0,1589.0,35.4,117.0,0,0,0,0,0,0,-10.700000000000045,56250.6
L52846,L,29.05000000000001,38.35000000000002,90.0,1430.0,43.1,21.0,0,0,0,0,0,0,-9.300000000000011,61633.0
L52038,L,30.55000000000001,39.150000000000034,90.0,1602.0,34.6,103.0,0,0,0,0,0,0,-8.600000000000023,55429.200000000004
H39284,H,25.55000000000001,36.25,90.0,1672.0,30.8,148.0,0,0,0,0,0,0,-10.699999999999989,51497.6
L56530,L,24.950000000000045,35.55000000000001,90.0,1524.0,34.5,31.0,0,0,0,0,0,0,-10.599999999999966,52578.0
L50364,L,26.950000000000045,36.150000000000034,90.0,1507.0,40.8,201.0,0,0,0,0,0,0,-9.199999999999989,61485.6
L53231,L,27.650000000000034,37.650000000000034,90.0,1646.0,31.7,199.0,0,0,0,0,0,0,-10.0,52178.2
H37679,H,26.05000000000001,37.450000000000045,90.0,1555.0,36.8,185.0,0,0,0,0,0,0,-11.400000000000034,57223.99999999999
L55266,L,27.05000000000001,38.25,90.0,1547.0,38.5,145.0,0,0,0,0,0,0,-11.199999999999989,59559.5
L54082,L,27.850000000000023,38.450000000000045,90.0,1597.0,32.7,124.0,0,0,0,0,0,0,-10.600000000000023,52221.9
L50393,L,27.150000000000034,35.950000000000045,90.0,1671.0,29.4,50.0,0,0,0,0,0,0,-8.800000000000011,49127.399999999994
L49052,L,26.350000000000023,35.35000000000002,90.0,1429.0,50.4,98.0,0,0,0,0,0,0,-9.0,72021.59999999999
M23105,M,25.850000000000023,37.150000000000034,90.0,1585.0,31.3,121.0,0,0,0,0,0,0,-11.300000000000011,49610.5
M24190,M,25.25,35.85000000000002,90.0,1507.0,34.3,191.0,0,0,0,0,0,0,-10.600000000000023,51690.1
H31066,H,24.850000000000023,34.650000000000034,90.0,1419.0,45.7,15.0,0,0,0,0,0,0,-9.800000000000011,64848.3
L49521,L,26.25,35.55000000000001,90.0,1504.0,45.1,50.0,0,0,0,0,0,0,-9.300000000000011,67830.40000000001
L50778,L,28.55000000000001,37.35000000000002,90.0,1529.0,53.2,165.0,0,0,0,0,0,0,-8.800000000000011,81342.8
M21821,M,27.55000000000001,37.85000000000002,90.0,1378.0,41.2,79.0,0,0,0,0,0,0,-10.300000000000011,56773.600000000006
L49212,L,25.650000000000034,35.35000000000002,90.0,1630.0,32.2,2.0,0,0,0,0,0,0,-9.699999999999989,52486.00000000001
L48363,L,23.950000000000045,35.25,90.0,1437.0,48.1,25.0,0,0,0,0,0,0,-11.299999999999955,69119.7
L49455,L,26.150000000000034,35.55000000000001,90.0,1526.0,38.1,74.0,0,0,0,0,0,0,-9.399999999999977,58140.6
L50282,L,26.650000000000034,35.950000000000045,90.0,1367.0,54.8,153.0,0,0,0,0,0,0,-9.300000000000011,74911.59999999999
L55417,L,25.950000000000045,37.450000000000045,90.0,1551.0,38.8,88.0,0,0,0,0,0,0,-11.5,60178.799999999996
L55706,L,25.150000000000034,36.150000000000034,90.0,1597.0,37.2,14.0,0,0,0,0,0,0,-11.0,59408.4
M24174,M,25.350000000000023,36.25,90.0,1629.0,32.4,150.0,0,0,0,0,0,0,-10.899999999999977,52779.6
L56680,L,26.05000000000001,37.05000000000001,90.0,1697.0,30.6,2.0,0,0,0,0,0,0,-11.0,51928.200000000004
M15506,M,24.55000000000001,36.25,90.0,1461.0,43.8,142.0,0,0,0,0,0,0,-11.699999999999989,63991.799999999996
L55076,L,27.650000000000034,39.450000000000045,90.0,1376.0,53.6,166.0,0,0,0,0,0,0,-11.800000000000011,73753.6
L55601,L,25.75,37.150000000000034,90.0,1456.0,42.7,161.0,0,0,0,0,0,0,-11.400000000000034,62171.200000000004
L48739,L,25.05000000000001,35.150000000000034,90.0,1606.0,33.7,132.0,0,0,0,0,0,0,-10.100000000000023,54122.200000000004
M15500,M,24.650000000000034,36.450000000000045,90.0,1517.0,41.3,158.0,0,0,0,0,0,0,-11.800000000000011,62652.1
L48231,L,23.450000000000045,34.450000000000045,90.0,1556.0,37.7,110.0,0,0,0,0,0,0,-11.0,58661.200000000004
H36939,H,26.950000000000045,38.25,90.0,1471.0,40.2,62.0,0,0,0,0,0,0,-11.299999999999955,59134.200000000004
M21443,M,28.350000000000023,37.55000000000001,90.0,1611.0,34.1,206.0,0,0,0,0,0,0,-9.199999999999989,54935.100000000006
L49128,L,24.950000000000045,34.950000000000045,90.0,1544.0,45.8,0.0,0,0,0,0,0,0,-10.0,70715.2
L51633,L,29.350000000000023,37.25,90.0,1400.0,53.7,175.0,0,0,0,0,0,0,-7.899999999999977,75180.0
M17028,M,26.450000000000045,35.950000000000045,90.0,1653.0,32.1,155.0,0,0,0,0,0,0,-9.5,53061.3
L47455,L,24.850000000000023,34.950000000000045,90.0,1444.0,43.2,92.0,0,0,0,0,0,0,-10.100000000000023,62380.8
M20980,M,27.850000000000023,37.75,90.0,1546.0,40.6,93.0,0,0,0,0,0,0,-9.899999999999977,62767.600000000006
L47404,L,25.25,35.25,90.0,1584.0,50.1,162.0,0,0,0,0,0,0,-10.0,79358.40000000001
H39180,H,25.450000000000045,36.450000000000045,90.0,1471.0,42.5,16.0,0,0,0,0,0,0,-11.0,62517.5
L53941,L,28.150000000000034,37.650000000000034,90.0,1400.0,49.4,2.0,0,0,0,0,0,0,-9.5,69160.0
L54241,L,27.450000000000045,37.25,90.0,1822.0,26.0,155.0,0,0,0,0,0,0,-9.799999999999955,47372.0
L51443,L,29.05000000000001,36.85000000000002,90.0,1623.0,33.8,0.0,0,0,0,0,0,0,-7.800000000000011,54857.399999999994
L54641,L,26.850000000000023,38.35000000000002,90.0,1749.0,34.6,83.0,0,0,0,0,0,0,-11.5,60515.4
M24847,M,25.350000000000023,35.55000000000001,90.0,1447.0,43.8,210.0,0,0,0,0,0,0,-10.199999999999989,63378.6
M22722,M,27.350000000000023,38.85000000000002,90.0,1645.0,32.8,25.0,0,0,0,0,0,0,-11.5,53955.99999999999
L49094,L,24.850000000000023,34.55000000000001,90.0,1603.0,33.9,181.0,0,0,0,0,0,0,-9.699999999999989,54341.7
L50591,L,28.150000000000034,37.35000000000002,90.0,1348.0,57.5,125.0,0,0,0,0,0,0,-9.199999999999989,77510.0
L55363,L,26.55000000000001,37.950000000000045,90.0,1559.0,36.4,188.0,0,0,0,0,0,0,-11.400000000000034,56747.6
L47670,L,24.25,36.05000000000001,90.0,1473.0,43.8,181.0,0,0,0,0,0,0,-11.800000000000011,64517.399999999994
M16737,M,25.05000000000001,34.650000000000034,90.0,1566.0,33.8,5.0,0,0,0,0,0,0,-9.600000000000023,52930.799999999996
L47256,L,25.650000000000034,35.75,90.0,1261.0,52.7,206.0,0,0,0,0,0,0,-10.099999999999966,66454.7
L55145,L,27.950000000000045,39.150000000000034,90.0,1429.0,35.3,123.0,0,0,0,0,0,0,-11.199999999999989,50443.7
L53519,L,27.25,36.55000000000001,90.0,1452.0,49.1,167.0,0,0,0,0,0,0,-9.300000000000011,71293.2
M19250,M,28.850000000000023,36.75,90.0,1372.0,53.0,161.0,1,0,1,0,0,0,-7.899999999999977,72716.0
L50603,L,28.450000000000045,37.450000000000045,90.0,1642.0,29.9,159.0,0,0,0,0,0,0,-9.0,49095.799999999996
L57012,L,25.25,35.950000000000045,90.0,1334.0,52.7,210.0,0,0,0,0,0,0,-10.700000000000045,70301.8
L48996,L,24.950000000000045,34.450000000000045,90.0,1460.0,43.7,143.0,0,0,0,0,0,0,-9.5,63802.00000000001
L47294,L,25.650000000000034,35.450000000000045,90.0,1430.0,47.4,17.0,0,0,0,0,0,0,-9.800000000000011,67782.0
M18192,M,28.55000000000001,37.650000000000034,90.0,1521.0,31.6,137.0,0,0,0,0,0,0,-9.100000000000023,48063.6
H30909,H,24.850000000000023,36.05000000000001,90.0,1352.0,50.7,71.0,0,0,0,0,0,0,-11.199999999999989,68546.40000000001
H36250,H,27.950000000000045,37.950000000000045,90.0,1809.0,25.8,199.0,0,0,0,0,0,0,-10.0,46672.200000000004
L55663,L,25.350000000000023,36.75,90.0,1446.0,43.9,80.0,0,0,0,0,0,0,-11.399999999999977,63479.4
L54320,L,27.350000000000023,36.75,90.0,1382.0,46.5,166.0,0,0,0,0,0,0,-9.399999999999977,64263.0
M15521,M,24.55000000000001,36.05000000000001,90.0,1390.0,42.8,168.0,0,0,0,0,0,0,-11.5,59491.99999999999
L57070,L,25.650000000000034,36.35000000000002,90.0,1645.0,32.8,150.0,0,0,0,0,0,0,-10.699999999999989,53955.99999999999
M24487,M,25.75,36.85000000000002,90.0,1429.0,36.6,129.0,0,0,0,0,0,0,-11.100000000000023,52301.4
H30649,H,23.950000000000045,35.25,90.0,1754.0,29.4,171.0,0,0,0,0,0,0,-11.299999999999955,51567.6
M21004,M,27.950000000000045,37.950000000000045,90.0,1615.0,37.7,181.0,0,0,0,0,0,0,-10.0,60885.50000000001
L52754,L,29.25,38.85000000000002,90.0,1490.0,37.3,102.0,0,0,0,0,0,0,-9.600000000000023,55576.99999999999
L55456,L,25.650000000000034,37.35000000000002,90.0,1456.0,47.9,200.0,0,0,0,0,0,0,-11.699999999999989,69742.4
L53256,L,27.850000000000023,37.75,90.0,1459.0,50.7,114.0,0,0,0,0,0,0,-9.899999999999977,73971.3
L48703,L,24.950000000000045,35.85000000000002,90.0,1519.0,36.9,41.0,0,0,0,0,0,0,-10.899999999999977,56051.1
L49095,L,24.850000000000023,34.55000000000001,90.0,1688.0,30.3,202.0,0,0,0,0,0,0,-9.699999999999989,51146.4
L48894,L,25.05000000000001,34.650000000000034,90.0,1515.0,41.2,76.0,0,0,0,0,0,0,-9.600000000000023,62418.00000000001
H30743,H,25.75,36.950000000000045,90.0,1483.0,42.9,209.0,0,0,0,0,0,0,-11.200000000000045,63620.7
H38280,H,24.75,35.75,90.0,1719.0,31.9,45.0,0,0,0,0,0,0,-11.0,54836.1
L56394,L,24.850000000000023,35.75,90.0,1617.0,32.8,192.0,0,0,0,0,0,0,-10.899999999999977,53037.6
M18592,M,29.05000000000001,38.05000000000001,90.0,1551.0,36.7,91.0,0,0,0,0,0,0,-9.0,56921.700000000004
L53651,L,27.450000000000045,37.05000000000001,90.0,1677.0,29.8,24.0,0,0,0,0,0,0,-9.599999999999966,49974.6
M19723,M,30.450000000000045,39.150000000000034,90.0,1790.0,27.7,116.0,0,0,0,0,0,0,-8.699999999999989,49583.0
L53766,L,28.25,37.450000000000045,90.0,1353.0,48.1,208.0,0,0,0,0,0,0,-9.200000000000045,65079.3
L49646,L,25.850000000000023,35.35000000000002,90.0,1474.0,37.7,0.0,0,0,0,0,0,0,-9.5,55569.8
L54222,L,27.450000000000045,37.35000000000002,90.0,1475.0,47.0,100.0,0,0,0,0,0,0,-9.899999999999977,69325.0
M17248,M,26.05000000000001,35.35000000000002,90.0,1355.0,45.3,174.0,0,0,0,0,0,0,-9.300000000000011,61381.49999999999
L53005,L,28.150000000000034,37.85000000000002,90.0,1555.0,36.6,155.0,0,0,0,0,0,0,-9.699999999999989,56913.0
L52252,L,30.850000000000023,39.950000000000045,90.0,1456.0,49.1,52.0,0,0,0,0,0,0,-9.100000000000023,71489.6
L52680,L,29.25,38.85000000000002,90.0,1442.0,48.0,196.0,0,0,0,0,0,0,-9.600000000000023,69216.0
L48897,L,25.05000000000001,34.450000000000045,90.0,1441.0,54.5,82.0,0,0,0,0,0,0,-9.400000000000034,78534.5
L49414,L,26.25,35.450000000000045,90.0,1492.0,40.5,174.0,0,0,0,0,0,0,-9.200000000000045,60426.0
M15184,M,24.650000000000034,35.35000000000002,90.0,1544.0,41.9,196.0,0,0,0,0,0,0,-10.699999999999989,64693.6
L52560,L,29.75,39.25,90.0,1610.0,33.3,198.0,0,0,0,0,0,0,-9.5,53612.99999999999
L54126,L,27.450000000000045,38.05000000000001,90.0,1525.0,46.3,32.0,0,0,0,0,0,0,-10.599999999999966,70607.5
L52997,L,28.150000000000034,37.85000000000002,90.0,1486.0,39.0,206.0,0,0,0,0,0,0,-9.699999999999989,57954.0
L50702,L,28.650000000000034,37.85000000000002,90.0,1651.0,46.3,197.0,0,0,0,0,0,0,-9.199999999999989,76441.29999999999
L54976,L,26.950000000000045,38.25,90.0,1492.0,39.2,61.0,0,0,0,0,0,0,-11.299999999999955,58486.4
M24803,M,25.350000000000023,34.85000000000002,90.0,1380.0,53.4,82.0,0,0,0,0,0,0,-9.5,73692.0
M19733,M,30.650000000000034,39.25,90.0,1515.0,38.8,198.0,0,0,0,0,0,0,-8.599999999999966,58781.99999999999
H38545,H,24.450000000000045,35.450000000000045,90.0,1498.0,46.7,85.0,0,0,0,0,0,0,-11.0,69956.6
M19839,M,30.55000000000001,39.55000000000001,90.0,1612.0,36.3,7.0,0,0,0,0,0,0,-9.0,58515.6
L55986,L,24.25,35.450000000000045,90.0,1692.0,34.4,94.0,0,0,0,0,0,0,-11.200000000000045,58204.799999999996
L55774,L,24.25,34.85000000000002,90.0,1727.0,33.3,184.0,0,0,0,0,0,0,-10.600000000000023,57509.1
M18755,M,29.05000000000001,37.950000000000045,90.0,1507.0,39.4,0.0,0,0,0,0,0,0,-8.900000000000034,59375.799999999996
M23114,M,25.650000000000034,36.950000000000045,90.0,1565.0,38.6,131.0,0,0,0,0,0,0,-11.300000000000011,60409.0
L50317,L,27.950000000000045,36.75,90.0,1483.0,39.3,70.0,0,0,0,0,0,0,-8.799999999999955,58281.899999999994
L54964,L,27.150000000000034,38.35000000000002,90.0,1490.0,40.4,58.0,0,0,0,0,0,0,-11.199999999999989,60196.0
L54235,L,27.650000000000034,37.450000000000045,90.0,1463.0,42.7,139.0,0,0,0,0,0,0,-9.800000000000011,62470.100000000006
M15924,M,23.75,34.650000000000034,90.0,1419.0,41.6,114.0,0,0,0,0,0,0,-10.900000000000034,59030.4
L53651,L,27.25,36.35000000000002,90.0,1339.0,50.4,124.0,0,0,0,0,0,0,-9.100000000000023,67485.59999999999
M19175,M,28.650000000000034,36.950000000000045,90.0,1537.0,35.7,44.0,0,0,0,0,0,0,-8.300000000000011,54870.9
L56611,L,24.950000000000045,35.450000000000045,90.0,1297.0,52.1,0.0,0,0,0,0,0,0,-10.5,67573.7
L48120,L,22.350000000000023,32.85000000000002,90.0,1552.0,36.9,9.0,0,0,0,0,0,0,-10.5,57268.799999999996
L56146,L,23.950000000000045,34.650000000000034,90.0,1495.0,30.3,135.0,0,0,0,0,0,0,-10.699999999999989,45298.5
L53135,L,27.55000000000001,37.650000000000034,90.0,1474.0,47.5,111.0,0,0,0,0,0,0,-10.100000000000023,70015.0
L53535,L,26.950000000000045,36.55000000000001,90.0,1481.0,39.4,34.0,0,0,0,0,0,0,-9.599999999999966,58351.4
L56392,L,24.850000000000023,35.75,90.0,1390.0,40.0,88.0,0,0,0,0,0,0,-10.899999999999977,55600.0
L55046,L,27.350000000000023,38.85000000000002,90.0,1431.0,49.1,124.0,0,0,0,0,0,0,-11.5,70262.1
L56231,L,24.150000000000034,35.150000000000034,90.0,1564.0,32.0,66.0,0,0,0,0,0,0,-11.0,50048.0
L49175,L,25.05000000000001,34.85000000000002,90.0,1490.0,46.5,196.0,0,0,0,0,0,0,-9.800000000000011,69285.0
L53620,L,27.450000000000045,37.05000000000001,90.0,1495.0,31.7,46.0,0,0,0,0,0,0,-9.599999999999966,47391.5
L54541,L,26.350000000000023,36.950000000000045,90.0,1610.0,30.2,52.0,0,0,0,0,0,0,-10.600000000000023,48622.0
L55912,L,24.150000000000034,35.650000000000034,90.0,1370.0,54.2,206.0,0,0,0,0,0,0,-11.5,74254.0
M17333,M,25.75,35.35000000000002,90.0,1495.0,37.6,15.0,0,0,0,0,0,0,-9.600000000000023,56212.0
M20734,M,28.350000000000023,37.950000000000045,90.0,1447.0,39.7,148.0,0,0,0,0,0,0,-9.600000000000023,57445.9
L50479,L,28.150000000000034,37.35000000000002,90.0,1474.0,44.4,63.0,0,0,0,0,0,0,-9.199999999999989,65445.6
L47897,L,24.25,35.55000000000001,90.0,1386.0,49.1,125.0,0,0,0,0,0,0,-11.300000000000011,68052.6
M24784,M,25.350000000000023,35.450000000000045,90.0,1466.0,45.7,44.0,0,0,0,0,0,0,-10.100000000000023,66996.2
M24722,M,25.650000000000034,36.55000000000001,90.0,1439.0,45.8,59.0,0,0,0,0,0,0,-10.899999999999977,65906.2
L47853,L,24.450000000000045,35.75,90.0,1449.0,52.4,209.0,0,0,0,0,0,0,-11.299999999999955,75927.59999999999
L50296,L,26.950000000000045,36.05000000000001,90.0,1472.0,44.1,16.0,0,0,0,0,0,0,-9.099999999999966,64915.200000000004
L53989,L,27.75,37.650000000000034,90.0,1373.0,50.1,125.0,0,0,0,0,0,0,-9.900000000000034,68787.3
L48915,L,25.05000000000001,34.35000000000002,90.0,1604.0,37.2,132.0,0,0,0,0,0,0,-9.300000000000011,59668.8
M22648,M,27.25,38.150000000000034,90.0,1596.0,35.1,73.0,0,0,0,0,0,0,-10.900000000000034,56019.600000000006
M22722,M,27.350000000000023,38.85000000000002,90.0,1384.0,54.1,27.0,0,0,0,0,0,0,-11.5,74874.40000000001
M17298,M,25.850000000000023,35.150000000000034,90.0,1534.0,38.9,63.0,0,0,0,0,0,0,-9.300000000000011,59672.6
L48693,L,24.950000000000045,35.55000000000001,90.0,1568.0,32.9,0.0,0,0,0,0,0,0,-10.599999999999966,51587.2
L56148,L,23.950000000000045,34.650000000000034,90.0,1568.0,35.1,126.0,0,0,0,0,0,0,-10.699999999999989,55036.8
L47894,L,24.25,35.450000000000045,90.0,1603.0,36.3,116.0,0,0,0,0,0,0,-11.200000000000045,58188.899999999994
L55802,L,24.450000000000045,35.150000000000034,90.0,1751.0,29.9,29.0,0,0,0,0,0,0,-10.699999999999989,52354.899999999994
L50604,L,28.350000000000023,37.450000000000045,90.0,1657.0,31.9,155.0,0,0,0,0,0,0,-9.100000000000023,52858.299999999996
L54483,L,26.950000000000045,37.25,90.0,1430.0,45.4,64.0,0,0,0,0,0,0,-10.299999999999955,64922.0
L53174,L,27.450000000000045,37.25,90.0,1469.0,48.8,221.0,0,0,0,0,0,0,-9.799999999999955,71687.2
H37474,H,27.05000000000001,38.450000000000045,90.0,1465.0,36.0,2.0,0,0,0,0,0,0,-11.400000000000034,52740.0
L56343,L,24.450000000000045,35.450000000000045,90.0,1498.0,47.3,64.0,0,0,0,0,0,0,-11.0,70855.4
L53335,L,27.850000000000023,37.950000000000045,90.0,1634.0,31.2,182.0,0,0,0,0,0,0,-10.100000000000023,50980.799999999996
M16354,M,24.850000000000023,35.55000000000001,90.0,1377.0,48.5,155.0,0,0,0,0,0,0,-10.699999999999989,66784.5
L48897,L,24.950000000000045,34.450000000000045,90.0,1559.0,37.7,80.0,0,0,0,0,0,0,-9.5,58774.3
L47271,L,25.75,35.85000000000002,90.0,1534.0,35.6,34.0,0,0,0,0,0,0,-10.100000000000023,54610.4
L52702,L,29.450000000000045,38.75,90.0,1398.0,39.11,84.0,0,0,0,0,0,0,-9.299999999999955,54675.78
L54517,L,26.55000000000001,37.35000000000002,90.0,1539.0,30.3,183.0,0,0,0,0,0,0,-10.800000000000011,46631.700000000004
M20955,M,27.75,37.650000000000034,90.0,1382.0,44.7,18.0,0,0,0,0,0,0,-9.900000000000034,61775.4
L54371,L,26.950000000000045,37.75,90.0,1636.0,32.3,74.0,0,0,0,0,0,0,-10.799999999999955,52842.799999999996
L57075,L,25.25,36.05000000000001,90.0,1591.0,29.0,2.0,0,0,0,0,0,0,-10.800000000000011,46139.0
L57005,L,25.25,36.150000000000034,90.0,1412.0,50.8,127.0,0,0,0,0,0,0,-10.900000000000034,71729.59999999999
L53853,L,28.450000000000045,37.55000000000001,90.0,1416.0,51.4,214.0,0,0,0,0,0,0,-9.099999999999966,72782.4
L54298,L,27.75,37.35000000000002,90.0,1565.0,39.7,7.0,0,0,0,0,0,0,-9.600000000000023,62130.50000000001
L48778,L,24.850000000000023,34.85000000000002,90.0,1501.0,36.7,199.0,0,0,0,0,0,0,-10.0,55086.700000000004
H39086,H,25.850000000000023,37.450000000000045,90.0,1447.0,40.4,0.0,0,0,0,0,0,0,-11.600000000000023,58458.799999999996
L47256,L,25.75,35.75,90.0,1441.0,43.9,40.0,0,0,0,0,0,0,-10.0,63259.9
L52824,L,29.25,38.85000000000002,90.0,1383.0,51.3,104.0,0,0,0,0,0,0,-9.600000000000023,70947.9
L54121,L,27.650000000000034,38.05000000000001,90.0,1457.0,57.6,43.0,0,0,0,0,0,0,-10.399999999999977,83923.2
M17852,M,27.350000000000023,36.450000000000045,90.0,1485.0,41.4,140.0,0,0,0,0,0,0,-9.100000000000023,61479.0
L49250,L,26.55000000000001,36.35000000000002,90.0,1419.0,47.7,184.0,0,0,0,0,0,0,-9.800000000000011,67686.3
L57153,L,25.350000000000023,35.05000000000001,90.0,1644.0,32.7,170.0,0,0,0,0,0,0,-9.699999999999989,53758.8
L53656,L,27.350000000000023,36.55000000000001,90.0,1449.0,49.1,170.0,0,0,0,0,0,0,-9.199999999999989,71145.90000000001
M16661,M,24.850000000000023,34.55000000000001,90.0,1544.0,43.6,101.0,0,0,0,0,0,0,-9.699999999999989,67318.40000000001
M19622,M,30.55000000000001,38.85000000000002,90.0,1491.0,37.4,73.0,0,0,0,0,0,0,-8.300000000000011,55763.4
L48175,L,23.05000000000001,34.05000000000001,90.0,1441.0,42.8,177.0,0,0,0,0,0,0,-11.0,61674.799999999996
L53235,L,27.55000000000001,37.650000000000034,90.0,1523.0,39.1,204.0,0,0,0,0,0,0,-10.100000000000023,59549.3
M23699,M,24.25,35.650000000000034,90.0,1356.0,39.0,181.0,0,0,0,0,0,0,-11.400000000000034,52884.0
M23918,M,24.150000000000034,34.950000000000045,90.0,1474.0,40.0,54.0,0,0,0,0,0,0,-10.800000000000011,58960.0
M21678,M,27.850000000000023,37.950000000000045,90.0,1476.0,47.0,148.0,0,0,0,0,0,0,-10.100000000000023,69372.0
M19526,M,30.150000000000034,38.35000000000002,90.0,1466.0,46.2,47.0,0,0,0,0,0,0,-8.199999999999989,67729.2
H39098,H,26.05000000000001,37.150000000000034,90.0,1820.0,24.8,233.0,0,0,0,0,0,0,-11.100000000000023,45136.0
L54827,L,27.350000000000023,38.450000000000045,90.0,1488.0,43.5,35.0,0,0,0,0,0,0,-11.100000000000023,64728.0
M24763,M,25.650000000000034,36.05000000000001,90.0,1499.0,37.8,127.0,0,0,0,0,0,0,-10.399999999999977,56662.2
L48309,L,23.55000000000001,34.75,90.0,1690.0,29.6,24.0,0,0,0,0,0,0,-11.199999999999989,50024.0
M17148,M,26.150000000000034,35.450000000000045,90.0,1541.0,41.5,109.0,0,0,0,0,0,0,-9.300000000000011,63951.5
L56140,L,24.150000000000034,34.75,90.0,1519.0,38.8,75.0,0,0,0,0,0,0,-10.599999999999966,58937.2
L53107,L,27.05000000000001,36.950000000000045,90.0,1649.0,30.5,16.0,0,0,0,0,0,0,-9.900000000000034,50294.5
L55079,L,27.650000000000034,39.25,90.0,1701.0,30.3,125.0,0,0,0,0,0,0,-11.599999999999966,51540.3
L49403,L,26.450000000000045,35.85000000000002,90.0,1413.0,48.6,64.0,0,0,0,0,0,0,-9.399999999999977,68671.8
L50458,L,28.150000000000034,36.85000000000002,90.0,1513.0,40.8,11.0,0,0,0,0,0,0,-8.699999999999989,61730.399999999994
L53743,L,28.350000000000023,37.55000000000001,90.0,1663.0,28.9,0.0,0,0,0,0,0,0,-9.199999999999989,48060.7
L53142,L,27.350000000000023,37.55000000000001,90.0,1450.0,45.3,125.0,0,0,0,0,0,0,-10.199999999999989,65685.0
L49659,L,25.850000000000023,35.35000000000002,90.0,1604.0,32.2,202.0,0,0,0,0,0,0,-9.5,51648.8
L50920,L,29.150000000000034,38.05000000000001,90.0,1401.0,47.2,118.0,0,0,0,0,0,0,-8.899999999999977,66127.2
L53838,L,28.25,37.25,90.0,1359.0,49.7,178.0,0,0,0,0,0,0,-9.0,67542.3
H39214,H,25.25,36.150000000000034,90.0,1430.0,55.3,167.0,0,0,0,0,0,0,-10.900000000000034,79079.0
L54139,L,27.450000000000045,37.85000000000002,90.0,1629.0,31.0,170.0,0,0,0,0,0,0,-10.399999999999977,50499.0
L51545,L,28.950000000000045,36.85000000000002,90.0,1754.0,24.4,184.0,0,0,0,0,0,0,-7.899999999999977,42797.6
M20955,M,27.650000000000034,37.55000000000001,90.0,1492.0,38.2,33.0,0,0,0,0,0,0,-9.899999999999977,56994.4
M18683,M,29.05000000000001,37.75,90.0,1581.0,36.1,109.0,0,0,0,0,0,0,-8.699999999999989,57074.100000000006
M17554,M,26.75,36.450000000000045,90.0,1578.0,38.0,46.0,0,0,0,0,0,0,-9.700000000000045,59964.0
L49235,L,26.450000000000045,36.25,90.0,1643.0,32.9,146.0,0,0,0,0,0,0,-9.799999999999955,54054.7
L53722,L,28.25,37.650000000000034,90.0,1543.0,43.2,97.0,0,0,0,0,0,0,-9.400000000000034,66657.6
M24363,M,26.05000000000001,37.150000000000034,90.0,1551.0,44.8,16.0,0,0,0,0,0,0,-11.100000000000023,69484.79999999999
M19756,M,30.55000000000001,39.25,90.0,1642.0,32.1,206.0,0,0,0,0,0,0,-8.699999999999989,52708.200000000004
M24265,M,24.55000000000001,34.950000000000045,90.0,1769.0,25.6,183.0,0,0,0,0,0,0,-10.400000000000034,45286.4
L54905,L,27.450000000000045,38.55000000000001,90.0,1488.0,34.1,111.0,0,0,0,0,0,0,-11.099999999999966,50740.8
M24309,M,24.950000000000045,35.650000000000034,90.0,1446.0,42.9,93.0,0,0,0,0,0,0,-10.699999999999989,62033.4
M18037,M,26.950000000000045,36.05000000000001,90.0,1685.0,35.9,188.0,0,0,0,0,0,0,-9.099999999999966,60491.5
L49591,L,25.75,35.35000000000002,90.0,1405.0,46.7,124.0,0,0,0,0,0,0,-9.600000000000023,65613.5
L50364,L,26.950000000000045,36.35000000000002,90.0,1809.0,26.1,0.0,0,0,0,0,0,0,-9.399999999999977,47214.9
L49226,L,26.350000000000023,36.150000000000034,90.0,1386.0,48.2,96.0,0,0,0,0,0,0,-9.800000000000011,66805.2
L55142,L,27.850000000000023,39.05000000000001,90.0,1372.0,36.0,143.0,0,0,0,0,0,0,-11.199999999999989,49392.0
L50807,L,29.05000000000001,38.35000000000002,90.0,1588.0,32.9,39.0,0,0,0,0,0,0,-9.300000000000011,52245.2
L48149,L,22.75,33.450000000000045,90.0,1447.0,41.0,109.0,0,0,0,0,0,0,-10.700000000000045,59327.0
L55725,L,25.25,36.150000000000034,90.0,1531.0,38.6,64.0,0,0,0,0,0,0,-10.900000000000034,59096.6
L53033,L,28.05000000000001,38.05000000000001,90.0,1616.0,33.5,64.0,0,0,0,0,0,0,-10.0,54136.0
L55950,L,24.25,35.450000000000045,90.0,1693.0,30.6,156.0,0,0,0,0,0,0,-11.200000000000045,51805.8
L53474,L,27.950000000000045,37.35000000000002,90.0,1818.0,24.3,91.0,0,0,0,0,0,0,-9.399999999999977,44177.4
L56412,L,25.05000000000001,35.85000000000002,90.0,1450.0,40.6,166.0,0,0,0,0,0,0,-10.800000000000011,58870.0
M24248,M,24.350000000000023,34.75,90.0,1544.0,37.9,188.0,0,0,0,0,0,0,-10.399999999999977,58517.6
L54271,L,27.450000000000045,37.05000000000001,90.0,1422.0,47.7,104.0,0,0,0,0,0,0,-9.599999999999966,67829.40000000001
L56851,L,25.850000000000023,36.85000000000002,90.0,1458.0,44.1,246.0,0,0,0,0,0,0,-11.0,64297.8
M15835,M,22.850000000000023,33.450000000000045,90.0,1509.0,41.4,9.0,0,0,0,0,0,0,-10.600000000000023,62472.6
H32875,H,28.450000000000045,37.450000000000045,90.0,1522.0,38.7,7.0,0,0,0,0,0,0,-9.0,58901.4
M19116,M,29.25,37.85000000000002,90.0,1413.0,46.5,179.0,0,0,0,0,0,0,-8.600000000000023,65704.5
M20410,M,29.150000000000034,38.35000000000002,90.0,1433.0,45.1,159.0,0,0,0,0,0,0,-9.199999999999989,64628.3
L50288,L,26.950000000000045,36.05000000000001,90.0,1499.0,38.7,205.0,0,0,0,0,0,0,-9.099999999999966,58011.3
M17974,M,26.950000000000045,36.25,90.0,1358.0,59.5,13.0,0,0,0,0,0,0,-9.299999999999955,80801.0
M19016,M,28.850000000000023,37.35000000000002,90.0,1512.0,40.3,181.0,0,0,0,0,0,0,-8.5,60933.6
L53846,L,28.150000000000034,37.25,90.0,1414.0,51.4,155.0,0,0,0,0,0,0,-9.099999999999966,72679.59999999999
H32080,H,26.55000000000001,36.150000000000034,90.0,1458.0,43.6,148.0,0,0,0,0,0,0,-9.600000000000023,63568.8
L52811,L,29.650000000000034,38.85000000000002,90.0,1556.0,36.8,162.0,0,0,0,0,0,0,-9.199999999999989,57260.799999999996
L55296,L,27.150000000000034,38.650000000000034,90.0,1704.0,30.0,9.0,0,0,0,0,0,0,-11.5,51120.0
L51560,L,28.75,36.450000000000045,90.0,1710.0,26.0,223.0,0,0,0,0,0,0,-7.7000000000000455,44460.0
H38486,H,24.05000000000001,35.150000000000034,90.0,1770.0,26.2,113.0,0,0,0,0,0,0,-11.100000000000023,46374.0
H36889,H,28.350000000000023,37.75,90.0,1380.0,52.7,174.0,0,0,0,0,0,0,-9.399999999999977,72726.0
M16136,M,25.650000000000034,36.650000000000034,90.0,1496.0,40.7,83.0,0,0,0,0,0,0,-11.0,60887.200000000004
L55916,L,24.450000000000045,35.650000000000034,90.0,1512.0,44.0,146.0,0,0,0,0,0,0,-11.199999999999989,66528.0
M18097,M,27.75,36.450000000000045,90.0,1486.0,42.8,116.0,0,0,0,0,0,0,-8.700000000000045,63600.799999999996
L47562,L,24.350000000000023,35.35000000000002,90.0,1381.0,50.7,173.0,0,0,0,0,0,0,-11.0,70016.7
L57161,L,25.55000000000001,35.25,90.0,1353.0,37.0,190.0,0,0,0,0,0,0,-9.699999999999989,50061.0
L51280,L,28.850000000000023,37.25,90.0,1427.0,45.3,156.0,0,0,0,0,0,0,-8.399999999999977,64643.1
M18084,M,27.450000000000045,36.35000000000002,90.0,1640.0,33.8,76.0,0,0,0,0,0,0,-8.899999999999977,55431.99999999999
M20753,M,28.150000000000034,37.85000000000002,90.0,1410.0,52.7,74.0,0,0,0,0,0,0,-9.699999999999989,74307.0
M24701,M,25.150000000000034,36.05000000000001,90.0,1363.0,57.3,181.0,0,0,0,0,0,0,-10.899999999999977,78099.9
L54684,L,27.350000000000023,38.650000000000034,90.0,1589.0,34.3,201.0,0,0,0,0,0,0,-11.300000000000011,54502.7
M24677,M,25.350000000000023,36.150000000000034,90.0,1665.0,28.2,100.0,0,0,0,0,0,0,-10.800000000000011,46953.0
L54753,L,27.150000000000034,37.950000000000045,90.0,1517.0,37.1,160.0,0,0,0,0,0,0,-10.800000000000011,56280.700000000004
L47340,L,24.950000000000045,35.05000000000001,90.0,1402.0,50.0,45.0,0,0,0,0,0,0,-10.099999999999966,70100.0
M24225,M,24.850000000000023,35.55000000000001,90.0,1648.0,35.8,173.0,0,0,0,0,0,0,-10.699999999999989,58998.399999999994
M17124,M,26.05000000000001,35.450000000000045,90.0,1415.0,43.5,53.0,0,0,0,0,0,0,-9.400000000000034,61552.5
M22332,M,27.05000000000001,38.35000000000002,90.0,1488.0,40.1,115.0,0,0,0,0,0,0,-11.300000000000011,59668.8
L51343,L,28.950000000000045,37.35000000000002,90.0,1820.0,25.8,121.0,0,0,0,0,0,0,-8.399999999999977,46956.0
L54541,L,26.450000000000045,37.05000000000001,90.0,1393.0,45.7,87.0,0,0,0,0,0,0,-10.599999999999966,63660.100000000006
L48892,L,25.150000000000034,34.650000000000034,90.0,1551.0,33.8,72.0,0,0,0,0,0,0,-9.5,52423.799999999996
H32498,H,26.950000000000045,36.25,90.0,1329.0,44.2,148.0,0,0,0,0,0,0,-9.299999999999955,58741.8
L53338,L,27.850000000000023,37.85000000000002,90.0,1677.0,29.1,188.0,0,0,0,0,0,0,-10.0,48800.700000000004
L49125,L,24.950000000000045,34.950000000000045,90.0,1640.0,32.8,65.0,0,0,0,0,0,0,-10.0,53791.99999999999
L53864,L,28.450000000000045,37.75,90.0,1538.0,38.8,124.0,0,0,0,0,0,0,-9.299999999999955,59674.399999999994
L53901,L,28.25,37.650000000000034,90.0,1435.0,38.2,106.0,0,0,0,0,0,0,-9.400000000000034,54817.00000000001
M17596,M,26.650000000000034,36.05000000000001,90.0,1721.0,28.9,7.0,0,0,0,0,0,0,-9.399999999999977,49736.899999999994
L54243,L,27.55000000000001,37.55000000000001,90.0,1553.0,36.0,202.0,0,0,0,0,0,0,-10.0,55908.0
M23743,M,24.75,36.05000000000001,90.0,1729.0,26.6,131.0,0,0,0,0,0,0,-11.300000000000011,45991.4
L50946,L,29.150000000000034,37.950000000000045,90.0,1734.0,30.4,181.0,0,0,0,0,0,0,-8.800000000000011,52713.6
M24217,M,25.05000000000001,35.650000000000034,90.0,1593.0,35.3,38.0,0,0,0,0,0,0,-10.600000000000023,56232.899999999994
L55343,L,26.55000000000001,37.950000000000045,90.0,1474.0,39.8,135.0,0,0,0,0,0,0,-11.400000000000034,58665.2
L53981,L,27.850000000000023,37.450000000000045,90.0,1471.0,43.0,104.0,0,0,0,0,0,0,-9.600000000000023,63253.0
L51200,L,28.950000000000045,37.85000000000002,90.0,1351.0,49.5,181.0,0,0,0,0,0,0,-8.899999999999977,66874.5
L49774,L,25.650000000000034,35.35000000000002,90.0,1625.0,37.0,11.0,0,0,0,0,0,0,-9.699999999999989,60125.0
L48852,L,24.950000000000045,34.650000000000034,90.0,1614.0,31.8,198.0,0,0,0,0,0,0,-9.699999999999989,51325.200000000004
H32254,H,27.150000000000034,36.05000000000001,90.0,1531.0,38.4,152.0,0,0,0,0,0,0,-8.899999999999977,58790.4
M23200,M,25.650000000000034,36.55000000000001,90.0,1530.0,38.1,59.0,0,0,0,0,0,0,-10.899999999999977,58293.0
L56854,L,25.850000000000023,37.05000000000001,90.0,1695.0,30.8,160.0,0,0,0,0,0,0,-11.199999999999989,52206.0
L55983,L,24.25,35.35000000000002,90.0,1571.0,33.8,44.0,0,0,0,0,0,0,-11.100000000000023,53099.799999999996
L54433,L,27.150000000000034,37.25,90.0,1521.0,42.8,121.0,0,0,0,0,0,0,-10.099999999999966,65098.799999999996
L52655,L,29.55000000000001,39.05000000000001,90.0,1336.0,46.8,135.0,0,0,0,0,0,0,-9.5,62524.799999999996
L50534,L,28.350000000000023,37.75,90.0,1663.0,28.1,191.0,0,0,0,0,0,0,-9.399999999999977,46730.3
L48490,L,25.55000000000001,36.75,90.0,1418.0,48.1,160.0,0,0,0,0,0,0,-11.199999999999989,68205.8
M23620,M,24.25,35.55000000000001,90.0,1644.0,32.1,174.0,0,0,0,0,0,0,-11.300000000000011,52772.4
H38860,H,24.950000000000045,35.75,90.0,1383.0,46.5,83.0,0,0,0,0,0,0,-10.799999999999955,64309.5
M14948,M,25.850000000000023,35.85000000000002,90.0,1492.0,45.2,27.0,0,0,0,0,0,0,-10.0,67438.40000000001
L51171,L,29.150000000000034,38.150000000000034,90.0,1580.0,34.4,127.0,0,0,0,0,0,0,-9.0,54352.0
L48433,L,24.350000000000023,35.650000000000034,90.0,1447.0,57.3,27.0,0,0,0,0,0,0,-11.300000000000011,82913.09999999999
M17343,M,25.850000000000023,35.75,90.0,1446.0,48.5,0.0,0,0,0,0,0,0,-9.899999999999977,70131.0
L55270,L,27.05000000000001,38.450000000000045,90.0,1413.0,48.5,167.0,0,0,0,0,0,0,-11.400000000000034,68530.5
H36066,H,28.350000000000023,37.450000000000045,90.0,1619.0,29.9,206.0,0,0,0,0,0,0,-9.100000000000023,48408.1
L51032,L,29.150000000000034,37.75,90.0,1708.0,31.8,3.0,0,0,0,0,0,0,-8.599999999999966,54314.4
L49896,L,26.350000000000023,35.950000000000045,90.0,1408.0,49.3,158.0,0,0,0,0,0,0,-9.600000000000023,69414.4
L54108,L,27.950000000000045,38.55000000000001,90.0,1664.0,30.8,2.0,0,0,0,0,0,0,-10.599999999999966,51251.200000000004
H33674,H,28.950000000000045,36.950000000000045,90.0,1447.0,35.8,164.0,0,0,0,0,0,0,-8.0,51802.6
L56718,L,26.150000000000034,37.25,90.0,1399.0,50.8,107.0,0,0,0,0,0,0,-11.099999999999966,71069.2
L50104,L,27.55000000000001,36.450000000000045,90.0,1541.0,36.0,98.0,0,0,0,0,0,0,-8.900000000000034,55476.0
M15547,M,24.450000000000045,35.85000000000002,90.0,1509.0,42.4,39.0,0,0,0,0,0,0,-11.399999999999977,63981.6
H31567,H,26.150000000000034,35.650000000000034,90.0,1496.0,45.4,191.0,0,0,0,0,0,0,-9.5,67918.4
M21789,M,27.850000000000023,38.450000000000045,90.0,1630.0,30.1,9.0,0,0,0,0,0,0,-10.600000000000023,49063.0
L49863,L,26.350000000000023,36.150000000000034,90.0,1684.0,27.5,30.0,0,0,0,0,0,0,-9.800000000000011,46310.0
L49689,L,25.850000000000023,35.75,90.0,1511.0,44.3,16.0,0,0,0,0,0,0,-9.899999999999977,66937.3
L50756,L,28.650000000000034,37.35000000000002,90.0,1555.0,44.0,116.0,0,0,0,0,0,0,-8.699999999999989,68420.0
L49598,L,25.950000000000045,35.35000000000002,90.0,1427.0,46.3,67.0,0,0,0,0,0,0,-9.399999999999977,66070.09999999999
L50825,L,28.950000000000045,38.35000000000002,90.0,1525.0,38.4,7.0,0,0,0,0,0,0,-9.399999999999977,58560.0
L49340,L,26.350000000000023,35.85000000000002,90.0,1416.0,41.2,213.0,0,0,0,0,0,0,-9.5,58339.200000000004
L55863,L,24.350000000000023,35.35000000000002,90.0,1668.0,28.4,116.0,0,0,0,0,0,0,-11.0,47371.2
M14882,M,25.75,36.150000000000034,90.0,1581.0,44.8,65.0,0,0,0,0,0,0,-10.400000000000034,70828.79999999999
L47887,L,24.55000000000001,35.75,90.0,1445.0,43.3,99.0,0,0,0,0,0,0,-11.199999999999989,62568.49999999999
L55594,L,25.450000000000045,36.650000000000034,90.0,1450.0,20.1,135.0,0,0,0,0,0,0,-11.199999999999989,29145.000000000004
L50688,L,28.55000000000001,37.650000000000034,90.0,1608.0,33.0,160.0,0,0,0,0,0,0,-9.100000000000023,53064.0
L51183,L,28.950000000000045,38.05000000000001,90.0,1398.0,39.3,5.0,0,0,0,0,0,0,-9.099999999999966,54941.399999999994
L48309,L,23.55000000000001,34.75,90.0,1521.0,41.9,157.0,0,0,0,0,0,0,-11.199999999999989,63729.9
L47982,L,23.75,34.650000000000034,90.0,1629.0,35.0,102.0,0,0,0,0,0,0,-10.900000000000034,57015.0
L51673,L,29.55000000000001,37.35000000000002,90.0,1450.0,43.2,62.0,0,0,0,0,0,0,-7.800000000000011,62640.00000000001
L53330,L,27.950000000000045,38.05000000000001,90.0,1515.0,42.1,114.0,0,0,0,0,0,0,-10.099999999999966,63781.5
L51790,L,29.850000000000023,38.05000000000001,90.0,1496.0,46.4,144.0,0,0,0,0,0,0,-8.199999999999989,69414.4
L50406,L,27.450000000000045,36.25,90.0,1389.0,52.5,5.0,0,0,0,0,0,0,-8.799999999999955,72922.5
L53631,L,27.55000000000001,36.85000000000002,90.0,1408.0,45.9,119.0,0,0,0,0,0,0,-9.300000000000011,64627.2
M15545,M,24.55000000000001,35.85000000000002,90.0,1449.0,47.7,32.0,0,0,0,0,0,0,-11.300000000000011,69117.3
L48892,L,25.05000000000001,34.75,90.0,1585.0,33.8,28.0,0,0,0,0,0,0,-9.699999999999989,53572.99999999999
L49690,L,25.950000000000045,35.85000000000002,90.0,1436.0,39.8,18.0,0,0,0,0,0,0,-9.899999999999977,57152.799999999996
M24696,M,25.05000000000001,35.950000000000045,90.0,1763.0,31.4,139.0,0,0,0,0,0,0,-10.900000000000034,55358.2
L49061,L,25.150000000000034,34.950000000000045,90.0,1615.0,32.8,111.0,0,0,0,0,0,0,-9.800000000000011,52971.99999999999
L53707,L,28.05000000000001,36.55000000000001,90.0,1516.0,44.4,140.0,0,0,0,0,0,0,-8.5,67310.4
M23604,M,24.05000000000001,35.35000000000002,90.0,1363.0,50.3,74.0,0,0,0,0,0,0,-11.300000000000011,68558.9
M22749,M,27.55000000000001,39.25,90.0,1709.0,28.4,116.0,0,0,0,0,0,0,-11.699999999999989,48535.6
L53102,L,27.350000000000023,37.150000000000034,90.0,1573.0,37.2,67.0,0,0,0,0,0,0,-9.800000000000011,58515.600000000006
L55226,L,27.450000000000045,38.75,90.0,1471.0,41.4,39.0,0,0,0,0,0,0,-11.299999999999955,60899.4
L55890,L,23.950000000000045,35.450000000000045,90.0,1712.0,32.1,79.0,0,0,0,0,0,0,-11.5,54955.200000000004
L48512,L,25.850000000000023,37.150000000000034,90.0,1466.0,24.0,221.0,0,0,0,0,0,0,-11.300000000000011,35184.0
L48801,L,24.55000000000001,34.450000000000045,90.0,1444.0,41.9,61.0,0,0,0,0,0,0,-9.900000000000034,60503.6
L49806,L,26.55000000000001,36.25,90.0,1368.0,29.8,93.0,0,0,0,0,0,0,-9.699999999999989,40766.4
M22667,M,26.850000000000023,38.35000000000002,90.0,1448.0,49.0,115.0,0,0,0,0,0,0,-11.5,70952.0
L53793,L,28.450000000000045,37.450000000000045,90.0,1513.0,41.1,64.0,0,0,0,0,0,0,-9.0,62184.3
L54170,L,27.55000000000001,37.950000000000045,90.0,1606.0,32.4,68.0,0,0,0,0,0,0,-10.400000000000034,52034.399999999994
L55356,L,26.650000000000034,38.05000000000001,90.0,1501.0,40.0,172.0,0,0,0,0,0,0,-11.399999999999977,60040.0
M18754,M,29.150000000000034,38.05000000000001,90.0,1733.0,30.7,0.0,0,0,0,0,0,0,-8.899999999999977,53203.1
M23708,M,24.350000000000023,35.35000000000002,90.0,1456.0,48.9,150.0,0,0,0,0,0,0,-11.0,71198.4
L55076,L,27.650000000000034,39.450000000000045,90.0,1444.0,46.6,5.0,0,0,0,0,0,0,-11.800000000000011,67290.40000000001
L53557,L,26.950000000000045,36.55000000000001,90.0,1534.0,38.4,92.0,0,0,0,0,0,0,-9.599999999999966,58905.6
L47375,L,25.150000000000034,35.450000000000045,90.0,1426.0,46.0,96.0,0,0,0,0,0,0,-10.300000000000011,65596.0
M21553,M,28.650000000000034,37.85000000000002,90.0,1582.0,40.0,33.0,0,0,0,0,0,0,-9.199999999999989,63280.0
H33197,H,29.150000000000034,37.75,90.0,1340.0,52.7,166.0,0,0,0,0,0,0,-8.599999999999966,70618.0
L56673,L,25.950000000000045,36.650000000000034,90.0,1397.0,48.3,0.0,0,0,0,0,0,0,-10.699999999999989,67475.09999999999
M21232,M,26.850000000000023,36.35000000000002,90.0,1509.0,41.6,204.0,0,0,0,0,0,0,-9.5,62774.4
M17290,M,25.75,35.05000000000001,90.0,1401.0,51.3,40.0,0,0,0,0,0,0,-9.300000000000011,71871.3
L56041,L,24.75,35.950000000000045,90.0,1657.0,33.1,30.0,0,0,0,0,0,0,-11.200000000000045,54846.700000000004
L52927,L,29.150000000000034,38.650000000000034,90.0,1505.0,41.3,74.0,0,0,0,0,0,0,-9.5,62156.49999999999
L55604,L,25.950000000000045,37.450000000000045,90.0,1448.0,43.7,170.0,0,0,0,0,0,0,-11.5,63277.600000000006
L48520,L,25.850000000000023,37.150000000000034,90.0,1435.0,43.5,10.0,0,0,0,0,0,0,-11.300000000000011,62422.5
M21503,M,28.350000000000023,37.25,90.0,1308.0,60.5,104.0,0,0,0,0,0,0,-8.899999999999977,79134.0
L55626,L,25.350000000000023,36.75,90.0,1587.0,31.7,15.0,0,0,0,0,0,0,-11.399999999999977,50307.9
L48404,L,23.950000000000045,35.150000000000034,90.0,1483.0,37.5,92.0,0,0,0,0,0,0,-11.199999999999989,55612.5
L49325,L,26.25,35.650000000000034,90.0,1474.0,37.8,170.0,0,0,0,0,0,0,-9.400000000000034,55717.2
L49358,L,26.450000000000045,36.05000000000001,90.0,1439.0,43.6,31.0,0,0,0,0,0,0,-9.599999999999966,62740.4
L54369,L,27.25,37.25,90.0,1483.0,46.3,48.0,0,0,0,0,0,0,-10.0,68662.9
L52981,L,28.350000000000023,37.650000000000034,90.0,1476.0,40.0,149.0,0,0,0,0,0,0,-9.300000000000011,59040.0
M23951,M,24.05000000000001,34.85000000000002,90.0,1355.0,61.4,191.0,0,0,0,0,0,0,-10.800000000000011,83197.0
L47892,L,24.350000000000023,35.55000000000001,90.0,1553.0,34.1,112.0,0,0,0,0,0,0,-11.199999999999989,52957.3
L55802,L,24.450000000000045,35.150000000000034,90.0,1437.0,38.5,0.0,0,0,0,0,0,0,-10.699999999999989,55324.5
L52372,L,30.75,39.950000000000045,90.0,1630.0,33.4,130.0,0,0,0,0,0,0,-9.200000000000045,54442.0
L47875,L,24.450000000000045,35.85000000000002,90.0,1457.0,43.1,104.0,0,0,0,0,0,0,-11.399999999999977,62796.700000000004
L56639,L,25.950000000000045,35.950000000000045,90.0,1511.0,38.8,123.0,0,0,0,0,0,0,-10.0,58626.799999999996
L55220,L,27.55000000000001,38.75,90.0,1498.0,47.4,23.0,0,0,0,0,0,0,-11.199999999999989,71005.2
M19093,M,29.05000000000001,37.75,90.0,1302.0,53.4,92.0,0,0,0,0,0,0,-8.699999999999989,69526.8
L52554,L,29.75,39.150000000000034,90.0,1515.0,40.8,134.0,0,0,0,0,0,0,-9.400000000000034,61811.99999999999
L56915,L,25.850000000000023,36.950000000000045,90.0,1444.0,55.6,0.0,0,0,0,0,0,0,-11.100000000000023,80286.40000000001
L56610,L,24.950000000000045,35.35000000000002,90.0,1418.0,41.3,150.0,0,0,0,0,0,0,-10.399999999999977,58563.399999999994
L54457,L,26.950000000000045,37.05000000000001,90.0,1364.0,54.2,53.0,0,0,0,0,0,0,-10.099999999999966,73928.8
L49316,L,25.850000000000023,35.75,90.0,1519.0,39.3,73.0,0,0,0,0,0,0,-9.899999999999977,59696.7
L53352,L,27.950000000000045,37.85000000000002,90.0,1388.0,49.7,96.0,0,0,0,0,0,0,-9.899999999999977,68983.6
L54329,L,27.350000000000023,37.35000000000002,90.0,1528.0,32.5,0.0,0,0,0,0,0,0,-10.0,49660.0
L48599,L,25.55000000000001,36.75,90.0,1631.0,31.1,40.0,0,0,0,0,0,0,-11.199999999999989,50724.100000000006
H35550,H,27.75,37.650000000000034,90.0,1390.0,43.0,197.0,0,0,0,0,0,0,-9.900000000000034,59770.0
L51218,L,28.850000000000023,37.650000000000034,90.0,1619.0,33.3,7.0,0,0,0,0,0,0,-8.800000000000011,53912.7
L54797,L,26.950000000000045,38.25,90.0,1539.0,36.6,53.0,0,0,0,0,0,0,-11.299999999999955,56327.4
L52877,L,29.150000000000034,38.650000000000034,90.0,1447.0,41.2,112.0,0,0,0,0,0,0,-9.5,59616.4
M21639,M,28.150000000000034,37.650000000000034,90.0,1823.0,26.5,49.0,0,0,0,0,0,0,-9.5,48309.5
L56247,L,24.150000000000034,35.05000000000001,90.0,1466.0,46.6,126.0,0,0,0,0,0,0,-10.899999999999977,68315.6
L55717,L,25.350000000000023,36.05000000000001,90.0,1601.0,32.8,141.0,0,0,0,0,0,0,-10.699999999999989,52512.799999999996
L47407,L,25.150000000000034,35.35000000000002,90.0,1712.0,27.7,168.0,0,0,0,0,0,0,-10.199999999999989,47422.4
L55751,L,24.75,35.450000000000045,90.0,1589.0,37.3,181.0,0,0,0,0,0,0,-10.700000000000045,59269.7
L53886,L,28.25,37.450000000000045,90.0,1553.0,33.1,70.0,0,0,0,0,0,0,-9.200000000000045,51404.3
L50928,L,29.25,37.950000000000045,90.0,1350.0,58.7,139.0,0,0,0,0,0,0,-8.700000000000045,79245.0
L55424,L,25.850000000000023,37.25,90.0,1539.0,39.6,179.0,0,0,0,0,0,0,-11.399999999999977,60944.4
L48462,L,25.05000000000001,36.25,90.0,1412.0,48.0,94.0,0,0,0,0,0,0,-11.199999999999989,67776.0
L49763,L,26.05000000000001,35.55000000000001,90.0,1490.0,41.4,143.0,0,0,0,0,0,0,-9.5,61686.0
L49876,L,26.850000000000023,36.450000000000045,90.0,1551.0,42.8,51.0,0,0,0,0,0,0,-9.600000000000023,66382.79999999999
M20301,M,29.850000000000023,39.450000000000045,90.0,1393.0,42.9,155.0,0,0,0,0,0,0,-9.600000000000023,59759.7
L47933,L,23.650000000000034,34.85000000000002,90.0,1391.0,48.7,217.0,0,0,0,0,0,0,-11.199999999999989,67741.7
L52355,L,31.05000000000001,40.25,90.0,1739.0,28.1,91.0,0,0,0,0,0,0,-9.199999999999989,48865.9
L53240,L,27.850000000000023,37.950000000000045,90.0,1314.0,52.1,158.0,0,0,0,0,0,0,-10.100000000000023,68459.40000000001
L55313,L,26.650000000000034,37.950000000000045,90.0,1466.0,46.1,188.0,0,0,0,0,0,0,-11.300000000000011,67582.6
L57070,L,25.650000000000034,36.35000000000002,90.0,1524.0,40.4,157.0,0,0,0,0,0,0,-10.699999999999989,61569.6
M23886,M,24.150000000000034,35.05000000000001,90.0,1518.0,44.9,6.0,0,0,0,0,0,0,-10.899999999999977,68158.2
L50700,L,28.75,37.85000000000002,90.0,1597.0,32.2,191.0,0,0,0,0,0,0,-9.100000000000023,51423.4
M17356,M,26.05000000000001,35.75,90.0,1501.0,37.4,212.0,0,0,0,0,0,0,-9.699999999999989,56137.4
M22538,M,27.450000000000045,38.55000000000001,90.0,1389.0,53.6,210.0,0,0,0,0,0,0,-11.099999999999966,74450.40000000001
M23665,M,24.150000000000034,35.450000000000045,90.0,1605.0,36.1,80.0,0,0,0,0,0,0,-11.300000000000011,57940.5
L53200,L,27.850000000000023,37.85000000000002,90.0,1521.0,36.8,57.0,0,0,0,0,0,0,-10.0,55972.799999999996
M22290,M,26.950000000000045,38.25,90.0,1384.0,46.1,7.0,0,0,0,0,0,0,-11.299999999999955,63802.4
L55076,L,27.650000000000034,39.25,90.0,1618.0,28.3,119.0,0,0,0,0,0,0,-11.599999999999966,45789.4
M21325,M,27.350000000000023,36.650000000000034,90.0,1782.0,26.0,110.0,0,0,0,0,0,0,-9.300000000000011,46332.0
L48751,L,25.150000000000034,35.25,90.0,1456.0,47.6,162.0,0,0,0,0,0,0,-10.099999999999966,69305.6
L53668,L,27.55000000000001,36.650000000000034,90.0,1814.0,25.6,171.0,0,0,0,0,0,0,-9.100000000000023,46438.4
L49743,L,26.150000000000034,35.950000000000045,90.0,1495.0,39.2,151.0,0,0,0,0,0,0,-9.800000000000011,58604.00000000001
L55041,L,27.350000000000023,38.85000000000002,90.0,1645.0,31.7,23.0,0,0,0,0,0,0,-11.5,52146.5
M17056,M,26.55000000000001,35.75,90.0,1488.0,40.4,82.0,0,0,0,0,0,0,-9.199999999999989,60115.2
L56910,L,25.650000000000034,36.85000000000002,90.0,1696.0,29.0,96.0,0,0,0,0,0,0,-11.199999999999989,49184.0
L54919,L,27.350000000000023,38.85000000000002,90.0,1374.0,55.3,128.0,0,0,0,0,0,0,-11.5,75982.2
L53468,L,27.850000000000023,37.35000000000002,90.0,1392.0,50.9,75.0,0,0,0,0,0,0,-9.5,70852.8
L47786,L,23.850000000000023,34.650000000000034,90.0,1515.0,39.0,48.0,0,0,0,0,0,0,-10.800000000000011,59085.0
L47452,L,24.950000000000045,34.950000000000045,90.0,1370.0,54.5,59.0,0,0,0,0,0,0,-10.0,74665.0
M20734,M,28.350000000000023,37.450000000000045,90.0,1386.0,58.5,115.0,0,0,0,0,0,0,-9.100000000000023,81081.0
L56410,L,25.150000000000034,36.05000000000001,90.0,1302.0,54.1,132.0,0,0,0,0,0,0,-10.899999999999977,70438.2
L56291,L,24.450000000000045,35.450000000000045,90.0,1351.0,51.0,64.0,0,0,0,0,0,0,-11.0,68901.0
L47515,L,24.25,34.950000000000045,90.0,1740.0,25.9,164.0,0,0,0,0,0,0,-10.700000000000045,45066.0
L47351,L,25.05000000000001,34.950000000000045,90.0,1462.0,40.0,27.0,0,0,0,0,0,0,-9.900000000000034,58480.0
L50309,L,26.950000000000045,36.25,90.0,1760.0,24.3,53.0,0,0,0,0,0,0,-9.299999999999955,42768.0
M21304,M,27.450000000000045,37.150000000000034,90.0,1524.0,42.9,62.0,0,0,0,0,0,0,-9.699999999999989,65379.6
L53904,L,28.150000000000034,37.55000000000001,90.0,1452.0,48.5,178.0,0,0,0,0,0,0,-9.399999999999977,70422.0
M19840,M,30.55000000000001,39.650000000000034,90.0,1685.0,31.8,5.0,0,0,0,0,0,0,-9.100000000000023,53583.0
L53646,L,27.350000000000023,36.55000000000001,90.0,1373.0,44.8,139.0,0,0,0,0,0,0,-9.199999999999989,61510.399999999994
M18096,M,27.650000000000034,36.25,90.0,1572.0,35.7,119.0,0,0,0,0,0,0,-8.599999999999966,56120.4
L54221,L,27.450000000000045,37.35000000000002,90.0,1376.0,37.7,98.0,0,0,0,0,0,0,-9.899999999999977,51875.200000000004
L56461,L,25.05000000000001,35.75,90.0,1336.0,45.0,101.0,0,0,0,0,0,0,-10.699999999999989,60120.0
L51673,L,29.450000000000045,37.35000000000002,90.0,1596.0,33.0,60.0,0,0,0,0,0,0,-7.899999999999977,52668.0
M24081,M,24.650000000000034,35.85000000000002,90.0,1675.0,30.9,108.0,0,0,0,0,0,0,-11.199999999999989,51757.5
H36275,H,27.950000000000045,38.05000000000001,90.0,1755.0,26.6,43.0,0,0,0,0,0,0,-10.099999999999966,46683.0
L54835,L,27.25,38.35000000000002,90.0,1465.0,42.5,180.0,0,0,0,0,0,0,-11.100000000000023,62262.5
L47187,L,24.950000000000045,35.450000000000045,90.0,1490.0,39.8,16.0,0,0,0,0,0,0,-10.5,59301.99999999999
L55379,L,25.950000000000045,37.450000000000045,90.0,1378.0,52.1,148.0,0,0,0,0,0,0,-11.5,71793.8
H30011,H,24.450000000000045,36.85000000000002,90.0,1460.0,50.0,57.0,0,0,0,0,0,0,-12.399999999999977,73000.0
L56850,L,25.850000000000023,36.950000000000045,90.0,1498.0,39.9,242.0,0,0,0,0,0,0,-11.100000000000023,59770.2
L49654,L,25.75,35.35000000000002,90.0,1371.0,54.3,130.0,0,0,0,0,0,0,-9.600000000000023,74445.3
H32395,H,27.350000000000023,36.25,90.0,1642.0,30.3,160.0,0,0,0,0,0,0,-8.899999999999977,49752.6
L47194,L,25.450000000000045,36.05000000000001,90.0,1472.0,43.7,40.0,0,0,0,0,0,0,-10.599999999999966,64326.4
L49909,L,26.55000000000001,36.05000000000001,90.0,1417.0,36.7,131.0,0,0,0,0,0,0,-9.5,52003.9
L55758,L,24.450000000000045,35.150000000000034,90.0,1517.0,41.2,141.0,0,0,0,0,0,0,-10.699999999999989,62500.4
L48587,L,25.75,37.05000000000001,90.0,1629.0,34.0,43.0,0,0,0,0,0,0,-11.300000000000011,55386.0
L53430,L,27.75,37.150000000000034,90.0,1621.0,32.5,193.0,0,0,0,0,0,0,-9.400000000000034,52682.5
L56932,L,25.450000000000045,36.650000000000034,90.0,1615.0,32.7,201.0,0,0,0,0,0,0,-11.199999999999989,52810.50000000001
L47921,L,23.55000000000001,35.150000000000034,90.0,1545.0,38.8,189.0,0,0,0,0,0,0,-11.600000000000023,59945.99999999999
L51663,L,29.450000000000045,37.35000000000002,90.0,1449.0,46.0,27.0,0,0,0,0,0,0,-7.899999999999977,66654.0
L52449,L,30.350000000000023,39.75,90.0,1504.0,44.9,111.0,0,0,0,0,0,0,-9.399999999999977,67529.59999999999
M15532,M,24.650000000000034,35.75,90.0,1633.0,31.3,37.0,0,0,0,0,0,0,-11.099999999999966,51112.9
H38920,H,25.950000000000045,36.950000000000045,90.0,1772.0,26.1,9.0,0,0,0,0,0,0,-11.0,46249.200000000004
L49463,L,26.25,35.55000000000001,90.0,1401.0,59.0,94.0,0,0,0,0,0,0,-9.300000000000011,82659.0
L55231,L,27.350000000000023,38.75,90.0,1671.0,28.9,52.0,0,0,0,0,0,0,-11.399999999999977,48291.899999999994
L56978,L,25.55000000000001,36.650000000000034,90.0,1611.0,34.6,119.0,0,0,0,0,0,0,-11.100000000000023,55740.600000000006
L50101,L,27.650000000000034,36.35000000000002,90.0,1657.0,35.0,151.0,0,0,0,0,0,0,-8.699999999999989,57995.0
L48892,L,25.05000000000001,34.650000000000034,90.0,1445.0,45.7,80.0,0,0,0,0,0,0,-9.600000000000023,66036.5
L53301,L,27.950000000000045,37.950000000000045,90.0,1665.0,29.6,96.0,0,0,0,0,0,0,-10.0,49284.0
M18872,M,29.150000000000034,38.05000000000001,90.0,1783.0,27.8,13.0,0,0,0,0,0,0,-8.899999999999977,49567.4
H38726,H,25.150000000000034,36.25,90.0,1573.0,33.8,143.0,0,0,0,0,0,0,-11.099999999999966,53167.399999999994
M20088,M,30.650000000000034,39.950000000000045,90.0,1343.0,38.6,14.0,0,0,0,0,0,0,-9.300000000000011,51839.8
L55891,L,23.950000000000045,35.35000000000002,90.0,1487.0,46.0,50.0,0,0,0,0,0,0,-11.399999999999977,68402.0
L53273,L,27.55000000000001,37.650000000000034,90.0,1489.0,40.2,20.0,0,0,0,0,0,0,-10.100000000000023,59857.8
M23004,M,26.450000000000045,37.650000000000034,90.0,1566.0,35.7,31.0,0,0,0,0,0,0,-11.199999999999989,55906.200000000004
M16726,M,24.950000000000045,34.950000000000045,90.0,1568.0,36.8,79.0,0,0,0,0,0,0,-10.0,57702.399999999994
M20073,M,30.75,40.05000000000001,90.0,1397.0,46.8,189.0,0,0,0,0,0,0,-9.300000000000011,65379.6
L56255,L,24.150000000000034,34.950000000000045,90.0,1433.0,36.0,150.0,0,0,0,0,0,0,-10.800000000000011,51588.0
L48894,L,25.05000000000001,34.650000000000034,90.0,1388.0,48.7,76.0,0,0,0,0,0,0,-9.600000000000023,67595.6
L56926,L,25.650000000000034,36.85000000000002,90.0,1479.0,45.8,17.0,0,0,0,0,0,0,-11.199999999999989,67738.2
M15226,M,24.350000000000023,35.35000000000002,90.0,1630.0,30.9,92.0,0,0,0,0,0,0,-11.0,50367.0
M22785,M,27.55000000000001,38.75,90.0,1529.0,41.6,197.0,0,0,0,0,0,0,-11.199999999999989,63606.4
M20667,M,28.25,37.75,90.0,1417.0,46.9,179.0,0,0,0,0,0,0,-9.5,66457.3
L55730,L,25.150000000000034,36.05000000000001,90.0,1686.0,29.7,168.0,0,0,0,0,0,0,-10.899999999999977,50074.2
L53199,L,27.55000000000001,37.650000000000034,90.0,1519.0,43.9,63.0,0,0,0,0,0,0,-10.100000000000023,66684.09999999999
L52488,L,30.850000000000023,40.150000000000034,90.0,1376.0,50.9,142.0,0,0,0,0,0,0,-9.300000000000011,70038.4
M24157,M,24.950000000000045,35.75,90.0,1479.0,49.0,105.0,0,0,0,0,0,0,-10.799999999999955,72471.0
L56559,L,24.350000000000023,35.05000000000001,90.0,1559.0,33.0,92.0,0,0,0,0,0,0,-10.699999999999989,51447.0
L54278,L,27.55000000000001,37.05000000000001,90.0,1369.0,52.6,26.0,0,0,0,0,0,0,-9.5,72009.40000000001
H38482,H,23.950000000000045,35.05000000000001,90.0,1474.0,43.6,128.0,0,0,0,0,0,0,-11.099999999999966,64266.4
L48507,L,25.650000000000034,36.950000000000045,90.0,1470.0,43.7,65.0,0,0,0,0,0,0,-11.300000000000011,64239.00000000001
L47925,L,23.55000000000001,34.85000000000002,90.0,1552.0,32.3,197.0,0,0,0,0,0,0,-11.300000000000011,50129.6
M19546,M,30.350000000000023,38.35000000000002,90.0,1562.0,34.2,107.0,0,0,0,0,0,0,-8.0,53420.4
L56724,L,26.350000000000023,37.650000000000034,90.0,1539.0,35.5,34.0,0,0,0,0,0,0,-11.300000000000011,54634.5
L56487,L,25.05000000000001,35.85000000000002,90.0,1556.0,38.9,171.0,0,0,0,0,0,0,-10.800000000000011,60528.399999999994
L53256,L,27.850000000000023,37.75,90.0,1492.0,47.3,199.0,0,0,0,0,0,0,-9.899999999999977,70571.59999999999
L56242,L,24.150000000000034,34.950000000000045,90.0,1576.0,35.3,147.0,0,0,0,0,0,0,-10.800000000000011,55632.799999999996
M16381,M,24.850000000000023,35.650000000000034,90.0,1585.0,37.6,28.0,0,0,0,0,0,0,-10.800000000000011,59596.0
M23369,M,25.150000000000034,36.25,90.0,1434.0,49.8,170.0,0,0,0,0,0,0,-11.099999999999966,71413.2
H33987,H,29.650000000000034,38.05000000000001,90.0,1651.0,28.9,58.0,0,0,0,0,0,0,-8.399999999999977,47713.899999999994
M23272,M,25.450000000000045,36.55000000000001,90.0,1367.0,49.7,136.0,0,0,0,0,0,0,-11.099999999999966,67939.90000000001
L52937,L,28.75,38.150000000000034,90.0,1566.0,35.2,171.0,0,0,0,0,0,0,-9.400000000000034,55123.200000000004
L50590,L,28.05000000000001,37.150000000000034,90.0,1451.0,36.5,123.0,0,0,0,0,0,0,-9.100000000000023,52961.5
L53376,L,27.75,37.650000000000034,90.0,1605.0,33.5,55.0,0,0,0,0,0,0,-9.900000000000034,53767.5
L50962,L,29.05000000000001,37.650000000000034,90.0,1578.0,37.7,9.0,0,0,0,0,0,0,-8.600000000000023,59490.600000000006
L51447,L,29.55000000000001,37.85000000000002,90.0,1486.0,39.0,179.0,0,0,0,0,0,0,-8.300000000000011,57954.0
L50586,L,28.05000000000001,37.25,90.0,1488.0,40.1,125.0,0,0,0,0,0,0,-9.199999999999989,59668.8
L55046,L,27.350000000000023,38.75,90.0,1329.0,49.4,137.0,0,0,0,0,0,0,-11.399999999999977,65652.59999999999
L48254,L,23.850000000000023,34.55000000000001,90.0,1377.0,62.3,105.0,1,0,0,0,1,0,-10.699999999999989,85787.09999999999
L56696,L,25.75,36.950000000000045,90.0,1473.0,39.9,51.0,0,0,0,0,0,0,-11.200000000000045,58772.7
L54358,L,27.05000000000001,37.05000000000001,90.0,1600.0,31.5,21.0,0,0,0,0,0,0,-10.0,50400.0
L54116,L,27.450000000000045,37.950000000000045,90.0,1394.0,42.9,20.0,0,0,0,0,0,0,-10.5,59802.6
L52146,L,30.650000000000034,39.450000000000045,90.0,1424.0,44.7,170.0,0,0,0,0,0,0,-8.800000000000011,63652.8
L48245,L,23.650000000000034,34.75,90.0,1734.0,27.2,148.0,0,0,0,0,0,0,-11.099999999999966,47164.799999999996
L53256,L,27.75,37.75,90.0,1543.0,36.7,199.0,0,0,0,0,0,0,-10.0,56628.100000000006
L49776,L,25.850000000000023,35.55000000000001,90.0,1542.0,38.6,16.0,0,0,0,0,0,0,-9.699999999999989,59521.200000000004
L53169,L,27.55000000000001,37.55000000000001,90.0,1507.0,46.1,173.0,0,0,0,0,0,0,-10.0,69472.7
L47256,L,25.75,35.75,90.0,1459.0,47.9,206.0,0,0,0,0,0,0,-10.0,69886.09999999999
L55233,L,27.350000000000023,38.75,90.0,1555.0,21.7,24.0,0,0,0,0,0,0,-11.399999999999977,33743.5
L54428,L,26.850000000000023,36.950000000000045,90.0,1450.0,40.7,202.0,0,0,0,0,0,0,-10.100000000000023,59015.00000000001
L48775,L,24.850000000000023,35.05000000000001,90.0,1365.0,51.2,218.0,0,0,0,0,0,0,-10.199999999999989,69888.0
H29462,H,25.650000000000034,36.05000000000001,90.0,1425.0,48.6,155.0,0,0,0,0,0,0,-10.399999999999977,69255.0
L49889,L,26.450000000000045,35.950000000000045,90.0,1641.0,35.8,9.0,0,0,0,0,0,0,-9.5,58747.799999999996
L49609,L,25.75,35.05000000000001,90.0,1545.0,36.9,125.0,0,0,0,0,0,0,-9.300000000000011,57010.5
L53158,L,27.350000000000023,37.450000000000045,90.0,1496.0,40.6,173.0,0,0,0,0,0,0,-10.100000000000023,60737.6
L53140,L,27.55000000000001,37.85000000000002,90.0,1456.0,52.5,96.0,0,0,0,0,0,0,-10.300000000000011,76440.0
L53466,L,28.05000000000001,37.450000000000045,90.0,1737.0,26.1,70.0,0,0,0,0,0,0,-9.400000000000034,45335.700000000004
L48891,L,25.05000000000001,34.650000000000034,90.0,1458.0,40.2,80.0,0,0,0,0,0,0,-9.600000000000023,58611.600000000006
M15649,M,24.25,34.75,90.0,1713.0,24.6,166.0,0,0,0,0,0,0,-10.5,42139.8
M22511,M,27.25,38.35000000000002,90.0,1355.0,50.6,144.0,0,0,0,0,0,0,-11.100000000000023,68563.0
L55605,L,26.05000000000001,37.450000000000045,90.0,1377.0,54.9,172.0,0,0,0,0,0,0,-11.400000000000034,75597.3
M24298,M,24.950000000000045,35.75,90.0,1470.0,51.1,197.0,0,0,0,0,0,0,-10.799999999999955,75117.0
L48896,L,24.950000000000045,34.650000000000034,90.0,1429.0,52.7,80.0,0,0,0,0,0,0,-9.699999999999989,75308.3
M23917,M,24.150000000000034,35.25,90.0,1686.0,34.5,54.0,0,0,0,0,0,0,-11.099999999999966,58167.0
L50574,L,28.350000000000023,37.450000000000045,90.0,1472.0,42.3,83.0,0,0,0,0,0,0,-9.100000000000023,62265.6
L56611,L,24.850000000000023,35.55000000000001,90.0,1479.0,57.0,183.0,0,0,0,0,0,0,-10.699999999999989,84303.0
L53414,L,27.850000000000023,37.650000000000034,90.0,1452.0,41.2,155.0,0,0,0,0,0,0,-9.800000000000011,59822.4
M17749,M,27.350000000000023,36.450000000000045,90.0,1507.0,41.3,111.0,0,0,0,0,0,0,-9.100000000000023,62239.1
M20296,M,29.75,39.450000000000045,90.0,1679.0,30.9,79.0,0,0,0,0,0,0,-9.700000000000045,51881.1
L47497,L,24.650000000000034,35.35000000000002,90.0,1713.0,24.3,13.0,0,0,0,0,0,0,-10.699999999999989,41625.9
M21701,M,27.950000000000045,38.05000000000001,90.0,1430.0,50.7,82.0,0,0,0,0,0,0,-10.099999999999966,72501.0
H32554,H,27.350000000000023,36.75,90.0,1511.0,35.1,137.0,0,0,0,0,0,0,-9.399999999999977,53036.1
M22052,M,27.150000000000034,37.05000000000001,90.0,1575.0,32.3,56.0,0,0,0,0,0,0,-9.899999999999977,50872.49999999999
L52197,L,30.75,39.85000000000002,90.0,1483.0,45.0,7.0,0,0,0,0,0,0,-9.100000000000023,66735.0
L53354,L,27.75,37.55000000000001,90.0,1433.0,31.2,2.0,0,0,0,0,0,0,-9.800000000000011,44709.6
L50223,L,27.25,36.450000000000045,90.0,1523.0,40.1,125.0,0,0,0,0,0,0,-9.200000000000045,61072.3
M17095,M,26.25,35.450000000000045,90.0,1423.0,46.0,183.0,0,0,0,0,0,0,-9.200000000000045,65458.0
L53505,L,27.55000000000001,36.950000000000045,90.0,1717.0,29.2,170.0,0,0,0,0,0,0,-9.400000000000034,50136.4
L48362,L,24.150000000000034,35.25,90.0,1404.0,46.6,23.0,0,0,0,0,0,0,-11.099999999999966,65426.4
L54023,L,27.950000000000045,38.450000000000045,90.0,1432.0,38.0,213.0,0,0,0,0,0,0,-10.5,54416.0
L56945,L,25.650000000000034,36.650000000000034,90.0,1432.0,48.8,117.0,0,0,0,0,0,0,-11.0,69881.59999999999
M19495,M,29.850000000000023,38.05000000000001,90.0,1602.0,34.7,156.0,0,0,0,0,0,0,-8.199999999999989,55589.4
M15426,M,24.450000000000045,36.55000000000001,90.0,1488.0,33.7,165.0,0,0,0,0,0,0,-12.099999999999966,50145.600000000006
L52041,L,30.350000000000023,39.150000000000034,90.0,1684.0,28.5,109.0,0,0,0,0,0,0,-8.800000000000011,47994.0
L56901,L,25.650000000000034,36.650000000000034,90.0,1623.0,34.0,124.0,0,0,0,0,0,0,-11.0,55182.0
H36377,H,27.75,38.35000000000002,90.0,1374.0,41.5,129.0,0,0,0,0,0,0,-10.600000000000023,57021.0
H36395,H,27.75,38.35000000000002,90.0,1624.0,32.1,131.0,0,0,0,0,0,0,-10.600000000000023,52130.4
L53453,L,28.05000000000001,37.650000000000034,90.0,1472.0,40.9,38.0,0,0,0,0,0,0,-9.600000000000023,60204.799999999996
M23377,M,25.25,36.450000000000045,90.0,1469.0,54.8,191.0,0,0,0,0,0,0,-11.200000000000045,80501.2
L53413,L,28.05000000000001,37.75,90.0,1467.0,50.3,153.0,0,0,0,0,0,0,-9.699999999999989,73790.09999999999
L49411,L,26.05000000000001,35.35000000000002,90.0,1523.0,41.2,96.0,0,0,0,0,0,0,-9.300000000000011,62747.600000000006
L53255,L,27.850000000000023,37.75,90.0,1461.0,51.1,199.0,0,0,0,0,0,0,-9.899999999999977,74657.1
H33908,H,29.350000000000023,37.150000000000034,90.0,1722.0,30.0,65.0,0,0,0,0,0,0,-7.800000000000011,51660.0
L54901,L,27.350000000000023,38.450000000000045,90.0,1676.0,42.4,158.0,0,0,0,0,0,0,-11.100000000000023,71062.4
L50288,L,26.650000000000034,36.05000000000001,90.0,1504.0,38.7,59.0,0,0,0,0,0,0,-9.399999999999977,58204.8
L52326,L,31.150000000000034,40.25,90.0,1585.0,43.9,51.0,0,0,0,0,0,0,-9.099999999999966,69581.5
L52202,L,30.850000000000023,39.950000000000045,90.0,1404.0,45.1,90.0,0,0,0,0,0,0,-9.100000000000023,63320.4
L54200,L,27.450000000000045,37.650000000000034,90.0,1460.0,53.8,41.0,0,0,0,0,0,0,-10.199999999999989,78548.0
L56488,L,25.05000000000001,35.950000000000045,90.0,1423.0,49.8,135.0,0,0,0,0,0,0,-10.900000000000034,70865.4
L52910,L,29.05000000000001,38.55000000000001,90.0,1611.0,25.3,200.0,0,0,0,0,0,0,-9.5,40758.3
L56575,L,24.55000000000001,35.150000000000034,90.0,1500.0,53.0,158.0,0,0,0,0,0,0,-10.600000000000023,79500.0
L54544,L,26.350000000000023,36.75,90.0,1592.0,38.5,58.0,0,0,0,0,0,0,-10.399999999999977,61292.0
M23563,M,24.05000000000001,35.450000000000045,90.0,1387.0,48.3,32.0,0,0,0,0,0,0,-11.400000000000034,66992.09999999999
L50118,L,27.55000000000001,36.55000000000001,90.0,1479.0,34.5,197.0,0,0,0,0,0,0,-9.0,51025.5
M19751,M,30.55000000000001,39.150000000000034,90.0,1374.0,53.3,190.0,0,0,0,0,0,0,-8.600000000000023,73234.2
L56866,L,25.950000000000045,37.05000000000001,90.0,1384.0,44.4,92.0,0,0,0,0,0,0,-11.099999999999966,61449.6
L49409,L,26.25,35.55000000000001,90.0,1683.0,32.4,171.0,0,0,0,0,0,0,-9.300000000000011,54529.2
L55141,L,27.850000000000023,39.05000000000001,90.0,1499.0,59.0,57.0,0,0,0,0,0,0,-11.199999999999989,88441.0
L55253,L,27.350000000000023,38.85000000000002,90.0,1448.0,43.6,113.0,0,0,0,0,0,0,-11.5,63132.8
L55604,L,25.950000000000045,37.450000000000045,90.0,1443.0,51.1,170.0,0,0,0,0,0,0,-11.5,73737.3
M15012,M,25.25,35.05000000000001,90.0,1471.0,44.0,188.0,0,0,0,0,0,0,-9.800000000000011,64724.0
M16346,M,25.05000000000001,36.05000000000001,90.0,1456.0,44.6,161.0,0,0,0,0,0,0,-11.0,64937.6
M16007,M,24.05000000000001,35.75,90.0,1446.0,43.1,204.0,0,0,0,0,0,0,-11.699999999999989,62322.6
L56796,L,25.75,36.950000000000045,90.0,1587.0,34.1,100.0,0,0,0,0,0,0,-11.200000000000045,54116.700000000004
M24214,M,25.25,35.75,90.0,1411.0,50.0,39.0,0,0,0,0,0,0,-10.5,70550.0
L53472,L,27.950000000000045,37.450000000000045,90.0,1614.0,31.4,196.0,0,0,0,0,0,0,-9.5,50679.6
L48886,L,25.05000000000001,34.75,90.0,1521.0,32.6,60.0,0,0,0,0,0,0,-9.699999999999989,49584.6
L50241,L,26.950000000000045,35.950000000000045,90.0,1353.0,50.7,15.0,0,0,0,0,0,0,-9.0,68597.1
M16506,M,24.75,34.55000000000001,90.0,1387.0,42.8,125.0,0,0,0,0,0,0,-9.800000000000011,59363.6
L54199,L,27.650000000000034,37.650000000000034,90.0,1741.0,31.8,39.0,0,0,0,0,0,0,-10.0,55363.8
L47786,L,24.75,36.650000000000034,90.0,1642.0,29.1,38.0,0,0,0,0,0,0,-11.900000000000034,47782.200000000004
L47992,L,23.650000000000034,34.450000000000045,90.0,1434.0,36.8,128.0,0,0,0,0,0,0,-10.800000000000011,52771.2
H36066,H,28.350000000000023,37.55000000000001,90.0,1409.0,44.9,202.0,0,0,0,0,0,0,-9.199999999999989,63264.1
L53146,L,27.25,37.450000000000045,90.0,1396.0,49.3,142.0,0,0,0,0,0,0,-10.200000000000045,68822.8
L53988,L,27.850000000000023,37.55000000000001,90.0,1569.0,34.4,114.0,0,0,0,0,0,0,-9.699999999999989,53973.6
L55782,L,24.25,34.950000000000045,90.0,1459.0,39.2,204.0,0,0,0,0,0,0,-10.700000000000045,57192.8
M22422,M,27.150000000000034,37.950000000000045,90.0,1727.0,28.5,130.0,0,0,0,0,0,0,-10.800000000000011,49219.5
M17327,M,25.75,35.450000000000045,90.0,1574.0,39.6,179.0,0,0,0,0,0,0,-9.700000000000045,62330.4
L51501,L,28.55000000000001,36.950000000000045,90.0,1578.0,30.5,59.0,0,0,0,0,0,0,-8.400000000000034,48129.0
H35709,H,27.950000000000045,37.35000000000002,90.0,1477.0,45.3,148.0,0,0,0,0,0,0,-9.399999999999977,66908.09999999999
M21821,M,27.55000000000001,37.85000000000002,90.0,1540.0,41.2,93.0,0,0,0,0,0,0,-10.300000000000011,63448.00000000001
H38153,H,24.150000000000034,35.150000000000034,90.0,1364.0,46.6,143.0,0,0,0,0,0,0,-11.0,63562.4
L53453,L,28.150000000000034,37.650000000000034,90.0,1477.0,40.5,38.0,0,0,0,0,0,0,-9.5,59818.5
M20603,M,29.05000000000001,38.450000000000045,90.0,1379.0,45.2,13.0,0,0,0,0,0,0,-9.400000000000034,62330.8
L49256,L,26.25,36.150000000000034,90.0,1544.0,32.9,173.0,0,0,0,0,0,0,-9.900000000000034,50797.6
L53561,L,27.05000000000001,36.55000000000001,90.0,1629.0,37.2,76.0,0,0,0,0,0,0,-9.5,60598.8
L53042,L,28.25,37.85000000000002,90.0,1470.0,44.7,26.0,0,0,0,0,0,0,-9.600000000000023,65709.0
L54156,L,27.450000000000045,37.75,90.0,1378.0,46.7,133.0,0,0,0,0,0,0,-10.299999999999955,64352.600000000006
L50345,L,27.25,36.450000000000045,90.0,1542.0,37.7,154.0,0,0,0,0,0,0,-9.200000000000045,58133.4
M23774,M,24.150000000000034,35.35000000000002,90.0,1524.0,45.2,176.0,0,0,0,0,0,0,-11.199999999999989,68884.8
L50553,L,28.25,37.150000000000034,90.0,1667.0,29.6,30.0,0,0,0,0,0,0,-8.900000000000034,49343.200000000004
L48520,L,25.450000000000045,37.150000000000034,90.0,1486.0,37.7,10.0,0,0,0,0,0,0,-11.699999999999989,56022.200000000004
L51826,L,30.150000000000034,38.25,90.0,1492.0,43.8,16.0,0,0,0,0,0,0,-8.099999999999966,65349.6
L56160,L,23.850000000000023,34.450000000000045,90.0,1513.0,43.0,124.0,0,0,0,0,0,0,-10.600000000000023,65059.0
L47585,L,24.150000000000034,35.25,90.0,1360.0,45.5,186.0,0,0,0,0,0,0,-11.099999999999966,61880.0
L53165,L,27.450000000000045,37.650000000000034,90.0,1499.0,41.2,155.0,0,0,0,0,0,0,-10.199999999999989,61758.8
L53827,L,28.350000000000023,37.35000000000002,90.0,1382.0,47.6,202.0,0,0,0,0,0,0,-9.0,65783.2
L50698,L,28.75,37.85000000000002,90.0,1669.0,30.4,186.0,0,0,0,0,0,0,-9.100000000000023,50737.6
M21927,M,27.55000000000001,37.55000000000001,90.0,1608.0,30.7,170.0,0,0,0,0,0,0,-10.0,49365.6
L57163,L,25.55000000000001,35.25,90.0,1725.0,26.6,180.0,0,0,0,0,0,0,-9.699999999999989,45885.0
M16463,M,24.650000000000034,34.650000000000034,90.0,1605.0,32.1,18.0,0,0,0,0,0,0,-10.0,51520.5
L55073,L,27.75,39.55000000000001,90.0,1484.0,43.9,112.0,0,0,0,0,0,0,-11.800000000000011,65147.6
H34772,H,30.150000000000034,39.450000000000045,90.0,1724.0,27.7,132.0,0,0,0,0,0,0,-9.300000000000011,47754.799999999996
L56306,L,24.25,35.25,90.0,1390.0,49.3,76.0,0,0,0,0,0,0,-11.0,68527.0
M23818,M,24.150000000000034,34.950000000000045,90.0,1734.0,27.7,70.0,0,0,0,0,0,0,-10.800000000000011,48031.799999999996
L53140,L,27.350000000000023,37.55000000000001,90.0,1606.0,44.8,121.0,0,0,0,0,0,0,-10.199999999999989,71948.79999999999
L56250,L,24.05000000000001,34.950000000000045,90.0,1375.0,55.2,137.0,0,0,0,0,0,0,-10.900000000000034,75900.0
L56815,L,26.05000000000001,36.85000000000002,90.0,1435.0,48.0,156.0,0,0,0,0,0,0,-10.800000000000011,68880.0
L48395,L,23.75,34.75,90.0,1709.0,24.5,118.0,0,0,0,0,0,0,-11.0,41870.5
M23815,M,24.25,34.85000000000002,90.0,1462.0,55.1,63.0,0,0,0,0,0,0,-10.600000000000023,80556.2
L51680,L,29.450000000000045,37.35000000000002,90.0,1431.0,36.2,35.0,0,0,0,0,0,0,-7.899999999999977,51802.200000000004
L53956,L,28.150000000000034,37.450000000000045,90.0,1536.0,47.5,42.0,0,0,0,0,0,0,-9.300000000000011,72960.0
L56131,L,24.150000000000034,34.950000000000045,90.0,1419.0,52.4,54.0,0,0,0,0,0,0,-10.800000000000011,74355.59999999999
M20352,M,29.75,39.35000000000002,90.0,1744.0,26.9,35.0,0,0,0,0,0,0,-9.600000000000023,46913.6
L53368,L,27.55000000000001,37.650000000000034,90.0,1477.0,38.5,35.0,0,0,0,0,0,0,-10.100000000000023,56864.5
L53172,L,27.650000000000034,37.650000000000034,90.0,1440.0,43.2,213.0,0,0,0,0,0,0,-10.0,62208.00000000001
L48559,L,25.650000000000034,37.150000000000034,90.0,1492.0,43.0,99.0,0,0,0,0,0,0,-11.5,64156.0
L50943,L,29.150000000000034,38.05000000000001,90.0,1428.0,47.9,174.0,0,0,0,0,0,0,-8.899999999999977,68401.2
L55148,L,27.75,38.950000000000045,90.0,1716.0,26.9,6.0,0,0,0,0,0,0,-11.200000000000045,46160.399999999994
H38112,H,24.150000000000034,35.450000000000045,90.0,1578.0,32.7,16.0,0,0,0,0,0,0,-11.300000000000011,51600.600000000006
M21468,M,28.350000000000023,37.55000000000001,90.0,1461.0,46.0,9.0,0,0,0,0,0,0,-9.199999999999989,67206.0
M17712,M,27.350000000000023,36.05000000000001,90.0,1347.0,50.1,213.0,0,0,0,0,0,0,-8.699999999999989,67484.7
M18545,M,28.75,37.950000000000045,90.0,1380.0,42.1,184.0,0,0,0,0,0,0,-9.200000000000045,58098.0
L51482,L,28.55000000000001,36.950000000000045,90.0,1395.0,49.3,175.0,0,0,0,0,0,0,-8.400000000000034,68773.5
L50285,L,26.75,36.05000000000001,90.0,1417.0,55.5,2.0,0,0,0,0,0,0,-9.300000000000011,78643.5
M23821,M,24.150000000000034,34.85000000000002,90.0,1445.0,45.0,24.0,0,0,0,0,0,0,-10.699999999999989,65025.0
L55384,L,26.25,37.75,90.0,1621.0,34.3,21.0,0,0,0,0,0,0,-11.5,55600.299999999996
L49255,L,26.350000000000023,36.150000000000034,90.0,1553.0,33.5,9.0,0,0,0,0,0,0,-9.800000000000011,52025.5
H31594,H,26.450000000000045,35.950000000000045,90.0,1409.0,50.0,177.0,0,0,0,0,0,0,-9.5,70450.0
L51158,L,29.05000000000001,38.150000000000034,90.0,1382.0,46.4,23.0,0,0,0,0,0,0,-9.100000000000023,64124.799999999996
M23238,M,25.55000000000001,36.55000000000001,90.0,1694.0,30.7,7.0,0,0,0,0,0,0,-11.0,52005.799999999996
L53041,L,28.150000000000034,37.85000000000002,90.0,1505.0,40.7,84.0,0,0,0,0,0,0,-9.699999999999989,61253.50000000001
M18362,M,28.450000000000045,37.25,90.0,1375.0,44.6,157.0,0,0,0,0,0,0,-8.799999999999955,61325.0
L50628,L,28.450000000000045,37.450000000000045,90.0,1551.0,36.2,216.0,0,0,0,0,0,0,-9.0,56146.200000000004
L50470,L,28.05000000000001,37.05000000000001,90.0,1385.0,42.3,173.0,0,0,0,0,0,0,-9.0,58585.49999999999
L54363,L,27.25,37.150000000000034,90.0,1447.0,52.9,197.0,0,0,0,0,0,0,-9.900000000000034,76546.3
L53752,L,28.25,37.55000000000001,90.0,1449.0,46.0,176.0,0,0,0,0,0,0,-9.300000000000011,66654.0
L51268,L,28.75,37.450000000000045,90.0,1515.0,36.0,128.0,0,0,0,0,0,0,-8.700000000000045,54540.0
L55424,L,25.850000000000023,37.25,90.0,1393.0,47.4,109.0,0,0,0,0,0,0,-11.399999999999977,66028.2
L47380,L,25.350000000000023,35.450000000000045,90.0,1487.0,40.2,164.0,0,0,0,0,0,0,-10.100000000000023,59777.4
L50146,L,27.450000000000045,36.35000000000002,90.0,1532.0,41.3,69.0,0,0,0,0,0,0,-8.899999999999977,63271.6
L49496,L,26.05000000000001,35.650000000000034,90.0,1565.0,43.0,162.0,0,0,0,0,0,0,-9.600000000000023,67295.0
L51970,L,30.55000000000001,39.25,90.0,1643.0,34.8,145.0,0,0,0,0,0,0,-8.699999999999989,57176.399999999994
M20441,M,29.450000000000045,39.25,90.0,1368.0,49.0,153.0,0,0,0,0,0,0,-9.799999999999955,67032.0
L51186,L,29.25,38.35000000000002,90.0,1585.0,32.9,43.0,0,0,0,0,0,0,-9.100000000000023,52146.5
M16370,M,24.950000000000045,35.55000000000001,90.0,1593.0,32.9,179.0,0,0,0,0,0,0,-10.599999999999966,52409.7
M24535,M,25.950000000000045,37.05000000000001,90.0,1429.0,49.1,205.0,0,0,0,0,0,0,-11.099999999999966,70163.90000000001
L48397,L,23.850000000000023,34.950000000000045,90.0,1591.0,33.1,122.0,0,0,0,0,0,0,-11.100000000000023,52662.100000000006
L47404,L,25.150000000000034,35.450000000000045,90.0,1772.0,27.1,162.0,0,0,0,0,0,0,-10.300000000000011,48021.200000000004
M16884,M,25.55000000000001,35.450000000000045,90.0,1430.0,47.6,76.0,0,0,0,0,0,0,-9.900000000000034,68068.0
M23699,M,24.25,35.75,90.0,1445.0,39.0,181.0,0,0,0,0,0,0,-11.5,56355.0
L49132,L,24.850000000000023,34.650000000000034,90.0,1403.0,47.8,81.0,0,0,0,0,0,0,-9.800000000000011,67063.4
M15975,M,23.75,34.650000000000034,90.0,1540.0,36.1,84.0,0,0,0,0,0,0,-10.900000000000034,55594.0
L54272,L,27.55000000000001,37.35000000000002,90.0,1436.0,47.8,194.0,0,0,0,0,0,0,-9.800000000000011,68640.8
L49799,L,26.25,36.05000000000001,90.0,1491.0,40.6,73.0,0,0,0,0,0,0,-9.800000000000011,60534.6
L49461,L,26.150000000000034,35.55000000000001,90.0,1536.0,30.3,94.0,0,0,0,0,0,0,-9.399999999999977,46540.8
L56707,L,25.950000000000045,37.25,90.0,1559.0,43.9,79.0,0,0,0,0,0,0,-11.299999999999955,68440.09999999999
L50652,L,28.650000000000034,37.35000000000002,90.0,1589.0,34.5,155.0,0,0,0,0,0,0,-8.699999999999989,54820.5
L55365,L,26.55000000000001,37.650000000000034,90.0,1442.0,41.0,192.0,0,0,0,0,0,0,-11.100000000000023,59122.0
M22930,M,27.350000000000023,38.85000000000002,90.0,1618.0,29.8,49.0,0,0,0,0,0,0,-11.5,48216.4
L52183,L,30.55000000000001,39.75,90.0,1692.0,29.9,50.0,0,0,0,0,0,0,-9.199999999999989,50590.799999999996
L49571,L,26.05000000000001,35.05000000000001,90.0,1427.0,42.6,17.0,0,0,0,0,0,0,-9.0,60790.200000000004
L50713,L,28.850000000000023,37.950000000000045,90.0,1594.0,34.1,188.0,0,0,0,0,0,0,-9.100000000000023,54355.4
L53912,L,28.55000000000001,37.85000000000002,90.0,1438.0,44.8,134.0,0,0,0,0,0,0,-9.300000000000011,64422.399999999994
L56216,L,24.150000000000034,35.150000000000034,90.0,1474.0,37.7,141.0,0,0,0,0,0,0,-11.0,55569.8
L54769,L,27.25,38.150000000000034,90.0,1715.0,26.0,66.0,0,0,0,0,0,0,-10.900000000000034,44590.0
M23785,M,23.950000000000045,35.150000000000034,90.0,1616.0,28.2,0.0,0,0,0,0,0,0,-11.199999999999989,45571.2
L53854,L,28.350000000000023,37.55000000000001,90.0,1471.0,37.6,218.0,0,0,0,0,0,0,-9.199999999999989,55309.6
M24842,M,25.55000000000001,35.25,90.0,1353.0,49.5,26.0,0,0,0,0,0,0,-9.699999999999989,66973.5
L51860,L,30.450000000000045,38.55000000000001,90.0,1570.0,40.3,137.0,0,0,0,0,0,0,-8.099999999999966,63270.99999999999
M22107,M,26.850000000000023,36.950000000000045,90.0,1314.0,53.5,33.0,0,0,0,0,0,0,-10.100000000000023,70299.0
L55366,L,26.55000000000001,37.85000000000002,90.0,1629.0,36.9,156.0,0,0,0,0,0,0,-11.300000000000011,60110.1
L53690,L,27.950000000000045,36.950000000000045,90.0,1419.0,44.8,9.0,0,0,0,0,0,0,-9.0,63571.2
L51764,L,29.650000000000034,37.950000000000045,90.0,1346.0,52.3,80.0,1,0,1,0,0,0,-8.300000000000011,70395.8
L49703,L,25.650000000000034,35.55000000000001,90.0,1401.0,51.1,49.0,0,0,0,0,0,0,-9.899999999999977,71591.1
L51784,L,29.75,37.85000000000002,90.0,1820.0,25.9,128.0,0,0,0,0,0,0,-8.100000000000023,47138.0
M23514,M,24.25,35.25,90.0,1355.0,50.1,74.0,0,0,0,0,0,0,-11.0,67885.5
M20910,M,27.75,37.950000000000045,90.0,1546.0,36.7,133.0,0,0,0,0,0,0,-10.200000000000045,56738.200000000004
L56874,L,25.850000000000023,37.05000000000001,90.0,1512.0,39.3,56.0,0,0,0,0,0,0,-11.199999999999989,59421.6
L54192,L,27.25,37.25,90.0,1525.0,61.4,0.0,0,0,0,0,0,0,-10.0,93635.0
M17942,M,26.950000000000045,36.150000000000034,90.0,1407.0,43.9,138.0,0,0,0,0,0,0,-9.199999999999989,61767.299999999996
L47832,L,24.55000000000001,36.05000000000001,90.0,1533.0,44.5,159.0,0,0,0,0,0,0,-11.5,68218.5
L49484,L,26.05000000000001,35.75,90.0,1367.0,45.8,149.0,0,0,0,0,0,0,-9.699999999999989,62608.6
L53466,L,27.950000000000045,37.450000000000045,90.0,1435.0,37.1,70.0,0,0,0,0,0,0,-9.5,53238.5
L52567,L,29.650000000000034,39.05000000000001,90.0,1794.0,26.7,216.0,0,0,0,0,0,0,-9.399999999999977,47899.799999999996
H37290,H,27.350000000000023,38.75,90.0,1477.0,39.6,130.0,0,0,0,0,0,0,-11.399999999999977,58489.200000000004
L51365,L,29.05000000000001,37.650000000000034,90.0,1466.0,42.4,86.0,0,0,0,0,0,0,-8.600000000000023,62158.4
L56787,L,25.75,36.950000000000045,90.0,1571.0,38.5,78.0,0,0,0,0,0,0,-11.200000000000045,60483.5
L56251,L,23.850000000000023,34.950000000000045,90.0,1450.0,54.0,138.0,0,0,0,0,0,0,-11.100000000000023,78300.0
L56883,L,25.75,36.85000000000002,90.0,1425.0,40.6,78.0,0,0,0,0,0,0,-11.100000000000023,57855.0
L50009,L,27.150000000000034,36.150000000000034,90.0,1412.0,51.2,24.0,0,0,0,0,0,0,-9.0,72294.40000000001
H38482,H,23.950000000000045,35.05000000000001,90.0,1790.0,28.4,128.0,0,0,0,0,0,0,-11.099999999999966,50836.0
L47365,L,25.150000000000034,35.35000000000002,90.0,1622.0,31.6,148.0,0,0,0,0,0,0,-10.199999999999989,51255.200000000004
L53789,L,28.350000000000023,37.25,90.0,1507.0,39.9,53.0,0,0,0,0,0,0,-8.899999999999977,60129.299999999996
L47962,L,23.650000000000034,34.75,90.0,1698.0,30.8,127.0,0,0,0,0,0,0,-11.099999999999966,52298.4
L56275,L,24.150000000000034,34.950000000000045,90.0,1633.0,45.7,202.0,0,0,0,0,0,0,-10.800000000000011,74628.1
L48952,L,25.05000000000001,34.85000000000002,90.0,1555.0,37.6,24.0,0,0,0,0,0,0,-9.800000000000011,58468.0
M23505,M,24.450000000000045,35.450000000000045,90.0,1666.0,30.4,88.0,0,0,0,0,0,0,-11.0,50646.399999999994
L54188,L,27.350000000000023,37.450000000000045,90.0,1708.0,27.6,10.0,0,0,0,0,0,0,-10.100000000000023,47140.8
L54779,L,27.350000000000023,37.950000000000045,90.0,1472.0,40.0,76.0,0,0,0,0,0,0,-10.600000000000023,58880.0
L55606,L,25.950000000000045,37.35000000000002,90.0,1499.0,43.3,174.0,0,0,0,0,0,0,-11.399999999999977,64906.7
L56687,L,26.150000000000034,37.35000000000002,90.0,1392.0,45.3,143.0,0,0,0,0,0,0,-11.199999999999989,63057.6
M23508,M,24.25,35.35000000000002,90.0,1635.0,32.2,9.0,0,0,0,0,0,0,-11.100000000000023,52647.00000000001
L50504,L,28.350000000000023,37.35000000000002,90.0,1578.0,45.3,120.0,0,0,0,0,0,0,-9.0,71483.4
L54577,L,26.55000000000001,37.450000000000045,90.0,1479.0,38.5,144.0,0,0,0,0,0,0,-10.900000000000034,56941.5
L54255,L,27.55000000000001,37.35000000000002,90.0,1608.0,39.0,68.0,0,0,0,0,0,0,-9.800000000000011,62712.0
L53162,L,27.55000000000001,37.55000000000001,90.0,1686.0,27.3,76.0,0,0,0,0,0,0,-10.0,46027.8
L56251,L,24.05000000000001,34.950000000000045,90.0,1664.0,29.3,140.0,0,0,0,0,0,0,-10.900000000000034,48755.200000000004
L51447,L,29.450000000000045,37.85000000000002,90.0,1610.0,35.8,152.0,0,0,0,0,0,0,-8.399999999999977,57637.99999999999
L47677,L,24.25,35.85000000000002,90.0,1341.0,49.2,209.0,0,0,0,0,0,0,-11.600000000000023,65977.2
L55256,L,27.150000000000034,38.650000000000034,90.0,1392.0,48.0,119.0,0,0,0,0,0,0,-11.5,66816.0
L53417,L,28.05000000000001,37.55000000000001,90.0,1436.0,45.6,156.0,0,0,0,0,0,0,-9.5,65481.6
M18208,M,28.150000000000034,37.650000000000034,90.0,1774.0,25.5,77.0,0,0,0,0,0,0,-9.5,45237.0
M22129,M,27.350000000000023,37.35000000000002,90.0,1532.0,41.5,32.0,0,0,0,0,0,0,-10.0,63578.0
L56067,L,24.75,35.75,90.0,1530.0,37.7,106.0,0,0,0,0,0,0,-11.0,57681.00000000001
L55874,L,23.950000000000045,35.35000000000002,90.0,1766.0,25.4,206.0,0,0,0,0,0,0,-11.399999999999977,44856.399999999994
M15738,M,22.450000000000045,32.950000000000045,90.0,1459.0,46.4,154.0,0,0,0,0,0,0,-10.5,67697.59999999999
H37759,H,25.650000000000034,36.650000000000034,90.0,1490.0,54.8,171.0,0,0,0,0,0,0,-11.0,81652.0
L53535,L,27.05000000000001,36.650000000000034,90.0,1608.0,30.4,85.0,0,0,0,0,0,0,-9.600000000000023,48883.2
M21406,M,28.25,37.650000000000034,90.0,1530.0,39.9,158.0,0,0,0,0,0,0,-9.400000000000034,61047.0
L50501,L,28.350000000000023,37.450000000000045,90.0,1522.0,34.3,131.0,0,0,0,0,0,0,-9.100000000000023,52204.6
L53041,L,28.150000000000034,37.85000000000002,90.0,1554.0,41.9,84.0,0,0,0,0,0,0,-9.699999999999989,65112.6
L48960,L,25.25,34.85000000000002,90.0,1595.0,32.3,46.0,0,0,0,0,0,0,-9.600000000000023,51518.49999999999
M24668,M,25.05000000000001,35.950000000000045,90.0,1441.0,44.2,147.0,0,0,0,0,0,0,-10.900000000000034,63692.200000000004
M16772,M,24.850000000000023,35.450000000000045,90.0,1602.0,34.3,197.0,0,0,0,0,0,0,-10.600000000000023,54948.6
L55482,L,25.55000000000001,36.950000000000045,90.0,1611.0,31.1,49.0,0,0,0,0,0,0,-11.400000000000034,50102.100000000006
L50998,L,28.950000000000045,37.55000000000001,90.0,1491.0,48.1,98.0,0,0,0,0,0,0,-8.599999999999966,71717.1
M18058,M,26.950000000000045,35.950000000000045,90.0,1463.0,44.5,80.0,0,0,0,0,0,0,-9.0,65103.5
M18913,M,28.75,37.75,90.0,1563.0,37.1,42.0,0,0,0,0,0,0,-9.0,57987.3
L56076,L,24.25,35.55000000000001,90.0,1622.0,31.9,73.0,0,0,0,0,0,0,-11.300000000000011,51741.799999999996
L55405,L,25.950000000000045,37.35000000000002,90.0,1489.0,42.8,7.0,0,0,0,0,0,0,-11.399999999999977,63729.2
L47791,L,24.950000000000045,36.85000000000002,90.0,1609.0,34.1,180.0,0,0,0,0,0,0,-11.899999999999977,54866.9
L48288,L,23.450000000000045,34.35000000000002,90.0,1504.0,43.0,64.0,0,0,0,0,0,0,-10.899999999999977,64672.0
M18594,M,29.05000000000001,38.05000000000001,90.0,1772.0,24.0,17.0,0,0,0,0,0,0,-9.0,42528.0
L54363,L,27.05000000000001,37.150000000000034,90.0,1548.0,33.3,168.0,0,0,0,0,0,0,-10.100000000000023,51548.399999999994
L48085,L,23.75,34.650000000000034,90.0,1474.0,42.0,105.0,0,0,0,0,0,0,-10.900000000000034,61908.0
L53362,L,27.850000000000023,37.650000000000034,90.0,1546.0,36.1,19.0,0,0,0,0,0,0,-9.800000000000011,55810.600000000006
L54727,L,26.950000000000045,38.25,90.0,1728.0,26.3,93.0,0,0,0,0,0,0,-11.299999999999955,45446.4
H32055,H,26.650000000000034,36.35000000000002,90.0,1420.0,40.4,136.0,0,0,0,0,0,0,-9.699999999999989,57368.0
L47234,L,25.75,35.85000000000002,90.0,1433.0,48.9,104.0,0,0,0,0,0,0,-10.100000000000023,70073.7
H32274,H,27.450000000000045,36.150000000000034,90.0,1463.0,49.2,202.0,0,0,0,0,0,0,-8.699999999999989,71979.6
M19436,M,29.75,37.650000000000034,90.0,1642.0,32.1,42.0,0,0,0,0,0,0,-7.900000000000034,52708.200000000004
L52887,L,29.25,38.650000000000034,90.0,1542.0,40.9,166.0,0,0,0,0,0,0,-9.400000000000034,63067.799999999996
L56327,L,24.55000000000001,35.55000000000001,90.0,1688.0,27.2,0.0,0,0,0,0,0,0,-11.0,45913.6
M20383,M,29.350000000000023,38.75,90.0,1530.0,34.8,94.0,0,0,0,0,0,0,-9.399999999999977,53243.99999999999
L50331,L,27.350000000000023,36.650000000000034,90.0,1517.0,39.9,119.0,0,0,0,0,0,0,-9.300000000000011,60528.299999999996
H31890,H,25.75,35.25,90.0,1449.0,42.4,158.0,0,0,0,0,0,0,-9.5,61437.6
M17940,M,26.75,35.950000000000045,90.0,1352.0,47.9,132.0,0,0,0,0,0,0,-9.200000000000045,64760.799999999996
L49720,L,25.950000000000045,35.650000000000034,90.0,1502.0,35.0,88.0,0,0,0,0,0,0,-9.699999999999989,52570.0
L56314,L,24.55000000000001,35.450000000000045,90.0,1386.0,60.5,163.0,0,0,0,0,0,0,-10.900000000000034,83853.0
L56073,L,24.25,35.55000000000001,90.0,1381.0,48.7,121.0,0,0,0,0,0,0,-11.300000000000011,67254.7
L53762,L,28.350000000000023,37.35000000000002,90.0,1528.0,44.5,198.0,0,0,0,0,0,0,-9.0,67996.0
H38672,H,25.150000000000034,35.85000000000002,90.0,1708.0,28.1,0.0,0,0,0,0,0,0,-10.699999999999989,47994.8
L54773,L,27.350000000000023,38.150000000000034,90.0,1624.0,34.6,0.0,0,0,0,0,0,0,-10.800000000000011,56190.4
L54338,L,27.05000000000001,36.85000000000002,90.0,1348.0,53.6,184.0,0,0,0,0,0,0,-9.800000000000011,72252.8
L49858,L,26.650000000000034,36.150000000000034,90.0,1392.0,42.7,202.0,0,0,0,0,0,0,-9.5,59438.4
L52897,L,29.05000000000001,38.85000000000002,90.0,1556.0,38.0,167.0,0,0,0,0,0,0,-9.800000000000011,59128.0
L50685,L,28.450000000000045,37.25,90.0,1496.0,45.1,150.0,0,0,0,0,0,0,-8.799999999999955,67469.6
M15659,M,24.75,34.650000000000034,90.0,1527.0,38.2,102.0,0,0,0,0,0,0,-9.900000000000034,58331.4
L51412,L,29.05000000000001,37.650000000000034,90.0,1436.0,42.5,56.0,0,0,0,0,0,0,-8.600000000000023,61030.0
M19416,M,29.55000000000001,37.450000000000045,90.0,1349.0,51.2,98.0,0,0,0,0,0,0,-7.900000000000034,69068.8
M24051,M,24.75,35.85000000000002,90.0,1483.0,41.5,139.0,0,0,0,0,0,0,-11.100000000000023,61544.5
L53270,L,27.75,37.650000000000034,90.0,1558.0,31.1,18.0,0,0,0,0,0,0,-9.900000000000034,48453.8
H33810,H,29.150000000000034,36.950000000000045,90.0,1436.0,42.9,24.0,0,0,0,0,0,0,-7.800000000000011,61604.4
L53250,L,27.75,37.75,90.0,1441.0,44.2,183.0,0,0,0,0,0,0,-10.0,63692.200000000004
M14902,M,25.650000000000034,35.950000000000045,90.0,1345.0,49.1,57.0,0,0,0,0,0,0,-10.300000000000011,66039.5
L54131,L,27.55000000000001,37.85000000000002,90.0,1416.0,43.2,71.0,0,0,0,0,0,0,-10.300000000000011,61171.200000000004
M17667,M,26.75,36.150000000000034,90.0,1510.0,41.9,0.0,0,0,0,0,0,0,-9.400000000000034,63269.0
L49763,L,26.05000000000001,35.75,90.0,1444.0,41.8,195.0,0,0,0,0,0,0,-9.699999999999989,60359.2
L54156,L,27.650000000000034,37.650000000000034,90.0,1524.0,39.0,76.0,0,0,0,0,0,0,-10.0,59436.0
L48603,L,25.55000000000001,36.650000000000034,90.0,1569.0,33.4,2.0,0,0,0,0,0,0,-11.100000000000023,52404.6
L55326,L,26.55000000000001,37.75,90.0,1533.0,31.8,98.0,0,0,0,0,0,0,-11.199999999999989,48749.4
L55665,L,25.25,36.35000000000002,90.0,1369.0,47.9,112.0,0,0,0,0,0,0,-11.100000000000023,65575.09999999999
H31543,H,26.25,35.85000000000002,90.0,1607.0,38.5,130.0,0,0,0,0,0,0,-9.600000000000023,61869.5
M24683,M,25.25,36.150000000000034,90.0,1477.0,44.1,179.0,0,0,0,0,0,0,-10.900000000000034,65135.700000000004
L49125,L,24.950000000000045,34.950000000000045,90.0,1503.0,48.3,65.0,0,0,0,0,0,0,-10.0,72594.9
H37679,H,25.950000000000045,37.450000000000045,90.0,1791.0,41.2,168.0,0,0,0,0,0,0,-11.5,73789.20000000001
M15398,M,24.25,36.150000000000034,90.0,1663.0,35.0,68.0,0,0,0,0,0,0,-11.900000000000034,58205.0
L53415,L,27.950000000000045,37.450000000000045,90.0,1702.0,29.6,159.0,0,0,0,0,0,0,-9.5,50379.200000000004
L56326,L,24.350000000000023,35.35000000000002,90.0,1528.0,51.8,123.0,0,0,0,0,0,0,-11.0,79150.4
L52277,L,31.05000000000001,40.25,90.0,1521.0,39.4,5.0,0,0,0,0,0,0,-9.199999999999989,59927.4
L49533,L,26.05000000000001,35.25,90.0,1793.0,25.9,42.0,0,0,0,0,0,0,-9.199999999999989,46438.7
L53101,L,27.350000000000023,37.05000000000001,90.0,1565.0,37.5,39.0,0,0,0,0,0,0,-9.699999999999989,58687.5
L56212,L,24.25,35.25,90.0,1566.0,37.5,142.0,0,0,0,0,0,0,-11.0,58725.0
L52790,L,29.850000000000023,39.25,90.0,1639.0,32.1,107.0,0,0,0,0,0,0,-9.399999999999977,52611.9
M17708,M,27.25,36.150000000000034,90.0,1391.0,57.9,204.0,0,0,0,0,0,0,-8.900000000000034,80538.9
L47290,L,25.75,35.450000000000045,90.0,1442.0,42.5,103.0,0,0,0,0,0,0,-9.700000000000045,61285.0
M24336,M,25.650000000000034,36.450000000000045,90.0,1419.0,41.4,167.0,0,0,0,0,0,0,-10.800000000000011,58746.6
L54265,L,27.450000000000045,37.150000000000034,90.0,1491.0,41.0,213.0,0,0,0,0,0,0,-9.699999999999989,61131.0
L54529,L,26.450000000000045,37.05000000000001,90.0,1491.0,37.1,21.0,0,0,0,0,0,0,-10.599999999999966,55316.1
L49619,L,25.950000000000045,35.150000000000034,90.0,1693.0,31.6,13.0,0,0,0,0,0,0,-9.199999999999989,53498.8
L48795,L,24.650000000000034,34.75,90.0,1556.0,36.4,46.0,0,0,0,0,0,0,-10.099999999999966,56638.399999999994
L48598,L,25.650000000000034,36.75,90.0,1320.0,41.9,133.0,0,0,0,0,0,0,-11.099999999999966,55308.0
L53042,L,28.150000000000034,37.85000000000002,90.0,1524.0,34.9,86.0,0,0,0,0,0,0,-9.699999999999989,53187.6
L54766,L,27.25,37.950000000000045,90.0,1501.0,40.6,171.0,0,0,0,0,0,0,-10.700000000000045,60940.6
H38112,H,24.25,35.450000000000045,90.0,1478.0,39.4,166.0,0,0,0,0,0,0,-11.200000000000045,58233.2
M20073,M,30.55000000000001,39.55000000000001,90.0,1353.0,54.8,68.0,0,0,0,0,0,0,-9.0,74144.4
L52534,L,30.350000000000023,39.450000000000045,90.0,1488.0,44.9,80.0,0,0,0,0,0,0,-9.100000000000023,66811.2
L53112,L,27.25,37.450000000000045,90.0,1538.0,37.0,54.0,0,0,0,0,0,0,-10.200000000000045,56906.0
M16159,M,25.05000000000001,36.85000000000002,90.0,1567.0,40.1,85.0,0,0,0,0,0,0,-11.800000000000011,62836.700000000004
L52847,L,29.05000000000001,38.25,90.0,1438.0,49.4,60.0,0,0,0,0,0,0,-9.199999999999989,71037.2
M17492,M,29.75,36.25,90.0,1526.0,36.6,139.0,0,0,0,0,0,0,-6.5,55851.6
M20316,M,29.950000000000045,39.450000000000045,90.0,1567.0,43.4,136.0,0,0,0,0,0,0,-9.5,68007.8
L48983,L,24.950000000000045,34.55000000000001,90.0,1425.0,48.1,109.0,0,0,0,0,0,0,-9.599999999999966,68542.5
H35833,H,27.150000000000034,36.650000000000034,90.0,1376.0,46.7,210.0,0,0,0,0,0,0,-9.5,64259.200000000004
M21883,M,27.55000000000001,37.75,90.0,1443.0,45.2,50.0,0,0,0,0,0,0,-10.199999999999989,65223.600000000006
M19072,M,28.850000000000023,37.450000000000045,90.0,1438.0,51.6,106.0,0,0,0,0,0,0,-8.600000000000023,74200.8
M23672,M,24.150000000000034,35.55000000000001,90.0,1444.0,47.8,109.0,0,0,0,0,0,0,-11.399999999999977,69023.2
H32689,H,27.950000000000045,36.950000000000045,90.0,1608.0,39.0,15.0,0,0,0,0,0,0,-9.0,62712.0
L55973,L,24.25,35.35000000000002,90.0,1495.0,38.8,101.0,0,0,0,0,0,0,-11.100000000000023,58005.99999999999
L56682,L,26.150000000000034,37.05000000000001,90.0,1390.0,49.2,16.0,0,0,0,0,0,0,-10.899999999999977,68388.0
M22703,M,27.05000000000001,38.55000000000001,90.0,1363.0,50.1,35.0,0,0,0,0,0,0,-11.5,68286.3
M20347,M,29.450000000000045,38.950000000000045,90.0,1611.0,39.9,175.0,0,0,0,0,0,0,-9.5,64278.899999999994
M15586,M,25.25,36.950000000000045,90.0,1614.0,31.2,98.0,0,0,0,0,0,0,-11.700000000000045,50356.799999999996
L51237,L,28.75,37.650000000000034,90.0,1467.0,42.6,109.0,0,0,0,0,0,0,-8.900000000000034,62494.200000000004
M21464,M,28.350000000000023,37.450000000000045,90.0,1372.0,47.6,34.0,0,0,0,0,0,0,-9.100000000000023,65307.200000000004
L47534,L,24.450000000000045,35.150000000000034,90.0,1658.0,34.3,2.0,0,0,0,0,0,0,-10.699999999999989,56869.399999999994
L47992,L,23.650000000000034,34.450000000000045,90.0,1513.0,34.8,128.0,0,0,0,0,0,0,-10.800000000000011,52652.399999999994
L54783,L,27.350000000000023,38.05000000000001,90.0,1405.0,46.7,22.0,0,0,0,0,0,0,-10.699999999999989,65613.5
L55787,L,24.25,35.25,90.0,1574.0,33.8,150.0,0,0,0,0,0,0,-11.0,53201.2
L54089,L,27.55000000000001,37.950000000000045,90.0,1467.0,44.0,172.0,0,0,0,0,0,0,-10.400000000000034,64548.0
L56638,L,25.25,36.35000000000002,90.0,1417.0,40.6,121.0,0,0,0,0,0,0,-11.100000000000023,57530.200000000004
L52708,L,29.150000000000034,38.55000000000001,90.0,1455.0,46.3,172.0,0,0,0,0,0,0,-9.399999999999977,67366.5
L49165,L,24.950000000000045,34.55000000000001,90.0,1529.0,40.8,169.0,0,0,0,0,0,0,-9.599999999999966,62383.2
L53122,L,27.55000000000001,37.55000000000001,90.0,1450.0,42.4,82.0,0,0,0,0,0,0,-10.0,61480.0
L53418,L,28.150000000000034,37.650000000000034,90.0,1407.0,50.9,164.0,0,0,0,0,0,0,-9.5,71616.3
M24785,M,25.350000000000023,35.450000000000045,90.0,1387.0,51.3,46.0,0,0,0,0,0,0,-10.100000000000023,71153.09999999999
L53470,L,27.850000000000023,37.35000000000002,90.0,1385.0,46.5,0.0,0,0,0,0,0,0,-9.5,64402.5
L53915,L,28.55000000000001,37.85000000000002,90.0,1460.0,43.8,142.0,0,0,0,0,0,0,-9.300000000000011,63947.99999999999
L48817,L,24.75,34.650000000000034,90.0,1397.0,39.6,102.0,0,0,0,0,0,0,-9.900000000000034,55321.200000000004
L50651,L,28.650000000000034,37.55000000000001,90.0,1462.0,43.9,28.0,0,0,0,0,0,0,-8.899999999999977,64181.799999999996
L51694,L,29.25,37.35000000000002,90.0,1479.0,36.2,104.0,0,0,0,0,0,0,-8.100000000000023,53539.8
L56897,L,25.55000000000001,36.35000000000002,90.0,1811.0,24.3,142.0,0,0,0,0,0,0,-10.800000000000011,44007.3
L48402,L,23.850000000000023,35.150000000000034,90.0,1399.0,45.4,137.0,0,0,0,0,0,0,-11.300000000000011,63514.6
L55497,L,25.650000000000034,36.55000000000001,90.0,1804.0,25.5,176.0,0,0,0,0,0,0,-10.899999999999977,46002.0
L56283,L,24.150000000000034,35.05000000000001,90.0,1393.0,43.1,16.0,0,0,0,0,0,0,-10.899999999999977,60038.3
L50497,L,28.350000000000023,37.35000000000002,90.0,1446.0,42.4,96.0,0,0,0,0,0,0,-9.0,61310.4
L53368,L,27.850000000000023,37.75,90.0,1450.0,45.9,76.0,0,0,0,0,0,0,-9.899999999999977,66555.0
M21853,M,27.55000000000001,37.85000000000002,90.0,1680.0,32.6,181.0,0,0,0,0,0,0,-10.300000000000011,54768.0
M21662,M,27.850000000000023,37.05000000000001,90.0,1329.0,52.0,108.0,0,0,0,0,0,0,-9.199999999999989,69108.0
L55818,L,24.450000000000045,35.35000000000002,90.0,1462.0,45.9,59.0,0,0,0,0,0,0,-10.899999999999977,67105.8
L56410,L,25.05000000000001,36.05000000000001,90.0,1483.0,40.2,132.0,0,0,0,0,0,0,-11.0,59616.600000000006
L48358,L,24.150000000000034,34.85000000000002,90.0,1498.0,47.5,12.0,0,0,0,0,0,0,-10.699999999999989,71155.0
L56921,L,25.75,36.950000000000045,90.0,1526.0,37.5,158.0,0,0,0,0,0,0,-11.200000000000045,57225.0
M20715,M,28.150000000000034,37.950000000000045,90.0,1392.0,43.1,68.0,0,0,0,0,0,0,-9.800000000000011,59995.200000000004
L49403,L,26.450000000000045,35.85000000000002,90.0,1413.0,48.4,153.0,0,0,0,0,0,0,-9.399999999999977,68389.2
L55414,L,26.05000000000001,37.450000000000045,90.0,1534.0,39.7,0.0,0,0,0,0,0,0,-11.400000000000034,60899.8
M20600,M,29.150000000000034,38.55000000000001,90.0,1425.0,45.6,5.0,0,0,0,0,0,0,-9.399999999999977,64980.0
M15333,M,24.25,35.85000000000002,90.0,1402.0,46.0,147.0,0,0,0,0,0,0,-11.600000000000023,64492.0
M18355,M,28.75,37.75,90.0,1353.0,49.9,181.0,0,0,0,0,0,0,-9.0,67514.7
L51108,L,29.450000000000045,38.25,90.0,1538.0,37.9,171.0,0,0,0,0,0,0,-8.799999999999955,58290.2
L50446,L,28.150000000000034,36.85000000000002,90.0,1269.0,56.8,195.0,0,0,0,0,0,0,-8.699999999999989,72079.2
L50160,L,27.25,36.35000000000002,90.0,1445.0,46.2,110.0,0,0,0,0,0,0,-9.100000000000023,66759.0
L47470,L,24.950000000000045,35.150000000000034,90.0,1481.0,45.6,105.0,0,0,0,0,0,0,-10.199999999999989,67533.6
L50778,L,28.55000000000001,37.75,90.0,1399.0,45.8,174.0,0,0,0,0,0,0,-9.199999999999989,64074.2
L53377,L,27.75,37.650000000000034,90.0,1493.0,47.8,57.0,0,0,0,0,0,0,-9.900000000000034,71365.4
M18590,M,29.150000000000034,37.950000000000045,90.0,1405.0,47.7,88.0,0,0,0,0,0,0,-8.800000000000011,67018.5
L51310,L,28.75,37.450000000000045,90.0,1559.0,39.5,13.0,0,0,0,0,0,0,-8.700000000000045,61580.5
L54985,L,26.75,38.25,90.0,1706.0,28.8,24.0,0,0,0,0,0,0,-11.5,49132.8
L54015,L,27.950000000000045,37.75,90.0,1448.0,49.6,71.0,0,0,0,0,0,0,-9.799999999999955,71820.8
L48758,L,25.150000000000034,35.25,90.0,1593.0,37.9,174.0,0,0,0,0,0,0,-10.099999999999966,60374.7
M21827,M,27.55000000000001,37.85000000000002,90.0,1772.0,25.9,112.0,0,0,0,0,0,0,-10.300000000000011,45894.799999999996
L52364,L,30.850000000000023,39.85000000000002,90.0,1397.0,52.1,2.0,0,0,0,0,0,0,-9.0,72783.7
L51189,L,29.05000000000001,38.05000000000001,90.0,1434.0,44.2,169.0,0,0,0,0,0,0,-9.0,63382.8
L56558,L,24.450000000000045,35.35000000000002,90.0,1533.0,36.4,2.0,0,0,0,0,0,0,-10.899999999999977,55801.2
M20000,M,31.150000000000034,40.450000000000045,90.0,1499.0,44.2,202.0,0,0,0,0,0,0,-9.300000000000011,66255.8
H30688,H,24.950000000000045,36.35000000000002,90.0,1530.0,32.4,65.0,0,0,0,0,0,0,-11.399999999999977,49572.0
L47253,L,25.950000000000045,35.950000000000045,90.0,1433.0,45.4,200.0,0,0,0,0,0,0,-10.0,65058.2
L55983,L,24.25,35.35000000000002,90.0,1601.0,31.5,33.0,0,0,0,0,0,0,-11.100000000000023,50431.5
M19582,M,30.450000000000045,38.650000000000034,90.0,1391.0,42.7,197.0,0,0,0,0,0,0,-8.199999999999989,59395.700000000004
L53255,L,27.850000000000023,37.75,90.0,1436.0,42.0,2.0,0,0,0,0,0,0,-9.899999999999977,60312.0
L50312,L,26.950000000000045,36.35000000000002,90.0,1557.0,40.6,57.0,0,0,0,0,0,0,-9.399999999999977,63214.200000000004
L47594,L,24.25,35.25,90.0,1521.0,32.5,197.0,0,0,0,0,0,0,-11.0,49432.5
L55418,L,25.950000000000045,37.25,90.0,1489.0,39.9,72.0,0,0,0,0,0,0,-11.299999999999955,59411.1
H36474,H,27.650000000000034,37.450000000000045,90.0,1663.0,30.6,85.0,0,0,0,0,0,0,-9.800000000000011,50887.8
M24095,M,25.05000000000001,35.75,90.0,1674.0,30.5,145.0,0,0,0,0,0,0,-10.699999999999989,51057.0
M17891,M,27.450000000000045,36.55000000000001,90.0,1407.0,43.1,9.0,0,0,0,0,0,0,-9.099999999999966,60641.700000000004
L55375,L,26.25,37.75,90.0,1293.0,52.3,74.0,0,0,0,0,0,0,-11.5,67623.9
H31850,H,26.05000000000001,35.75,90.0,1422.0,46.4,55.0,0,0,0,0,0,0,-9.699999999999989,65980.8
L56511,L,25.25,35.75,90.0,1496.0,42.1,194.0,0,0,0,0,0,0,-10.5,62981.6
M16139,M,25.150000000000034,36.450000000000045,90.0,1395.0,46.2,192.0,0,0,0,0,0,0,-11.300000000000011,64449.00000000001
L54192,L,27.55000000000001,37.25,90.0,1537.0,38.7,19.0,0,0,0,0,0,0,-9.699999999999989,59481.9
L56100,L,24.150000000000034,35.150000000000034,90.0,1683.0,33.4,190.0,0,0,0,0,0,0,-11.0,56212.2
L54826,L,27.25,38.25,90.0,1587.0,31.7,131.0,0,0,0,0,0,0,-11.0,50307.9
M20378,M,29.350000000000023,38.75,90.0,1421.0,55.1,74.0,0,0,0,0,0,0,-9.399999999999977,78297.1
L49001,L,24.950000000000045,34.450000000000045,90.0,1354.0,52.5,59.0,0,0,0,0,0,0,-9.5,71085.0
M16226,M,25.55000000000001,36.950000000000045,90.0,1368.0,46.7,72.0,0,0,0,0,0,0,-11.400000000000034,63885.600000000006
L53995,L,27.75,37.55000000000001,90.0,1574.0,41.0,141.0,0,0,0,0,0,0,-9.800000000000011,64534.0
L57027,L,25.25,35.950000000000045,90.0,1410.0,45.7,162.0,0,0,0,0,0,0,-10.700000000000045,64437.00000000001
L51510,L,28.450000000000045,36.75,90.0,1524.0,43.2,82.0,0,0,0,0,0,0,-8.299999999999955,65836.8
L54469,L,27.150000000000034,37.450000000000045,90.0,1433.0,39.7,86.0,0,0,0,0,0,0,-10.300000000000011,56890.100000000006
L50599,L,28.350000000000023,37.35000000000002,90.0,1477.0,33.8,144.0,0,0,0,0,0,0,-9.0,49922.6
L52888,L,29.350000000000023,38.75,90.0,1711.0,28.7,143.0,0,0,0,0,0,0,-9.399999999999977,49105.7
L53305,L,27.75,37.75,90.0,1466.0,42.0,105.0,0,0,0,0,0,0,-10.0,61572.0
M15390,M,24.350000000000023,36.35000000000002,90.0,1642.0,32.0,7.0,0,0,0,0,0,0,-12.0,52544.0
L49520,L,25.950000000000045,34.950000000000045,90.0,1434.0,40.7,10.0,0,0,0,0,0,0,-9.0,58363.8
L49414,L,26.25,35.450000000000045,90.0,1671.0,29.6,181.0,0,0,0,0,0,0,-9.200000000000045,49461.600000000006
M17553,M,26.950000000000045,36.450000000000045,90.0,1622.0,37.7,43.0,0,0,0,0,0,0,-9.5,61149.4
L54237,L,27.650000000000034,37.25,90.0,1666.0,36.2,144.0,0,0,0,0,0,0,-9.599999999999966,60309.200000000004
L49409,L,26.25,35.55000000000001,90.0,1523.0,40.5,171.0,0,0,0,0,0,0,-9.300000000000011,61681.5
L56923,L,25.75,37.05000000000001,90.0,1562.0,42.5,181.0,0,0,0,0,0,0,-11.300000000000011,66385.0
L52758,L,29.350000000000023,39.05000000000001,90.0,1574.0,38.7,166.0,0,0,0,0,0,0,-9.699999999999989,60913.8
L50241,L,26.950000000000045,35.950000000000045,90.0,1553.0,38.5,86.0,0,0,0,0,0,0,-9.0,59790.5
M19783,M,30.25,39.05000000000001,90.0,1531.0,40.7,59.0,0,0,0,0,0,0,-8.800000000000011,62311.700000000004
L53470,L,27.950000000000045,37.35000000000002,90.0,1392.0,43.4,79.0,0,0,0,0,0,0,-9.399999999999977,60412.799999999996
L56067,L,24.650000000000034,35.75,90.0,1457.0,37.7,106.0,0,0,0,0,0,0,-11.099999999999966,54928.9
H39228,H,25.150000000000034,35.950000000000045,90.0,1430.0,40.9,148.0,0,0,0,0,0,0,-10.800000000000011,58487.0
L55779,L,24.450000000000045,35.25,90.0,1559.0,34.3,193.0,0,0,0,0,0,0,-10.799999999999955,53473.7
H33845,H,29.150000000000034,37.05000000000001,90.0,1443.0,37.7,50.0,0,0,0,0,0,0,-7.899999999999977,54401.100000000006
L50497,L,28.350000000000023,37.35000000000002,90.0,1605.0,28.7,106.0,0,0,0,0,0,0,-9.0,46063.5
L55983,L,24.25,35.35000000000002,90.0,1557.0,48.6,60.0,0,0,0,0,0,0,-11.100000000000023,75670.2
L52993,L,28.05000000000001,37.85000000000002,90.0,1578.0,37.6,203.0,0,0,0,0,0,0,-9.800000000000011,59332.8
H32771,H,28.350000000000023,37.55000000000001,90.0,1414.0,51.7,85.0,0,0,0,0,0,0,-9.199999999999989,73103.8
L52470,L,30.75,40.05000000000001,90.0,1526.0,40.7,164.0,0,0,0,0,0,0,-9.300000000000011,62108.200000000004
L53593,L,27.25,36.85000000000002,90.0,1416.0,58.6,191.0,0,0,0,0,0,0,-9.600000000000023,82977.6
L48646,L,25.55000000000001,36.650000000000034,90.0,1540.0,37.6,113.0,0,0,0,0,0,0,-11.100000000000023,57904.0
H38801,H,24.950000000000045,35.75,90.0,1708.0,27.8,106.0,0,0,0,0,0,0,-10.799999999999955,47482.4
L53671,L,27.650000000000034,36.85000000000002,90.0,1427.0,53.9,173.0,0,0,0,0,0,0,-9.199999999999989,76915.3
L53978,L,28.05000000000001,37.650000000000034,90.0,1476.0,40.6,98.0,0,0,0,0,0,0,-9.600000000000023,59925.6
L57033,L,25.450000000000045,36.25,90.0,1418.0,40.7,54.0,0,0,0,0,0,0,-10.799999999999955,57712.600000000006
M21932,M,27.55000000000001,37.150000000000034,90.0,1515.0,39.1,158.0,0,0,0,0,0,0,-9.600000000000023,59236.5
M17124,M,26.150000000000034,35.25,90.0,1415.0,43.5,53.0,0,0,0,0,0,0,-9.099999999999966,61552.5
L56970,L,25.350000000000023,36.450000000000045,90.0,1423.0,41.4,96.0,0,0,0,0,0,0,-11.100000000000023,58912.2
M17553,M,26.950000000000045,36.450000000000045,90.0,1622.0,37.7,104.0,0,0,0,0,0,0,-9.5,61149.4
L48144,L,22.55000000000001,33.35000000000002,90.0,1578.0,32.2,97.0,0,0,0,0,0,0,-10.800000000000011,50811.600000000006
L48777,L,24.75,35.150000000000034,90.0,1531.0,41.7,2.0,0,0,0,0,0,0,-10.400000000000034,63842.700000000004
L49185,L,25.350000000000023,35.150000000000034,90.0,1393.0,48.1,20.0,0,0,0,0,0,0,-9.800000000000011,67003.3
L56802,L,25.75,36.85000000000002,90.0,1494.0,36.7,114.0,0,0,0,0,0,0,-11.100000000000023,54829.8
H39192,H,25.55000000000001,36.55000000000001,90.0,1666.0,29.7,52.0,0,0,0,0,0,0,-11.0,49480.2
L54206,L,27.450000000000045,37.450000000000045,90.0,1622.0,35.6,114.0,0,0,0,0,0,0,-10.0,57743.200000000004
M23953,M,24.150000000000034,34.950000000000045,90.0,1709.0,30.7,196.0,0,0,0,0,0,0,-10.800000000000011,52466.299999999996
H39228,H,25.150000000000034,36.05000000000001,90.0,1430.0,40.9,0.0,0,0,0,0,0,0,-10.899999999999977,58487.0
L57015,L,25.25,36.150000000000034,90.0,1469.0,36.9,49.0,0,0,0,0,0,0,-10.900000000000034,54206.1
M17459,M,26.05000000000001,35.85000000000002,90.0,1447.0,39.6,22.0,0,0,0,0,0,0,-9.800000000000011,57301.200000000004
L48559,L,25.650000000000034,36.950000000000045,90.0,1415.0,34.8,112.0,0,0,0,0,0,0,-11.300000000000011,49241.99999999999
M24465,M,25.75,36.950000000000045,90.0,1539.0,39.1,24.0,0,0,0,0,0,0,-11.200000000000045,60174.9
L54418,L,26.650000000000034,36.85000000000002,90.0,1386.0,57.0,73.0,0,0,0,0,0,0,-10.199999999999989,79002.0
L48537,L,25.55000000000001,37.150000000000034,90.0,1461.0,43.0,49.0,0,0,0,0,0,0,-11.600000000000023,62823.0
M17584,M,26.75,36.150000000000034,90.0,1821.0,26.9,106.0,0,0,0,0,0,0,-9.400000000000034,48984.899999999994
L56041,L,24.75,35.950000000000045,90.0,1619.0,35.7,33.0,0,0,0,0,0,0,-11.200000000000045,57798.3
L50579,L,28.05000000000001,37.55000000000001,90.0,1605.0,40.6,24.0,0,0,0,0,0,0,-9.5,65163.0
M22952,M,27.05000000000001,38.450000000000045,90.0,1533.0,40.8,157.0,0,0,0,0,0,0,-11.400000000000034,62546.399999999994
L57015,L,25.25,36.05000000000001,90.0,1611.0,36.9,3.0,0,0,0,0,0,0,-10.800000000000011,59445.899999999994
M21790,M,27.650000000000034,37.950000000000045,90.0,1355.0,53.4,102.0,0,0,0,0,0,0,-10.300000000000011,72357.0
L49270,L,26.05000000000001,35.950000000000045,90.0,1393.0,47.4,24.0,0,0,0,0,0,0,-9.900000000000034,66028.2
M23352,M,25.150000000000034,36.35000000000002,90.0,1737.0,26.1,142.0,0,0,0,0,0,0,-11.199999999999989,45335.700000000004
L47748,L,24.650000000000034,36.55000000000001,90.0,1791.0,27.3,173.0,0,0,0,0,0,0,-11.899999999999977,48894.3
L51654,L,29.55000000000001,37.35000000000002,90.0,1636.0,35.0,8.0,0,0,0,0,0,0,-7.800000000000011,57260.0
M18226,M,28.25,37.55000000000001,90.0,1459.0,40.2,35.0,0,0,0,0,0,0,-9.300000000000011,58651.8
M15896,M,22.450000000000045,32.85000000000002,90.0,1435.0,48.2,24.0,0,0,0,0,0,0,-10.399999999999977,69167.0
L53306,L,27.75,37.75,90.0,1370.0,41.0,107.0,0,0,0,0,0,0,-10.0,56170.0
M22046,M,27.05000000000001,37.150000000000034,90.0,1355.0,46.3,41.0,0,0,0,0,0,0,-10.100000000000023,62736.49999999999
L55451,L,25.950000000000045,37.450000000000045,90.0,1606.0,34.2,189.0,0,0,0,0,0,0,-11.5,54925.200000000004
M16201,M,25.450000000000045,37.05000000000001,90.0,1529.0,36.2,12.0,0,0,0,0,0,0,-11.599999999999966,55349.8
L54308,L,27.450000000000045,36.85000000000002,90.0,1457.0,39.9,105.0,0,0,0,0,0,0,-9.399999999999977,58134.299999999996
M17833,M,27.450000000000045,36.25,90.0,1528.0,39.7,87.0,0,0,0,0,0,0,-8.799999999999955,60661.600000000006
L51165,L,29.150000000000034,38.150000000000034,90.0,1386.0,50.8,156.0,0,0,0,0,0,0,-9.0,70408.8
L53856,L,28.350000000000023,37.55000000000001,90.0,1359.0,51.5,207.0,1,0,0,0,1,0,-9.199999999999989,69988.5
L48395,L,23.650000000000034,34.75,90.0,1709.0,28.4,2.0,0,0,0,0,0,0,-11.099999999999966,48535.6
L56930,L,25.55000000000001,36.85000000000002,90.0,1555.0,40.8,87.0,0,0,0,0,0,0,-11.300000000000011,63443.99999999999
M22253,M,27.55000000000001,37.05000000000001,90.0,1492.0,44.3,206.0,0,0,0,0,0,0,-9.5,66095.59999999999
L51276,L,28.75,37.25,90.0,1495.0,42.8,173.0,0,0,0,0,0,0,-8.5,63985.99999999999
L50230,L,27.05000000000001,36.05000000000001,90.0,1471.0,49.2,57.0,0,0,0,0,0,0,-9.0,72373.2
L56552,L,24.55000000000001,35.25,90.0,1487.0,47.8,128.0,0,0,0,0,0,0,-10.699999999999989,71078.59999999999
M17037,M,26.25,36.05000000000001,90.0,1458.0,42.9,28.0,0,0,0,0,0,0,-9.800000000000011,62548.2
L48476,L,25.55000000000001,36.75,90.0,1515.0,41.8,130.0,0,0,0,0,0,0,-11.199999999999989,63326.99999999999
L52786,L,29.75,39.05000000000001,90.0,1488.0,41.9,9.0,0,0,0,0,0,0,-9.300000000000011,62347.2
L52915,L,29.150000000000034,38.650000000000034,90.0,1609.0,33.5,5.0,0,0,0,0,0,0,-9.5,53901.5
M18047,M,26.950000000000045,36.05000000000001,90.0,1567.0,34.1,168.0,0,0,0,0,0,0,-9.099999999999966,53434.700000000004
L48512,L,25.850000000000023,37.05000000000001,90.0,1688.0,30.8,221.0,0,0,0,0,0,0,-11.199999999999989,51990.4
L47658,L,24.25,35.85000000000002,90.0,1430.0,43.6,76.0,0,0,0,0,0,0,-11.600000000000023,62348.0
L55207,L,27.450000000000045,38.650000000000034,90.0,1557.0,44.9,179.0,0,0,0,0,0,0,-11.199999999999989,69909.3
M16241,M,25.650000000000034,37.05000000000001,90.0,1623.0,31.6,64.0,0,0,0,0,0,0,-11.399999999999977,51286.8
M17123,M,26.05000000000001,35.25,90.0,1513.0,43.0,50.0,0,0,0,0,0,0,-9.199999999999989,65059.0
L51837,L,29.950000000000045,37.950000000000045,90.0,1678.0,28.7,23.0,0,0,0,0,0,0,-8.0,48158.6
L48365,L,24.150000000000034,35.25,90.0,1389.0,50.5,33.0,0,0,0,0,0,0,-11.099999999999966,70144.5
L49505,L,26.150000000000034,35.650000000000034,90.0,1469.0,47.6,203.0,0,0,0,0,0,0,-9.5,69924.40000000001
L48433,L,24.25,35.35000000000002,90.0,1470.0,39.1,108.0,0,0,0,0,0,0,-11.100000000000023,57477.0
M15556,M,24.450000000000045,35.85000000000002,90.0,1549.0,43.0,66.0,0,0,0,0,0,0,-11.399999999999977,66607.0
M16359,M,24.950000000000045,35.650000000000034,90.0,1623.0,35.2,195.0,0,0,0,0,0,0,-10.699999999999989,57129.600000000006
L56161,L,23.850000000000023,34.55000000000001,90.0,1435.0,54.1,126.0,0,0,0,0,0,0,-10.699999999999989,77633.5
L54612,L,26.850000000000023,38.25,90.0,1484.0,43.1,13.0,0,0,0,0,0,0,-11.399999999999977,63960.4
L53273,L,27.850000000000023,37.650000000000034,90.0,1529.0,41.4,20.0,0,0,0,0,0,0,-9.800000000000011,63300.6
M15568,M,24.450000000000045,35.650000000000034,90.0,1457.0,44.4,101.0,0,0,0,0,0,0,-11.199999999999989,64690.799999999996
M16078,M,23.75,34.85000000000002,90.0,1459.0,45.6,85.0,0,0,0,0,0,0,-11.100000000000023,66530.40000000001
L49961,L,27.05000000000001,36.35000000000002,90.0,1447.0,42.8,21.0,0,0,0,0,0,0,-9.300000000000011,61931.6
L50688,L,28.55000000000001,37.75,90.0,1459.0,44.2,160.0,0,0,0,0,0,0,-9.199999999999989,64487.8
M21147,M,27.950000000000045,37.55000000000001,90.0,1413.0,43.9,181.0,0,0,0,0,0,0,-9.599999999999966,62030.7
L52702,L,29.450000000000045,38.75,90.0,1453.0,42.7,84.0,0,0,0,0,0,0,-9.299999999999955,62043.100000000006
L53945,L,28.150000000000034,37.55000000000001,90.0,1458.0,42.7,11.0,0,0,0,0,0,0,-9.399999999999977,62256.600000000006
L50274,L,26.850000000000023,36.150000000000034,90.0,1572.0,38.0,175.0,0,0,0,0,0,0,-9.300000000000011,59736.0
L50775,L,28.450000000000045,37.450000000000045,90.0,1581.0,30.9,104.0,0,0,0,0,0,0,-9.0,48852.899999999994
L53966,L,28.05000000000001,37.55000000000001,90.0,1510.0,44.6,66.0,0,0,0,0,0,0,-9.5,67346.0
L53255,L,27.850000000000023,37.650000000000034,90.0,1558.0,37.6,146.0,0,0,0,0,0,0,-9.800000000000011,58580.8
L50443,L,28.150000000000034,36.85000000000002,90.0,1397.0,48.1,64.0,0,0,0,0,0,0,-8.699999999999989,67195.7
M19068,M,29.150000000000034,37.75,90.0,1477.0,42.5,0.0,0,0,0,0,0,0,-8.599999999999966,62772.5
M23238,M,25.650000000000034,36.75,90.0,1611.0,36.1,9.0,0,0,0,0,0,0,-11.099999999999966,58157.100000000006
M22032,M,26.950000000000045,36.950000000000045,90.0,1402.0,46.6,59.0,0,0,0,0,0,0,-10.0,65333.200000000004
L51159,L,29.150000000000034,38.150000000000034,90.0,1710.0,27.5,181.0,0,0,0,0,0,0,-9.0,47025.0
M23514,M,24.450000000000045,35.55000000000001,90.0,1502.0,46.9,116.0,0,0,0,0,0,0,-11.099999999999966,70443.8
L47891,L,24.350000000000023,35.55000000000001,90.0,1452.0,47.1,110.0,0,0,0,0,0,0,-11.199999999999989,68389.2
L51094,L,29.350000000000023,38.35000000000002,90.0,1613.0,34.8,33.0,0,0,0,0,0,0,-9.0,56132.399999999994
L50515,L,28.55000000000001,37.75,90.0,1559.0,39.2,146.0,0,0,0,0,0,0,-9.199999999999989,61112.8
L56773,L,25.950000000000045,37.05000000000001,90.0,1754.0,52.8,41.0,0,0,0,0,0,0,-11.099999999999966,92611.2
L48329,L,23.850000000000023,34.75,90.0,1616.0,31.1,166.0,0,0,0,0,0,0,-10.899999999999977,50257.600000000006
L52792,L,29.150000000000034,38.85000000000002,90.0,1642.0,32.0,112.0,0,0,0,0,0,0,-9.699999999999989,52544.0
M23294,M,25.55000000000001,36.75,90.0,1575.0,34.5,185.0,0,0,0,0,0,0,-11.199999999999989,54337.5
L50623,L,28.350000000000023,37.25,90.0,1459.0,47.5,160.0,0,0,0,0,0,0,-8.899999999999977,69302.5
L52372,L,30.75,39.950000000000045,90.0,1535.0,37.8,130.0,0,0,0,0,0,0,-9.200000000000045,58022.99999999999
L51665,L,29.450000000000045,37.25,90.0,1448.0,43.1,192.0,0,0,0,0,0,0,-7.7999999999999545,62408.8
L56635,L,25.350000000000023,36.05000000000001,90.0,1478.0,40.3,156.0,0,0,0,0,0,0,-10.699999999999989,59563.399999999994
M24112,M,24.950000000000045,35.85000000000002,90.0,1532.0,36.1,193.0,0,0,0,0,0,0,-10.899999999999977,55305.200000000004
L52051,L,30.450000000000045,39.25,90.0,1471.0,39.0,155.0,0,0,0,0,0,0,-8.799999999999955,57369.0
L50735,L,28.650000000000034,37.35000000000002,90.0,1551.0,41.6,64.0,0,0,0,0,0,0,-8.699999999999989,64521.600000000006
L50247,L,26.650000000000034,36.05000000000001,90.0,1533.0,37.0,147.0,0,0,0,0,0,0,-9.399999999999977,56721.0
L49278,L,26.25,36.150000000000034,90.0,1372.0,59.0,0.0,0,0,0,0,0,0,-9.900000000000034,80948.0
L48204,L,23.05000000000001,34.150000000000034,90.0,1700.0,31.0,43.0,0,0,0,0,0,0,-11.100000000000023,52700.0
L53153,L,27.350000000000023,37.650000000000034,90.0,1501.0,35.9,157.0,0,0,0,0,0,0,-10.300000000000011,53885.9
M21262,M,26.850000000000023,36.55000000000001,90.0,1496.0,44.9,131.0,0,0,0,0,0,0,-9.699999999999989,67170.4
L54894,L,27.350000000000023,38.35000000000002,90.0,1517.0,43.0,115.0,0,0,0,0,0,0,-11.0,65231.0
L56062,L,24.850000000000023,35.85000000000002,90.0,1378.0,49.7,94.0,0,0,0,0,0,0,-11.0,68486.6
L54441,L,27.25,37.35000000000002,90.0,1818.0,35.7,14.0,0,0,0,0,0,0,-10.100000000000023,64902.600000000006
M15838,M,23.05000000000001,33.650000000000034,90.0,1444.0,42.4,121.0,0,0,0,0,0,0,-10.600000000000023,61225.6
L56824,L,25.850000000000023,37.05000000000001,90.0,1793.0,25.6,2.0,0,0,0,0,0,0,-11.199999999999989,45900.8
L52432,L,30.25,39.85000000000002,90.0,1322.0,38.0,181.0,0,0,0,0,0,0,-9.600000000000023,50236.0
L53828,L,28.350000000000023,37.25,90.0,1416.0,44.1,151.0,0,0,0,0,0,0,-8.899999999999977,62445.6
M23191,M,25.55000000000001,36.55000000000001,90.0,1392.0,48.7,98.0,0,0,0,0,0,0,-11.0,67790.40000000001
L48253,L,23.850000000000023,34.650000000000034,90.0,1584.0,34.3,168.0,0,0,0,0,0,0,-10.800000000000011,54331.2
L56334,L,24.350000000000023,35.35000000000002,90.0,1260.0,60.4,127.0,0,0,0,0,0,0,-11.0,76104.0
L47333,L,25.25,34.950000000000045,90.0,1482.0,42.4,199.0,0,0,0,0,0,0,-9.700000000000045,62836.799999999996
L55907,L,24.05000000000001,35.55000000000001,90.0,1487.0,38.5,86.0,0,0,0,0,0,0,-11.5,57249.5
L49246,L,26.55000000000001,36.35000000000002,90.0,1465.0,40.2,172.0,0,0,0,0,0,0,-9.800000000000011,58893.00000000001
H32073,H,26.75,36.25,90.0,1395.0,46.2,174.0,0,0,0,0,0,0,-9.5,64449.00000000001
L47752,L,24.650000000000034,36.25,90.0,1351.0,49.0,181.0,0,0,0,0,0,0,-11.599999999999966,66199.0
L51789,L,29.850000000000023,38.05000000000001,90.0,1545.0,36.0,142.0,0,0,0,0,0,0,-8.199999999999989,55620.0
M15987,M,23.55000000000001,34.450000000000045,90.0,1566.0,36.0,113.0,0,0,0,0,0,0,-10.900000000000034,56376.0
L53855,L,28.350000000000023,37.55000000000001,90.0,1394.0,50.5,23.0,0,0,0,0,0,0,-9.199999999999989,70397.0
L49053,L,25.25,34.950000000000045,90.0,1367.0,57.8,15.0,0,0,0,0,0,0,-9.700000000000045,79012.59999999999
L53243,L,27.950000000000045,37.950000000000045,90.0,1370.0,53.7,59.0,0,0,0,0,0,0,-10.0,73569.0
L56070,L,24.55000000000001,35.650000000000034,90.0,1616.0,32.4,116.0,0,0,0,0,0,0,-11.100000000000023,52358.399999999994
L56733,L,26.150000000000034,37.55000000000001,90.0,1357.0,39.2,144.0,0,0,0,0,0,0,-11.399999999999977,53194.4
L57008,L,25.25,36.25,90.0,1585.0,37.4,98.0,0,0,0,0,0,0,-11.0,59279.0
L52686,L,29.75,38.950000000000045,90.0,1366.0,59.5,7.0,0,0,0,0,0,0,-9.200000000000045,81277.0
L48891,L,25.05000000000001,34.650000000000034,90.0,1767.0,26.3,76.0,0,0,0,0,0,0,-9.600000000000023,46472.1
L48956,L,25.350000000000023,35.05000000000001,90.0,1563.0,38.5,156.0,0,0,0,0,0,0,-9.699999999999989,60175.5
L49668,L,26.05000000000001,35.450000000000045,90.0,1574.0,37.3,135.0,0,0,0,0,0,0,-9.400000000000034,58710.2
L48576,L,25.850000000000023,37.150000000000034,90.0,1483.0,39.2,173.0,0,0,0,0,0,0,-11.300000000000011,58133.600000000006
L56491,L,25.25,36.25,90.0,1466.0,43.2,153.0,0,0,0,0,0,0,-11.0,63331.200000000004
L54337,L,27.450000000000045,36.85000000000002,90.0,1486.0,37.8,182.0,0,0,0,0,0,0,-9.399999999999977,56170.799999999996
L49328,L,26.25,35.75,90.0,1488.0,40.6,176.0,0,0,0,0,0,0,-9.5,60412.8
L54248,L,27.75,37.35000000000002,90.0,1564.0,38.0,143.0,0,0,0,0,0,0,-9.600000000000023,59432.0
M19974,M,30.950000000000045,40.450000000000045,90.0,1612.0,35.2,136.0,0,0,0,0,0,0,-9.5,56742.4
M19495,M,29.850000000000023,38.05000000000001,90.0,1602.0,33.7,184.0,0,0,0,0,0,0,-8.199999999999989,53987.4
L51281,L,28.75,37.25,90.0,1438.0,46.7,197.0,1,0,0,0,1,0,-8.5,67154.6
L52407,L,30.650000000000034,39.85000000000002,90.0,1441.0,47.1,14.0,0,0,0,0,0,0,-9.199999999999989,67871.1
L49413,L,25.950000000000045,35.150000000000034,90.0,1449.0,43.0,175.0,0,0,0,0,0,0,-9.199999999999989,62307.0
L57071,L,25.650000000000034,36.35000000000002,90.0,1376.0,44.1,157.0,0,0,0,0,0,0,-10.699999999999989,60681.6
H31260,H,24.650000000000034,34.150000000000034,90.0,1450.0,43.5,59.0,0,0,0,0,0,0,-9.5,63075.0
L53889,L,28.25,37.450000000000045,90.0,1472.0,37.3,77.0,0,0,0,0,0,0,-9.200000000000045,54905.6
L55646,L,25.55000000000001,36.650000000000034,90.0,1341.0,52.4,5.0,0,0,0,0,0,0,-11.100000000000023,70268.4
M23029,M,26.650000000000034,38.05000000000001,90.0,1352.0,57.1,150.0,0,0,0,0,0,0,-11.399999999999977,77199.2
M16472,M,24.75,34.75,90.0,1694.0,26.7,38.0,0,0,0,0,0,0,-10.0,45229.799999999996
L54673,L,27.05000000000001,38.55000000000001,90.0,1438.0,43.4,173.0,0,0,0,0,0,0,-11.5,62409.2
L56008,L,24.25,35.55000000000001,90.0,1487.0,46.6,148.0,0,0,0,0,0,0,-11.300000000000011,69294.2
M21710,M,27.850000000000023,38.05000000000001,90.0,1606.0,33.3,0.0,0,0,0,0,0,0,-10.199999999999989,53479.799999999996
L54845,L,27.350000000000023,38.35000000000002,90.0,1362.0,53.9,187.0,1,0,0,0,1,0,-11.0,73411.8
L48789,L,24.55000000000001,34.55000000000001,90.0,1536.0,40.8,31.0,0,0,0,0,0,0,-10.0,62668.799999999996
L50345,L,27.25,36.450000000000045,90.0,1636.0,34.5,154.0,0,0,0,0,0,0,-9.200000000000045,56442.0
L56038,L,24.650000000000034,35.75,90.0,1459.0,44.5,160.0,0,0,0,0,0,0,-11.099999999999966,64925.5
L53109,L,27.150000000000034,37.05000000000001,90.0,1649.0,36.6,48.0,0,0,0,0,0,0,-9.899999999999977,60353.4
L55600,L,25.75,37.25,90.0,1347.0,52.5,159.0,0,0,0,0,0,0,-11.5,70717.5
L48462,L,25.05000000000001,36.25,90.0,1441.0,43.2,94.0,0,0,0,0,0,0,-11.199999999999989,62251.200000000004
L47950,L,23.650000000000034,34.950000000000045,90.0,1391.0,39.5,17.0,0,0,0,0,0,0,-11.300000000000011,54944.5
L49192,L,25.450000000000045,35.05000000000001,90.0,1483.0,46.4,18.0,0,0,0,0,0,0,-9.599999999999966,68811.2
L50240,L,26.850000000000023,35.950000000000045,90.0,1548.0,23.8,84.0,0,0,0,0,0,0,-9.100000000000023,36842.4
M24042,M,24.650000000000034,35.85000000000002,90.0,1362.0,45.0,17.0,0,0,0,0,0,0,-11.199999999999989,61290.0
M23676,M,24.350000000000023,35.35000000000002,90.0,1709.0,27.3,109.0,0,0,0,0,0,0,-11.0,46655.700000000004
L48365,L,24.150000000000034,35.25,90.0,1491.0,46.5,15.0,0,0,0,0,0,0,-11.099999999999966,69331.5
M20054,M,30.75,39.950000000000045,90.0,1418.0,46.3,137.0,0,0,0,0,0,0,-9.200000000000045,65653.4
M18055,M,26.950000000000045,36.05000000000001,90.0,1418.0,49.4,4.0,0,0,0,0,0,0,-9.099999999999966,70049.2
L51426,L,29.450000000000045,37.85000000000002,90.0,1537.0,35.7,91.0,0,0,0,0,0,0,-8.399999999999977,54870.9
L49053,L,25.25,34.950000000000045,90.0,1631.0,28.8,92.0,0,0,0,0,0,0,-9.700000000000045,46972.8
L49087,L,24.75,34.450000000000045,90.0,1418.0,45.5,180.0,0,0,0,0,0,0,-9.700000000000045,64519.0
H36474,H,27.450000000000045,37.25,90.0,1479.0,31.6,0.0,0,0,0,0,0,0,-9.799999999999955,46736.4
L51577,L,29.150000000000034,37.05000000000001,90.0,1553.0,40.6,24.0,0,0,0,0,0,0,-7.899999999999977,63051.8
L55508,L,25.450000000000045,36.35000000000002,90.0,1662.0,28.8,127.0,0,0,0,0,0,0,-10.899999999999977,47865.6
L53937,L,28.650000000000034,38.05000000000001,90.0,1430.0,26.2,204.0,0,0,0,0,0,0,-9.399999999999977,37466.0
H31030,H,24.75,34.85000000000002,90.0,1662.0,30.8,127.0,0,0,0,0,0,0,-10.100000000000023,51189.6
L50311,L,26.950000000000045,36.35000000000002,90.0,1530.0,32.7,53.0,0,0,0,0,0,0,-9.399999999999977,50031.00000000001
L48406,L,23.850000000000023,35.150000000000034,90.0,1517.0,40.2,146.0,0,0,0,0,0,0,-11.300000000000011,60983.4
L48205,L,23.150000000000034,34.150000000000034,90.0,1468.0,39.6,3.0,0,0,0,0,0,0,-11.0,58132.8
L53001,L,28.150000000000034,37.950000000000045,90.0,1419.0,49.2,137.0,0,0,0,0,0,0,-9.800000000000011,69814.8
L55737,L,25.150000000000034,35.85000000000002,90.0,1456.0,48.1,91.0,0,0,0,0,0,0,-10.699999999999989,70033.6
L53257,L,27.75,37.55000000000001,90.0,1479.0,45.0,21.0,0,0,0,0,0,0,-9.800000000000011,66555.0
L56688,L,26.05000000000001,37.25,90.0,1517.0,39.8,74.0,0,0,0,0,0,0,-11.199999999999989,60376.6
L53058,L,28.25,37.85000000000002,90.0,1554.0,44.0,127.0,0,0,0,0,0,0,-9.600000000000023,68376.0
M18518,M,29.05000000000001,38.35000000000002,90.0,1431.0,49.0,113.0,0,0,0,0,0,0,-9.300000000000011,70119.0
M17016,M,26.25,35.75,90.0,1557.0,41.5,201.0,0,0,0,0,0,0,-9.5,64615.5
M24166,M,25.150000000000034,36.05000000000001,90.0,1422.0,45.3,96.0,0,0,0,0,0,0,-10.899999999999977,64416.6
L56456,L,25.150000000000034,35.650000000000034,90.0,1457.0,44.5,64.0,0,0,0,0,0,0,-10.5,64836.5
L50355,L,27.150000000000034,36.450000000000045,90.0,1442.0,53.8,0.0,0,0,0,0,0,0,-9.300000000000011,77579.59999999999
L55656,L,25.350000000000023,36.55000000000001,90.0,1525.0,38.1,83.0,0,0,0,0,0,0,-11.199999999999989,58102.5
L55838,L,24.25,35.35000000000002,90.0,1496.0,36.4,158.0,0,0,0,0,0,0,-11.100000000000023,54454.4
L49094,L,24.850000000000023,34.55000000000001,90.0,1564.0,41.7,181.0,0,0,0,0,0,0,-9.699999999999989,65218.8
L50310,L,26.950000000000045,36.25,90.0,1548.0,33.8,47.0,0,0,0,0,0,0,-9.299999999999955,52322.399999999994
M24429,M,26.650000000000034,37.950000000000045,90.0,1589.0,39.0,185.0,0,0,0,0,0,0,-11.300000000000011,61971.0
M24401,M,26.350000000000023,37.650000000000034,90.0,1754.0,31.3,56.0,0,0,0,0,0,0,-11.300000000000011,54900.200000000004
L56142,L,24.150000000000034,34.75,90.0,1474.0,40.0,80.0,0,0,0,0,0,0,-10.599999999999966,58960.0
L54965,L,27.05000000000001,38.35000000000002,90.0,1281.0,60.1,60.0,0,0,0,0,0,0,-11.300000000000011,76988.1
L54869,L,27.450000000000045,38.55000000000001,90.0,1555.0,43.3,2.0,0,0,0,0,0,0,-11.099999999999966,67331.5
L53659,L,27.450000000000045,36.75,90.0,1418.0,42.7,135.0,0,0,0,0,0,0,-9.299999999999955,60548.600000000006
L52877,L,29.350000000000023,38.75,90.0,1354.0,49.4,148.0,0,0,0,0,0,0,-9.399999999999977,66887.59999999999
L49766,L,25.950000000000045,35.55000000000001,90.0,1385.0,44.0,83.0,0,0,0,0,0,0,-9.599999999999966,60940.0
L55664,L,25.25,36.35000000000002,90.0,1487.0,50.3,110.0,0,0,0,0,0,0,-11.100000000000023,74796.09999999999
L54264,L,27.450000000000045,37.150000000000034,90.0,1694.0,24.4,211.0,0,0,0,0,0,0,-9.699999999999989,41333.6
M23101,M,25.75,37.05000000000001,90.0,1399.0,49.0,98.0,0,0,0,0,0,0,-11.300000000000011,68551.0
L48021,L,23.450000000000045,34.35000000000002,90.0,1501.0,45.5,199.0,0,0,0,0,0,0,-10.899999999999977,68295.5
M16381,M,24.55000000000001,34.35000000000002,90.0,1667.0,33.3,128.0,0,0,0,0,0,0,-9.800000000000011,55511.1
M16578,M,25.05000000000001,34.55000000000001,90.0,1431.0,47.3,80.0,0,0,0,0,0,0,-9.5,67686.3
L51655,L,29.450000000000045,37.35000000000002,90.0,1341.0,51.0,181.0,1,0,1,0,0,0,-7.899999999999977,68391.0
M23050,M,26.55000000000001,37.75,90.0,1445.0,38.3,188.0,0,0,0,0,0,0,-11.199999999999989,55343.49999999999
L47655,L,24.25,35.950000000000045,90.0,1380.0,41.4,152.0,0,0,0,0,0,0,-11.700000000000045,57132.0
L54235,L,27.650000000000034,37.450000000000045,90.0,1606.0,30.6,142.0,0,0,0,0,0,0,-9.800000000000011,49143.600000000006
L55458,L,25.650000000000034,37.35000000000002,90.0,1602.0,39.4,5.0,0,0,0,0,0,0,-11.699999999999989,63118.799999999996
M20511,M,29.350000000000023,38.85000000000002,90.0,1445.0,41.0,168.0,0,0,0,0,0,0,-9.5,59245.0
L56196,L,24.150000000000034,35.05000000000001,90.0,1525.0,40.5,71.0,0,0,0,0,0,0,-10.899999999999977,61762.5
L48570,L,25.55000000000001,36.950000000000045,90.0,1353.0,48.9,140.0,0,0,0,0,0,0,-11.400000000000034,66161.7
H36114,H,28.450000000000045,37.55000000000001,90.0,1419.0,49.4,148.0,0,0,0,0,0,0,-9.099999999999966,70098.59999999999
L56753,L,26.55000000000001,37.75,90.0,1523.0,41.1,192.0,0,0,0,0,0,0,-11.199999999999989,62595.3
M20209,M,30.150000000000034,39.650000000000034,90.0,1548.0,33.6,104.0,0,0,0,0,0,0,-9.5,52012.8
L55966,L,24.350000000000023,35.35000000000002,90.0,1306.0,53.7,38.0,0,0,0,0,0,0,-11.0,70132.2
M18691,M,29.150000000000034,37.75,90.0,1425.0,49.1,192.0,0,0,0,0,0,0,-8.599999999999966,69967.5
L49571,L,26.05000000000001,35.25,90.0,1580.0,29.2,142.0,0,0,0,0,0,0,-9.199999999999989,46136.0
M24098,M,25.05000000000001,35.55000000000001,90.0,1572.0,33.3,150.0,0,0,0,0,0,0,-10.5,52347.6
L56250,L,24.05000000000001,35.150000000000034,90.0,1522.0,45.8,105.0,0,0,0,0,0,0,-11.100000000000023,69707.59999999999
L55073,L,27.650000000000034,39.55000000000001,90.0,1416.0,43.8,149.0,0,0,0,0,0,0,-11.899999999999977,62020.799999999996
M23654,M,24.450000000000045,35.450000000000045,90.0,1497.0,53.4,56.0,0,0,0,0,0,0,-11.0,79939.8
L52763,L,29.350000000000023,38.85000000000002,90.0,1372.0,49.5,15.0,0,0,0,0,0,0,-9.5,67914.0
M23199,M,25.650000000000034,36.55000000000001,90.0,1499.0,40.3,146.0,0,0,0,0,0,0,-10.899999999999977,60409.7
L48256,L,23.75,34.55000000000001,90.0,1653.0,35.9,204.0,0,0,0,0,0,0,-10.800000000000011,59342.7
L55057,L,27.650000000000034,39.35000000000002,90.0,1372.0,47.5,67.0,0,0,0,0,0,0,-11.699999999999989,65170.0
L52058,L,30.650000000000034,39.450000000000045,90.0,1418.0,47.3,152.0,0,0,0,0,0,0,-8.800000000000011,67071.4
L56769,L,26.05000000000001,37.25,90.0,1511.0,43.3,32.0,0,0,0,0,0,0,-11.199999999999989,65426.299999999996
M18068,M,27.150000000000034,36.05000000000001,90.0,1406.0,43.3,40.0,0,0,0,0,0,0,-8.899999999999977,60879.799999999996
L51898,L,30.25,38.650000000000034,90.0,1532.0,42.4,125.0,0,0,0,0,0,0,-8.400000000000034,64956.799999999996
L55073,L,27.75,39.55000000000001,90.0,1648.0,32.4,197.0,0,0,0,0,0,0,-11.800000000000011,53395.2
M21740,M,27.950000000000045,38.05000000000001,90.0,1474.0,40.7,52.0,0,0,0,0,0,0,-10.099999999999966,59991.8
L55253,L,27.350000000000023,38.85000000000002,90.0,1366.0,49.7,113.0,0,0,0,0,0,0,-11.5,67890.2
L47805,L,25.150000000000034,36.950000000000045,90.0,1545.0,36.3,0.0,0,0,0,0,0,0,-11.800000000000011,56083.49999999999
L54759,L,27.25,38.05000000000001,90.0,1593.0,35.7,173.0,0,0,0,0,0,0,-10.800000000000011,56870.100000000006
L53895,L,28.150000000000034,37.450000000000045,90.0,1623.0,32.6,104.0,0,0,0,0,0,0,-9.300000000000011,52909.8
L53271,L,27.75,37.55000000000001,90.0,1558.0,38.5,98.0,0,0,0,0,0,0,-9.800000000000011,59983.0
M18674,M,29.150000000000034,37.450000000000045,90.0,1711.0,30.1,9.0,0,0,0,0,0,0,-8.300000000000011,51501.100000000006
L54666,L,27.150000000000034,38.55000000000001,90.0,1687.0,29.1,156.0,0,0,0,0,0,0,-11.399999999999977,49091.700000000004
L55204,L,27.450000000000045,38.85000000000002,90.0,1488.0,39.1,91.0,0,0,0,0,0,0,-11.399999999999977,58180.8
L47792,L,24.950000000000045,36.75,90.0,1563.0,32.8,113.0,0,0,0,0,0,0,-11.799999999999955,51266.399999999994
L51838,L,30.150000000000034,38.25,90.0,1702.0,26.6,98.0,0,0,0,0,0,0,-8.099999999999966,45273.200000000004
L48641,L,25.850000000000023,37.05000000000001,90.0,1555.0,36.8,49.0,0,0,0,0,0,0,-11.199999999999989,57223.99999999999
L53857,L,28.350000000000023,37.450000000000045,90.0,1630.0,35.1,224.0,0,0,0,0,0,0,-9.100000000000023,57213.0
L48428,L,24.05000000000001,35.450000000000045,90.0,1489.0,41.2,214.0,0,0,0,0,0,0,-11.400000000000034,61346.8
L50677,L,28.75,37.85000000000002,90.0,1517.0,41.9,126.0,0,0,0,0,0,0,-9.100000000000023,63562.299999999996
L56559,L,24.350000000000023,35.450000000000045,90.0,1691.0,30.7,146.0,0,0,0,0,0,0,-11.100000000000023,51913.7
M16111,M,24.25,35.650000000000034,90.0,1651.0,29.5,220.0,0,0,0,0,0,0,-11.400000000000034,48704.5
L56509,L,25.350000000000023,35.950000000000045,90.0,1572.0,41.3,0.0,0,0,0,0,0,0,-10.600000000000023,64923.6
L50411,L,27.55000000000001,36.150000000000034,90.0,1408.0,45.3,0.0,0,0,0,0,0,0,-8.600000000000023,63782.399999999994
L55127,L,27.650000000000034,38.55000000000001,90.0,1426.0,46.5,16.0,0,0,0,0,0,0,-10.899999999999977,66309.0
L47658,L,24.25,35.85000000000002,90.0,1478.0,49.8,176.0,0,0,0,0,0,0,-11.600000000000023,73604.4
M22411,M,27.25,38.150000000000034,90.0,1491.0,37.8,37.0,0,0,0,0,0,0,-10.900000000000034,56359.799999999996
L56319,L,24.350000000000023,35.35000000000002,90.0,1459.0,46.4,109.0,0,0,0,0,0,0,-11.0,67697.59999999999
L50159,L,27.350000000000023,36.650000000000034,90.0,1442.0,43.0,0.0,0,0,0,0,0,0,-9.300000000000011,62006.0
M24270,M,24.850000000000023,35.55000000000001,90.0,1353.0,50.5,198.0,0,0,0,0,0,0,-10.699999999999989,68326.5
M20394,M,29.150000000000034,38.55000000000001,90.0,1433.0,37.1,16.0,0,0,0,0,0,0,-9.399999999999977,53164.3
L48618,L,25.850000000000023,37.150000000000034,90.0,1341.0,44.4,125.0,0,0,0,0,0,0,-11.300000000000011,59540.4
M18394,M,28.850000000000023,37.950000000000045,90.0,1487.0,43.6,179.0,0,0,0,0,0,0,-9.100000000000023,64833.200000000004
M21604,M,28.55000000000001,37.85000000000002,90.0,1298.0,58.0,9.0,0,0,0,0,0,0,-9.300000000000011,75284.0
M24382,M,25.850000000000023,37.05000000000001,90.0,1595.0,33.3,61.0,0,0,0,0,0,0,-11.199999999999989,53113.49999999999
L55273,L,27.05000000000001,38.450000000000045,90.0,1373.0,52.9,160.0,0,0,0,0,0,0,-11.400000000000034,72631.7
L54384,L,26.650000000000034,36.450000000000045,90.0,1706.0,28.5,96.0,0,0,0,0,0,0,-9.800000000000011,48621.0
L55587,L,25.450000000000045,36.450000000000045,90.0,1709.0,27.8,63.0,0,0,0,0,0,0,-11.0,47510.200000000004
M23473,M,24.350000000000023,35.25,90.0,1441.0,48.2,6.0,0,0,0,0,0,0,-10.899999999999977,69456.2
L50041,L,27.450000000000045,36.05000000000001,90.0,1543.0,37.9,121.0,0,0,0,0,0,0,-8.599999999999966,58479.7
L49590,L,25.950000000000045,35.35000000000002,90.0,1771.0,32.1,13.0,0,0,0,0,0,0,-9.399999999999977,56849.100000000006
M20441,M,29.650000000000034,39.05000000000001,90.0,1387.0,46.5,44.0,0,0,0,0,0,0,-9.399999999999977,64495.5
L47955,L,23.55000000000001,34.650000000000034,90.0,1679.0,31.4,33.0,0,0,0,0,0,0,-11.100000000000023,52720.6
M18373,M,28.75,37.950000000000045,90.0,1459.0,52.5,39.0,0,0,0,0,0,0,-9.200000000000045,76597.5
L51693,L,29.25,37.150000000000034,90.0,1408.0,46.6,113.0,0,0,0,0,0,0,-7.900000000000034,65612.8
L54850,L,27.350000000000023,38.450000000000045,90.0,1550.0,36.5,191.0,0,0,0,0,0,0,-11.100000000000023,56575.0
M24552,M,25.850000000000023,36.950000000000045,90.0,1685.0,28.9,121.0,0,0,0,0,0,0,-11.100000000000023,48696.5
L48988,L,25.05000000000001,34.55000000000001,90.0,1448.0,40.8,41.0,0,0,0,0,0,0,-9.5,59078.399999999994
L48253,L,23.850000000000023,34.650000000000034,90.0,1414.0,47.5,192.0,0,0,0,0,0,0,-10.800000000000011,67165.0
M17672,M,26.850000000000023,35.950000000000045,90.0,1413.0,35.4,117.0,0,0,0,0,0,0,-9.100000000000023,50020.2
L50798,L,28.850000000000023,38.150000000000034,90.0,1448.0,43.5,14.0,0,0,0,0,0,0,-9.300000000000011,62988.0
M15857,M,23.150000000000034,34.05000000000001,90.0,1754.0,25.7,180.0,0,0,0,0,0,0,-10.899999999999977,45077.799999999996
L55663,L,25.55000000000001,36.650000000000034,90.0,1347.0,53.5,108.0,0,0,0,0,0,0,-11.100000000000023,72064.5
M24122,M,25.150000000000034,35.950000000000045,90.0,1484.0,47.0,15.0,0,0,0,0,0,0,-10.800000000000011,69748.0
L51282,L,28.850000000000023,37.25,90.0,1583.0,46.6,165.0,0,0,0,0,0,0,-8.399999999999977,73767.8
L56257,L,24.150000000000034,34.950000000000045,90.0,1474.0,45.2,154.0,0,0,0,0,0,0,-10.800000000000011,66624.8
M14973,M,25.650000000000034,35.450000000000045,90.0,1429.0,41.9,119.0,0,0,0,0,0,0,-9.800000000000011,59875.1
L55540,L,25.55000000000001,36.450000000000045,90.0,1772.0,24.5,67.0,0,0,0,0,0,0,-10.900000000000034,43414.0
M18692,M,29.150000000000034,37.75,90.0,1609.0,43.5,140.0,0,0,0,0,0,0,-8.599999999999966,69991.5
L56331,L,24.450000000000045,35.25,90.0,1553.0,30.5,121.0,0,0,0,0,0,0,-10.799999999999955,47366.5
L53255,L,27.850000000000023,37.75,90.0,1552.0,34.7,9.0,0,0,0,0,0,0,-9.899999999999977,53854.4
H37181,H,26.950000000000045,38.150000000000034,90.0,1423.0,38.6,15.0,0,0,0,0,0,0,-11.199999999999989,54927.8
L49218,L,25.850000000000023,35.650000000000034,90.0,1705.0,31.2,103.0,0,0,0,0,0,0,-9.800000000000011,53196.0
L47368,L,25.150000000000034,35.25,90.0,1606.0,42.9,67.0,0,0,0,0,0,0,-10.099999999999966,68897.4
L50962,L,29.05000000000001,37.55000000000001,90.0,1375.0,47.7,9.0,0,0,0,0,0,0,-8.5,65587.5
L49328,L,26.25,35.75,90.0,1490.0,39.2,194.0,0,0,0,0,0,0,-9.5,58408.00000000001
L53754,L,28.150000000000034,37.450000000000045,90.0,1378.0,52.0,181.0,0,0,0,0,0,0,-9.300000000000011,71656.0
L51634,L,29.25,37.05000000000001,90.0,1801.0,25.6,179.0,0,0,0,0,0,0,-7.800000000000011,46105.600000000006
L54979,L,27.25,38.25,90.0,1374.0,45.0,164.0,0,0,0,0,0,0,-11.0,61830.0
M23390,M,25.350000000000023,36.150000000000034,90.0,1751.0,31.8,85.0,0,0,0,0,0,0,-10.800000000000011,55681.8
L48495,L,25.850000000000023,37.05000000000001,90.0,1351.0,49.3,176.0,0,0,0,0,0,0,-11.199999999999989,66604.3
L55559,L,25.650000000000034,36.35000000000002,90.0,1377.0,41.9,5.0,0,0,0,0,0,0,-10.699999999999989,57696.299999999996
M19005,M,28.55000000000001,36.950000000000045,90.0,1504.0,44.8,71.0,0,0,0,0,0,0,-8.400000000000034,67379.2
L48396,L,23.75,34.85000000000002,90.0,1459.0,41.0,120.0,0,0,0,0,0,0,-11.100000000000023,59819.0
L56907,L,25.350000000000023,36.150000000000034,90.0,1530.0,37.7,9.0,0,0,0,0,0,0,-10.800000000000011,57681.00000000001
M23199,M,25.450000000000045,36.450000000000045,90.0,1469.0,45.0,154.0,0,0,0,0,0,0,-11.0,66105.0
M17847,M,27.450000000000045,36.450000000000045,90.0,1659.0,37.1,94.0,0,0,0,0,0,0,-9.0,61548.9
M23502,M,24.350000000000023,35.25,90.0,1542.0,36.6,2.0,0,0,0,0,0,0,-10.899999999999977,56437.200000000004
L55604,L,25.950000000000045,37.450000000000045,90.0,1504.0,46.8,170.0,0,0,0,0,0,0,-11.5,70387.2
L53427,L,27.650000000000034,37.05000000000001,90.0,1380.0,47.8,180.0,0,0,0,0,0,0,-9.399999999999977,65964.0
L52622,L,29.850000000000023,39.450000000000045,90.0,1391.0,53.8,89.0,0,0,0,0,0,0,-9.600000000000023,74835.8
L51810,L,29.850000000000023,38.05000000000001,90.0,1735.0,26.1,196.0,0,0,0,0,0,0,-8.199999999999989,45283.5
L56129,L,24.25,35.150000000000034,90.0,1436.0,42.9,127.0,0,0,0,0,0,0,-10.900000000000034,61604.4
L48520,L,25.450000000000045,37.05000000000001,90.0,1511.0,36.6,10.0,0,0,0,0,0,0,-11.599999999999966,55302.6
L53666,L,27.350000000000023,36.650000000000034,90.0,1691.0,27.8,164.0,0,0,0,0,0,0,-9.300000000000011,47009.8
L48536,L,25.350000000000023,36.75,90.0,1593.0,43.2,47.0,0,0,0,0,0,0,-11.399999999999977,68817.6
L55966,L,24.350000000000023,35.450000000000045,90.0,1306.0,50.7,38.0,0,0,0,0,0,0,-11.100000000000023,66214.2
L50927,L,29.150000000000034,37.950000000000045,90.0,1499.0,43.9,135.0,0,0,0,0,0,0,-8.800000000000011,65806.09999999999
L55482,L,25.55000000000001,36.950000000000045,90.0,1641.0,31.1,44.0,0,0,0,0,0,0,-11.400000000000034,51035.100000000006
M24097,M,24.950000000000045,34.85000000000002,90.0,1691.0,25.6,160.0,0,0,0,0,0,0,-9.899999999999977,43289.600000000006
L50060,L,27.350000000000023,36.25,90.0,1418.0,47.2,48.0,0,0,0,0,0,0,-8.899999999999977,66929.6
L50500,L,28.150000000000034,37.35000000000002,90.0,1429.0,44.2,96.0,0,0,0,0,0,0,-9.199999999999989,63161.8
L47891,L,24.350000000000023,35.55000000000001,90.0,1529.0,35.0,107.0,0,0,0,0,0,0,-11.199999999999989,53515.0
H37712,H,25.55000000000001,36.950000000000045,90.0,1608.0,35.6,148.0,0,0,0,0,0,0,-11.400000000000034,57244.8
L50038,L,27.350000000000023,36.150000000000034,90.0,1497.0,43.6,231.0,0,0,0,0,0,0,-8.800000000000011,65269.200000000004
L48362,L,24.05000000000001,35.150000000000034,90.0,1425.0,48.1,23.0,0,0,0,0,0,0,-11.100000000000023,68542.5
L50587,L,28.05000000000001,37.25,90.0,1631.0,28.9,115.0,0,0,0,0,0,0,-9.199999999999989,47135.899999999994
L50364,L,26.950000000000045,36.25,90.0,1664.0,29.6,201.0,0,0,0,0,0,0,-9.299999999999955,49254.4
L49461,L,26.150000000000034,35.55000000000001,90.0,1536.0,36.9,109.0,0,0,0,0,0,0,-9.399999999999977,56678.399999999994
L55022,L,26.950000000000045,38.35000000000002,90.0,1659.0,32.1,203.0,0,0,0,0,0,0,-11.399999999999977,53253.9
L49688,L,25.850000000000023,35.75,90.0,1429.0,46.8,179.0,0,0,0,0,0,0,-9.899999999999977,66877.2
L48848,L,25.05000000000001,34.75,90.0,1551.0,34.0,190.0,0,0,0,0,0,0,-9.699999999999989,52734.0
L47282,L,25.650000000000034,35.650000000000034,90.0,1450.0,50.9,61.0,0,0,0,0,0,0,-10.0,73805.0
L49508,L,26.150000000000034,35.55000000000001,90.0,1446.0,41.4,211.0,0,0,0,0,0,0,-9.399999999999977,59864.4
M21740,M,27.75,38.150000000000034,90.0,1458.0,41.4,100.0,0,0,0,0,0,0,-10.400000000000034,60361.2
L53453,L,28.05000000000001,37.650000000000034,90.0,1521.0,40.2,40.0,0,0,0,0,0,0,-9.600000000000023,61144.200000000004
H37143,H,27.55000000000001,38.35000000000002,90.0,1329.0,59.2,121.0,0,0,0,0,0,0,-10.800000000000011,78676.8
L51260,L,28.850000000000023,37.25,90.0,1357.0,58.0,190.0,0,0,0,0,0,0,-8.399999999999977,78706.0
M21756,M,27.55000000000001,38.25,90.0,1447.0,43.3,59.0,0,0,0,0,0,0,-10.699999999999989,62655.1
L51652,L,29.55000000000001,37.150000000000034,90.0,1670.0,27.7,4.0,0,0,0,0,0,0,-7.600000000000023,46259.0
L54269,L,27.450000000000045,37.05000000000001,90.0,1617.0,31.1,162.0,0,0,0,0,0,0,-9.599999999999966,50288.700000000004
M21648,M,27.950000000000045,37.950000000000045,90.0,1510.0,42.9,190.0,0,0,0,0,0,0,-10.0,64779.0
M22502,M,27.25,38.25,90.0,1604.0,32.7,119.0,0,0,0,0,0,0,-11.0,52450.8
L53250,L,27.75,37.75,90.0,1542.0,32.0,183.0,0,0,0,0,0,0,-10.0,49344.0
L50398,L,27.450000000000045,36.35000000000002,90.0,1657.0,29.8,68.0,0,0,0,0,0,0,-8.899999999999977,49378.6
M23553,M,24.25,35.35000000000002,90.0,1454.0,40.9,51.0,0,0,0,0,0,0,-11.100000000000023,59468.6
M17016,M,26.25,35.75,90.0,1540.0,43.5,201.0,0,0,0,0,0,0,-9.5,66990.0
L52887,L,29.25,38.650000000000034,90.0,1500.0,43.1,170.0,0,0,0,0,0,0,-9.400000000000034,64650.0
M18547,M,28.850000000000023,37.85000000000002,90.0,1476.0,42.5,146.0,0,0,0,0,0,0,-9.0,62730.0
L53060,L,28.350000000000023,37.950000000000045,90.0,1648.0,31.6,129.0,0,0,0,0,0,0,-9.600000000000023,52076.8
H31500,H,26.25,36.150000000000034,90.0,1439.0,49.7,5.0,0,0,0,0,0,0,-9.900000000000034,71518.3
L49393,L,26.55000000000001,36.150000000000034,90.0,1422.0,49.7,125.0,0,0,0,0,0,0,-9.600000000000023,70673.40000000001
L51282,L,28.850000000000023,37.25,90.0,1447.0,54.1,2.0,0,0,0,0,0,0,-8.399999999999977,78282.7
M18249,M,28.350000000000023,37.55000000000001,90.0,1408.0,53.2,70.0,0,0,0,0,0,0,-9.199999999999989,74905.6
L54885,L,27.450000000000045,38.55000000000001,90.0,1447.0,47.7,99.0,0,0,0,0,0,0,-11.099999999999966,69021.90000000001
L48397,L,23.650000000000034,34.85000000000002,90.0,1455.0,43.5,122.0,0,0,0,0,0,0,-11.199999999999989,63292.5
M20561,M,29.150000000000034,38.55000000000001,90.0,1664.0,34.9,139.0,0,0,0,0,0,0,-9.399999999999977,58073.6
L54441,L,27.350000000000023,37.25,90.0,1567.0,33.9,14.0,0,0,0,0,0,0,-9.899999999999977,53121.299999999996
L56931,L,25.450000000000045,36.650000000000034,90.0,1761.0,26.0,199.0,0,0,0,0,0,0,-11.199999999999989,45786.0
L48900,L,24.850000000000023,34.55000000000001,90.0,1459.0,44.5,89.0,0,0,0,0,0,0,-9.699999999999989,64925.5
L47932,L,23.650000000000034,34.85000000000002,90.0,1353.0,46.5,215.0,0,0,0,0,0,0,-11.199999999999989,62914.5
L56366,L,24.75,35.85000000000002,90.0,1629.0,45.6,92.0,0,0,0,0,0,0,-11.100000000000023,74282.40000000001
M24406,M,26.650000000000034,38.05000000000001,90.0,1388.0,43.9,126.0,0,0,0,0,0,0,-11.399999999999977,60933.2
H31581,H,26.450000000000045,35.950000000000045,90.0,1394.0,41.3,0.0,0,0,0,0,0,0,-9.5,57572.2
H30008,H,24.450000000000045,36.450000000000045,90.0,1668.0,27.3,2.0,0,0,0,0,0,0,-12.0,45536.4
L55009,L,26.650000000000034,38.05000000000001,90.0,1471.0,46.2,192.0,0,0,0,0,0,0,-11.399999999999977,67960.2
M18454,M,28.450000000000045,37.25,90.0,1511.0,37.1,164.0,0,0,0,0,0,0,-8.799999999999955,56058.1
L49475,L,26.25,35.55000000000001,90.0,1329.0,51.2,59.0,0,0,0,0,0,0,-9.300000000000011,68044.8
L54140,L,27.55000000000001,37.85000000000002,90.0,1415.0,42.0,91.0,0,0,0,0,0,0,-10.300000000000011,59430.0
M21431,M,28.25,37.450000000000045,90.0,1472.0,46.2,117.0,0,0,0,0,0,0,-9.200000000000045,68006.40000000001
H38797,H,24.350000000000023,34.950000000000045,90.0,1488.0,43.2,117.0,0,0,0,0,0,0,-10.600000000000023,64281.600000000006
M17019,M,26.350000000000023,35.85000000000002,90.0,1602.0,31.6,210.0,0,0,0,0,0,0,-9.5,50623.200000000004
L49293,L,26.25,35.950000000000045,90.0,1496.0,37.0,12.0,0,0,0,0,0,0,-9.700000000000045,55352.0
L48879,L,25.05000000000001,34.55000000000001,90.0,1289.0,48.3,42.0,0,0,0,0,0,0,-9.5,62258.7
L48488,L,25.75,36.950000000000045,90.0,1378.0,48.0,156.0,0,0,0,0,0,0,-11.200000000000045,66144.0
M22307,M,26.950000000000045,38.150000000000034,90.0,1646.0,34.9,48.0,0,0,0,0,0,0,-11.199999999999989,57445.399999999994
L48049,L,22.650000000000034,33.150000000000034,90.0,1358.0,49.2,67.0,0,0,0,0,0,0,-10.5,66813.6
L56769,L,26.05000000000001,37.25,90.0,1515.0,42.3,18.0,0,0,0,0,0,0,-11.199999999999989,64084.49999999999
L49154,L,24.650000000000034,34.55000000000001,90.0,1540.0,48.7,138.0,0,0,0,0,0,0,-9.899999999999977,74998.0
H39334,H,25.350000000000023,36.55000000000001,90.0,1552.0,33.9,12.0,0,0,0,0,0,0,-11.199999999999989,52612.799999999996
M21145,M,28.05000000000001,36.950000000000045,90.0,1458.0,41.8,68.0,0,0,0,0,0,0,-8.900000000000034,60944.399999999994
L49860,L,26.650000000000034,36.150000000000034,90.0,1610.0,37.1,16.0,0,0,0,0,0,0,-9.5,59731.0
L56257,L,24.150000000000034,34.950000000000045,90.0,1474.0,50.4,23.0,0,0,0,0,0,0,-10.800000000000011,74289.59999999999
L47493,L,24.75,35.25,90.0,1542.0,40.6,170.0,0,0,0,0,0,0,-10.5,62605.200000000004
M19840,M,30.75,39.55000000000001,90.0,1444.0,42.7,17.0,0,0,0,0,0,0,-8.800000000000011,61658.8
L56198,L,24.150000000000034,34.950000000000045,90.0,1615.0,35.4,217.0,0,0,0,0,0,0,-10.800000000000011,57171.0
M18128,M,28.150000000000034,36.85000000000002,90.0,1516.0,36.8,181.0,0,0,0,0,0,0,-8.699999999999989,55788.799999999996
L53126,L,27.55000000000001,37.650000000000034,90.0,1546.0,37.4,90.0,0,0,0,0,0,0,-10.100000000000023,57820.399999999994
L55944,L,24.25,35.650000000000034,90.0,1620.0,35.2,176.0,0,0,0,0,0,0,-11.400000000000034,57024.00000000001
M22470,M,27.350000000000023,38.150000000000034,90.0,1507.0,43.4,104.0,0,0,0,0,0,0,-10.800000000000011,65403.799999999996
L52420,L,30.55000000000001,39.75,90.0,1630.0,29.2,44.0,0,0,0,0,0,0,-9.199999999999989,47596.0
L49220,L,25.950000000000045,35.75,90.0,1362.0,49.6,108.0,0,0,0,0,0,0,-9.799999999999955,67555.2
L56058,L,24.950000000000045,36.05000000000001,90.0,1435.0,41.7,83.0,0,0,0,0,0,0,-11.099999999999966,59839.50000000001
M19579,M,30.25,38.55000000000001,90.0,1690.0,34.9,16.0,0,0,0,0,0,0,-8.300000000000011,58981.0
L50913,L,29.150000000000034,37.950000000000045,90.0,1444.0,44.5,2.0,0,0,0,0,0,0,-8.800000000000011,64258.0
M20519,M,29.05000000000001,38.35000000000002,90.0,1802.0,24.4,43.0,0,0,0,0,0,0,-9.300000000000011,43968.799999999996
L47819,L,24.850000000000023,36.25,90.0,1403.0,55.7,59.0,0,0,0,0,0,0,-11.399999999999977,78147.1
M24677,M,25.25,36.150000000000034,90.0,1473.0,42.9,173.0,0,0,0,0,0,0,-10.900000000000034,63191.7
L53233,L,27.650000000000034,37.75,90.0,1523.0,29.9,140.0,0,0,0,0,0,0,-10.099999999999966,45537.7
M17567,M,26.55000000000001,36.05000000000001,90.0,1539.0,36.1,181.0,0,0,0,0,0,0,-9.5,55557.9
L55087,L,27.650000000000034,39.25,90.0,1435.0,38.7,76.0,0,0,0,0,0,0,-11.599999999999966,55534.50000000001
M18334,M,28.75,37.650000000000034,90.0,1467.0,44.5,62.0,0,0,0,0,0,0,-8.900000000000034,65281.5
L52466,L,30.650000000000034,39.950000000000045,90.0,1523.0,42.4,152.0,0,0,0,0,0,0,-9.300000000000011,64575.2
H39197,H,25.650000000000034,36.75,90.0,1466.0,42.5,124.0,0,0,0,0,0,0,-11.099999999999966,62305.0
L51587,L,29.05000000000001,36.950000000000045,90.0,1564.0,39.9,57.0,0,0,0,0,0,0,-7.900000000000034,62403.6
L56879,L,25.650000000000034,36.650000000000034,90.0,1446.0,36.3,141.0,0,0,0,0,0,0,-11.0,52489.799999999996
L47726,L,24.350000000000023,36.25,90.0,1284.0,54.1,110.0,0,0,0,0,0,0,-11.899999999999977,69464.40000000001
L53595,L,27.25,36.85000000000002,90.0,1572.0,35.8,194.0,0,0,0,0,0,0,-9.600000000000023,56277.6
L56774,L,25.950000000000045,36.950000000000045,90.0,1408.0,46.7,43.0,0,0,0,0,0,0,-11.0,65753.6
L56306,L,24.25,35.05000000000001,90.0,1453.0,42.9,7.0,0,0,0,0,0,0,-10.800000000000011,62333.7
H39334,H,25.450000000000045,36.25,90.0,1548.0,33.9,185.0,0,0,0,0,0,0,-10.799999999999955,52477.2
L55651,L,25.350000000000023,36.55000000000001,90.0,1332.0,49.3,76.0,0,0,0,0,0,0,-11.199999999999989,65667.59999999999
L56918,L,25.850000000000023,36.85000000000002,90.0,1463.0,45.4,170.0,0,0,0,0,0,0,-11.0,66420.2
L53821,L,28.350000000000023,37.450000000000045,90.0,1334.0,39.7,135.0,0,0,0,0,0,0,-9.100000000000023,52959.8
L49867,L,26.650000000000034,36.25,90.0,1487.0,52.8,31.0,0,0,0,0,0,0,-9.599999999999966,78513.59999999999
L53142,L,27.350000000000023,37.55000000000001,90.0,1408.0,47.1,103.0,0,0,0,0,0,0,-10.199999999999989,66316.8
L49662,L,25.75,35.55000000000001,90.0,1448.0,45.3,165.0,0,0,0,0,0,0,-9.800000000000011,65594.4
L56319,L,24.350000000000023,35.450000000000045,90.0,1499.0,37.1,114.0,0,0,0,0,0,0,-11.100000000000023,55612.9
L53556,L,26.850000000000023,36.450000000000045,90.0,1694.0,31.3,94.0,0,0,0,0,0,0,-9.600000000000023,53022.200000000004
L56740,L,26.350000000000023,37.650000000000034,90.0,1551.0,34.8,4.0,0,0,0,0,0,0,-11.300000000000011,53974.799999999996
L56736,L,26.350000000000023,37.650000000000034,90.0,1471.0,42.0,154.0,0,0,0,0,0,0,-11.300000000000011,61782.0
M24487,M,25.75,36.85000000000002,90.0,1541.0,36.4,206.0,0,0,0,0,0,0,-11.100000000000023,56092.399999999994
L54325,L,27.350000000000023,36.75,90.0,1423.0,44.5,126.0,0,0,0,0,0,0,-9.399999999999977,63323.5
M18042,M,26.950000000000045,36.150000000000034,90.0,1443.0,50.3,199.0,0,0,0,0,0,0,-9.199999999999989,72582.9
M19928,M,31.05000000000001,40.05000000000001,90.0,1811.0,24.8,13.0,0,0,0,0,0,0,-9.0,44912.8
L52399,L,31.05000000000001,40.25,90.0,1490.0,37.4,205.0,0,0,0,0,0,0,-9.199999999999989,55726.0
M19930,M,31.05000000000001,40.05000000000001,90.0,1450.0,37.7,20.0,0,0,0,0,0,0,-9.0,54665.00000000001
L53270,L,27.75,37.650000000000034,90.0,1470.0,38.5,14.0,0,0,0,0,0,0,-9.900000000000034,56595.0
L49187,L,25.450000000000045,35.25,90.0,1562.0,39.1,25.0,0,0,0,0,0,0,-9.799999999999955,61074.200000000004
M21193,M,27.25,36.75,90.0,1462.0,33.6,192.0,0,0,0,0,0,0,-9.5,49123.200000000004
L56939,L,25.650000000000034,36.55000000000001,90.0,1488.0,42.1,155.0,0,0,0,0,0,0,-10.899999999999977,62644.8
M18239,M,28.450000000000045,37.450000000000045,90.0,1415.0,44.5,124.0,0,0,0,0,0,0,-9.0,62967.5
L55384,L,26.25,37.75,90.0,1673.0,33.0,10.0,0,0,0,0,0,0,-11.5,55209.0
L49037,L,24.55000000000001,34.25,90.0,1643.0,40.0,176.0,0,0,0,0,0,0,-9.699999999999989,65720.0
H32007,H,25.75,35.55000000000001,90.0,1415.0,46.8,179.0,0,0,0,0,0,0,-9.800000000000011,66222.0
L51490,L,28.25,36.85000000000002,90.0,1450.0,45.8,30.0,0,0,0,0,0,0,-8.600000000000023,66410.0
L54263,L,27.55000000000001,37.25,90.0,1443.0,39.7,0.0,0,0,0,0,0,0,-9.699999999999989,57287.100000000006
L52997,L,28.150000000000034,37.85000000000002,90.0,1673.0,32.1,206.0,0,0,0,0,0,0,-9.699999999999989,53703.3
L53901,L,28.25,37.55000000000001,90.0,1246.0,60.7,184.0,0,0,0,0,0,0,-9.300000000000011,75632.2
L49017,L,24.55000000000001,34.25,90.0,1392.0,43.0,75.0,0,0,0,0,0,0,-9.699999999999989,59856.0
M21294,M,27.150000000000034,36.75,90.0,1540.0,37.2,36.0,0,0,0,0,0,0,-9.599999999999966,57288.00000000001
M20903,M,27.55000000000001,37.75,90.0,1468.0,41.8,59.0,0,0,0,0,0,0,-10.199999999999989,61362.399999999994
M17012,M,26.150000000000034,35.650000000000034,90.0,1576.0,37.1,188.0,0,0,0,0,0,0,-9.5,58469.600000000006
M17598,M,26.650000000000034,35.950000000000045,90.0,1496.0,46.6,5.0,0,0,0,0,0,0,-9.300000000000011,69713.6
L47875,L,24.450000000000045,35.85000000000002,90.0,1487.0,45.4,0.0,0,0,0,0,0,0,-11.399999999999977,67509.8
L56275,L,24.150000000000034,35.150000000000034,90.0,1381.0,50.3,197.0,0,0,0,0,0,0,-11.0,69464.3
L48306,L,23.650000000000034,34.75,90.0,1567.0,29.9,98.0,0,0,0,0,0,0,-11.099999999999966,46853.299999999996
L52772,L,29.350000000000023,38.75,90.0,1427.0,49.0,65.0,0,0,0,0,0,0,-9.399999999999977,69923.0
L56221,L,24.150000000000034,35.150000000000034,90.0,1309.0,61.5,168.0,0,0,0,0,0,0,-11.0,80503.5
M15695,M,23.450000000000045,34.25,90.0,1535.0,37.9,182.0,0,0,0,0,0,0,-10.799999999999955,58176.5
M20931,M,27.650000000000034,37.75,90.0,1488.0,38.1,5.0,0,0,0,0,0,0,-10.099999999999966,56692.8
L51179,L,29.150000000000034,37.85000000000002,90.0,1732.0,28.3,144.0,0,0,0,0,0,0,-8.699999999999989,49015.6
L53245,L,27.850000000000023,37.650000000000034,90.0,1724.0,28.1,135.0,0,0,0,0,0,0,-9.800000000000011,48444.4
L49268,L,26.25,36.150000000000034,90.0,1631.0,32.1,142.0,0,0,0,0,0,0,-9.900000000000034,52355.100000000006
L56030,L,24.450000000000045,35.55000000000001,90.0,1492.0,43.5,197.0,0,0,0,0,0,0,-11.099999999999966,64902.0
L52345,L,31.05000000000001,40.25,90.0,1421.0,40.7,56.0,0,0,0,0,0,0,-9.199999999999989,57834.700000000004
L53676,L,27.450000000000045,36.85000000000002,90.0,1378.0,49.9,119.0,0,0,0,0,0,0,-9.399999999999977,68762.2
L55982,L,24.25,35.450000000000045,90.0,1578.0,43.1,73.0,0,0,0,0,0,0,-11.200000000000045,68011.8
M22770,M,27.350000000000023,38.85000000000002,90.0,1597.0,33.1,150.0,0,0,0,0,0,0,-11.5,52860.700000000004
M17935,M,26.850000000000023,36.05000000000001,90.0,1609.0,33.0,80.0,0,0,0,0,0,0,-9.199999999999989,53097.0
L50486,L,28.350000000000023,37.35000000000002,90.0,1470.0,44.0,133.0,0,0,0,0,0,0,-9.0,64680.0
L51202,L,28.850000000000023,37.35000000000002,90.0,1566.0,34.9,203.0,0,0,0,0,0,0,-8.5,54653.399999999994
L50524,L,28.25,37.55000000000001,90.0,1434.0,49.8,171.0,0,0,0,0,0,0,-9.300000000000011,71413.2
L54658,L,27.150000000000034,38.150000000000034,90.0,1494.0,38.5,12.0,0,0,0,0,0,0,-11.0,57519.0
L49358,L,26.450000000000045,36.05000000000001,90.0,1483.0,37.8,156.0,0,0,0,0,0,0,-9.599999999999966,56057.399999999994
L54908,L,27.350000000000023,38.75,90.0,1450.0,46.9,119.0,0,0,0,0,0,0,-11.399999999999977,68005.0
M18656,M,28.950000000000045,37.650000000000034,90.0,1367.0,49.1,119.0,0,0,0,0,0,0,-8.699999999999989,67119.7
L56797,L,25.850000000000023,36.950000000000045,90.0,1429.0,44.0,102.0,0,0,0,0,0,0,-11.100000000000023,62876.0
M17978,M,27.05000000000001,36.35000000000002,90.0,1458.0,46.6,23.0,0,0,0,0,0,0,-9.300000000000011,67942.8
L47786,L,24.75,36.650000000000034,90.0,1554.0,38.5,148.0,0,0,0,0,0,0,-11.900000000000034,59829.0
L57094,L,25.350000000000023,35.55000000000001,90.0,1581.0,29.6,13.0,0,0,0,0,0,0,-10.199999999999989,46797.600000000006
L50892,L,29.150000000000034,38.35000000000002,90.0,1543.0,41.3,39.0,0,0,0,0,0,0,-9.199999999999989,63725.899999999994
L49645,L,25.75,35.450000000000045,90.0,1408.0,47.4,92.0,0,0,0,0,0,0,-9.700000000000045,66739.2
M17312,M,25.950000000000045,35.450000000000045,90.0,1433.0,49.9,7.0,0,0,0,0,0,0,-9.5,71506.7
L47403,L,25.150000000000034,35.35000000000002,90.0,1521.0,40.0,160.0,0,0,0,0,0,0,-10.199999999999989,60840.0
H29767,H,24.450000000000045,35.150000000000034,90.0,1674.0,28.6,61.0,0,0,0,0,0,0,-10.699999999999989,47876.4
L51979,L,30.350000000000023,39.35000000000002,90.0,1418.0,42.2,171.0,0,0,0,0,0,0,-9.0,59839.600000000006
L53219,L,27.55000000000001,37.75,90.0,1740.0,25.3,179.0,0,0,0,0,0,0,-10.199999999999989,44022.0
L51427,L,29.450000000000045,37.85000000000002,90.0,1475.0,42.0,93.0,0,0,0,0,0,0,-8.399999999999977,61950.0
L50304,L,26.950000000000045,36.25,90.0,1615.0,29.8,31.0,0,0,0,0,0,0,-9.299999999999955,48127.0
L54437,L,27.05000000000001,37.35000000000002,90.0,1518.0,42.1,201.0,0,0,0,0,0,0,-10.300000000000011,63907.8
M16280,M,25.650000000000034,36.75,90.0,1536.0,35.2,214.0,0,0,0,0,0,0,-11.099999999999966,54067.200000000004
L49646,L,25.850000000000023,35.55000000000001,90.0,1478.0,36.8,161.0,0,0,0,0,0,0,-9.699999999999989,54390.399999999994
M18156,M,28.25,37.150000000000034,90.0,1694.0,28.3,38.0,0,0,0,0,0,0,-8.900000000000034,47940.200000000004
M19063,M,29.25,37.75,90.0,1422.0,31.9,0.0,0,0,0,0,0,0,-8.5,45361.799999999996
M23789,M,24.25,35.150000000000034,90.0,1464.0,39.5,209.0,0,0,0,0,0,0,-10.900000000000034,57828.0
H36507,H,27.450000000000045,37.05000000000001,90.0,1469.0,43.0,8.0,0,0,0,0,0,0,-9.599999999999966,63167.0
H31249,H,24.650000000000034,34.25,90.0,1425.0,41.6,190.0,0,0,0,0,0,0,-9.599999999999966,59280.0
L57027,L,25.25,36.950000000000045,90.0,1546.0,40.1,2.0,0,0,0,0,0,0,-11.700000000000045,61994.600000000006
L54704,L,27.05000000000001,38.25,90.0,1639.0,31.1,51.0,0,0,0,0,0,0,-11.199999999999989,50972.9
L57046,L,25.75,36.75,90.0,1609.0,34.1,59.0,0,0,0,0,0,0,-11.0,54866.9
L52399,L,31.150000000000034,40.35000000000002,90.0,1495.0,35.7,205.0,1,1,0,0,0,0,-9.199999999999989,53371.50000000001
L51893,L,30.25,38.650000000000034,90.0,1491.0,45.2,215.0,0,0,0,0,0,0,-8.400000000000034,67393.2
L55921,L,24.05000000000001,35.450000000000045,90.0,1458.0,43.7,126.0,0,0,0,0,0,0,-11.400000000000034,63714.600000000006
L53973,L,28.150000000000034,37.55000000000001,90.0,1388.0,49.5,86.0,0,0,0,0,0,0,-9.399999999999977,68706.0
M21932,M,27.55000000000001,37.450000000000045,90.0,1530.0,41.7,184.0,0,0,0,0,0,0,-9.900000000000034,63801.00000000001
L54140,L,27.55000000000001,37.85000000000002,90.0,1413.0,42.4,91.0,0,0,0,0,0,0,-10.300000000000011,59911.2
L53770,L,28.55000000000001,37.55000000000001,90.0,1458.0,41.7,3.0,0,0,0,0,0,0,-9.0,60798.600000000006
L49983,L,27.05000000000001,36.25,90.0,1343.0,50.2,85.0,0,0,0,0,0,0,-9.199999999999989,67418.6
L54339,L,26.950000000000045,36.85000000000002,90.0,1511.0,40.5,111.0,0,0,0,0,0,0,-9.899999999999977,61195.5
L51021,L,29.350000000000023,38.05000000000001,90.0,1332.0,50.0,163.0,0,0,0,0,0,0,-8.699999999999989,66600.0
L53777,L,28.350000000000023,37.650000000000034,90.0,1650.0,29.1,79.0,0,0,0,0,0,0,-9.300000000000011,48015.0
H37455,H,27.05000000000001,38.450000000000045,90.0,1298.0,59.1,73.0,0,0,0,0,0,0,-11.400000000000034,76711.8
L55110,L,27.450000000000045,38.450000000000045,90.0,1639.0,31.6,203.0,0,0,0,0,0,0,-11.0,51792.4
L54953,L,27.150000000000034,38.35000000000002,90.0,1495.0,44.0,34.0,0,0,0,0,0,0,-11.199999999999989,65780.0
L48527,L,25.55000000000001,37.150000000000034,90.0,1578.0,33.3,171.0,0,0,0,0,0,0,-11.600000000000023,52547.399999999994
L53466,L,28.05000000000001,37.75,90.0,1596.0,32.5,70.0,0,0,0,0,0,0,-9.699999999999989,51870.0
L53425,L,27.850000000000023,37.25,90.0,1577.0,34.9,196.0,0,0,0,0,0,0,-9.399999999999977,55037.299999999996
L48604,L,25.55000000000001,36.55000000000001,90.0,1372.0,52.1,11.0,0,0,0,0,0,0,-11.0,71481.2
L49857,L,26.650000000000034,36.35000000000002,90.0,1495.0,39.6,0.0,0,0,0,0,0,0,-9.699999999999989,59202.0
M23216,M,25.450000000000045,36.650000000000034,90.0,1401.0,45.0,200.0,0,0,0,0,0,0,-11.199999999999989,63045.0
L49325,L,26.150000000000034,35.650000000000034,90.0,1550.0,39.5,170.0,0,0,0,0,0,0,-9.5,61225.0
M21483,M,28.450000000000045,37.75,90.0,1395.0,42.4,0.0,0,0,0,0,0,0,-9.299999999999955,59148.0
L49758,L,26.150000000000034,36.25,90.0,1523.0,37.7,59.0,0,0,0,0,0,0,-10.099999999999966,57417.100000000006
M23943,M,24.05000000000001,34.75,90.0,1541.0,50.5,169.0,0,0,0,0,0,0,-10.699999999999989,77820.5
M19950,M,30.950000000000045,40.05000000000001,90.0,1524.0,39.1,17.0,0,0,0,0,0,0,-9.099999999999966,59588.4
L54799,L,27.350000000000023,38.55000000000001,90.0,1431.0,39.9,160.0,0,0,0,0,0,0,-11.199999999999989,57096.9
L49434,L,26.25,35.450000000000045,90.0,1325.0,46.9,179.0,0,0,0,0,0,0,-9.200000000000045,62142.5
L50237,L,26.950000000000045,35.950000000000045,90.0,1601.0,35.8,160.0,0,0,0,0,0,0,-9.0,57315.799999999996
L50696,L,28.850000000000023,37.950000000000045,90.0,1497.0,41.9,182.0,0,0,0,0,0,0,-9.100000000000023,62724.299999999996
L54305,L,27.55000000000001,36.950000000000045,90.0,1461.0,46.5,98.0,0,0,0,0,0,0,-9.400000000000034,67936.5
M17108,M,26.150000000000034,35.55000000000001,90.0,1634.0,33.7,28.0,0,0,0,0,0,0,-9.399999999999977,55065.8
L48381,L,23.75,34.85000000000002,90.0,1658.0,41.0,54.0,0,0,0,0,0,0,-11.100000000000023,67978.0
L53484,L,27.850000000000023,37.25,90.0,1532.0,39.5,96.0,0,0,0,0,0,0,-9.399999999999977,60514.0
L50018,L,27.150000000000034,36.05000000000001,90.0,1478.0,38.5,141.0,0,0,0,0,0,0,-8.899999999999977,56903.0
L56251,L,23.850000000000023,34.950000000000045,90.0,1429.0,38.0,7.0,0,0,0,0,0,0,-11.100000000000023,54302.0
L55567,L,25.650000000000034,36.75,90.0,1351.0,47.2,9.0,0,0,0,0,0,0,-11.099999999999966,63767.200000000004
L51691,L,29.55000000000001,37.35000000000002,90.0,1445.0,43.1,162.0,0,0,0,0,0,0,-7.800000000000011,62279.5
L49402,L,26.55000000000001,35.85000000000002,90.0,1605.0,33.0,100.0,0,0,0,0,0,0,-9.300000000000011,52965.0
L47783,L,24.75,36.650000000000034,90.0,1543.0,36.0,31.0,0,0,0,0,0,0,-11.900000000000034,55548.0
M17209,M,26.05000000000001,35.35000000000002,90.0,1589.0,36.0,18.0,0,0,0,0,0,0,-9.300000000000011,57204.0
L50646,L,28.55000000000001,37.450000000000045,90.0,1447.0,56.9,5.0,0,0,0,0,0,0,-8.900000000000034,82334.3
M21641,M,28.150000000000034,37.650000000000034,90.0,1547.0,41.5,166.0,0,0,0,0,0,0,-9.5,64200.5
L52442,L,30.25,39.650000000000034,90.0,1449.0,37.1,175.0,0,0,0,0,0,0,-9.400000000000034,53757.9
L56682,L,25.75,36.950000000000045,90.0,1571.0,37.1,21.0,0,0,0,0,0,0,-11.200000000000045,58284.100000000006
H35402,H,27.55000000000001,37.650000000000034,90.0,1391.0,58.2,139.0,0,0,0,0,0,0,-10.100000000000023,80956.2
M17229,M,26.150000000000034,35.25,90.0,1386.0,41.6,86.0,0,0,0,0,0,0,-9.099999999999966,57657.6
L53830,L,28.450000000000045,37.25,90.0,1561.0,35.3,137.0,0,0,0,0,0,0,-8.799999999999955,55103.299999999996
L53184,L,27.350000000000023,37.25,90.0,1761.0,26.5,0.0,0,0,0,0,0,0,-9.899999999999977,46666.5
M22815,M,27.75,38.75,90.0,1310.0,56.1,135.0,0,0,0,0,0,0,-11.0,73491.0
L49515,L,26.05000000000001,35.25,90.0,1509.0,34.9,181.0,0,0,0,0,0,0,-9.199999999999989,52664.1
L53851,L,28.25,37.650000000000034,90.0,1492.0,45.0,155.0,0,0,0,0,0,0,-9.400000000000034,67140.0
M24510,M,25.850000000000023,36.950000000000045,90.0,1449.0,43.1,104.0,0,0,0,0,0,0,-11.100000000000023,62451.9
L47892,L,24.450000000000045,35.55000000000001,90.0,1453.0,38.7,181.0,0,0,0,0,0,0,-11.099999999999966,56231.100000000006
M18047,M,27.05000000000001,36.25,90.0,1368.0,53.1,208.0,0,0,0,0,0,0,-9.199999999999989,72640.8
M16079,M,23.75,34.950000000000045,90.0,1544.0,39.9,127.0,0,0,0,0,0,0,-11.200000000000045,61605.6
L49086,L,24.75,34.450000000000045,90.0,1541.0,39.9,178.0,0,0,0,0,0,0,-9.700000000000045,61485.899999999994
L53887,L,28.150000000000034,37.450000000000045,90.0,1436.0,39.0,72.0,0,0,0,0,0,0,-9.300000000000011,56004.0
M15583,M,24.25,35.75,90.0,1479.0,39.5,137.0,0,0,0,0,0,0,-11.5,58420.5
M23798,M,24.25,35.55000000000001,90.0,1751.0,27.7,9.0,0,0,0,0,0,0,-11.300000000000011,48502.7
L55622,L,25.450000000000045,36.85000000000002,90.0,1357.0,50.4,4.0,0,0,0,0,0,0,-11.399999999999977,68392.8
L56381,L,24.650000000000034,35.75,90.0,1576.0,35.2,62.0,0,0,0,0,0,0,-11.099999999999966,55475.200000000004
L50393,L,27.25,36.05000000000001,90.0,1477.0,42.8,62.0,0,0,0,0,0,0,-8.800000000000011,63215.6
M18029,M,27.25,36.450000000000045,90.0,1415.0,35.5,154.0,0,0,0,0,0,0,-9.200000000000045,50232.5
L55991,L,24.05000000000001,35.35000000000002,90.0,1478.0,35.8,95.0,0,0,0,0,0,0,-11.300000000000011,52912.399999999994
M24143,M,25.05000000000001,35.75,90.0,1434.0,46.7,9.0,0,0,0,0,0,0,-10.699999999999989,66967.8
L53382,L,27.850000000000023,37.75,90.0,1559.0,37.7,113.0,0,0,0,0,0,0,-9.899999999999977,58774.3
L53479,L,28.05000000000001,37.450000000000045,90.0,1511.0,39.4,105.0,0,0,0,0,0,0,-9.400000000000034,59533.4
M18097,M,27.25,36.450000000000045,90.0,1532.0,37.6,152.0,0,0,0,0,0,0,-9.200000000000045,57603.200000000004
L51725,L,29.350000000000023,37.150000000000034,90.0,1389.0,53.6,35.0,0,0,0,0,0,0,-7.800000000000011,74450.40000000001
L48358,L,24.150000000000034,35.35000000000002,90.0,1568.0,60.4,12.0,0,0,0,0,0,0,-11.199999999999989,94707.2
L56411,L,25.05000000000001,35.950000000000045,90.0,1539.0,36.5,124.0,0,0,0,0,0,0,-10.900000000000034,56173.5
L50858,L,29.05000000000001,38.05000000000001,90.0,1567.0,48.6,0.0,0,0,0,0,0,0,-9.0,76156.2
M19179,M,28.55000000000001,36.950000000000045,90.0,1532.0,41.9,54.0,0,0,0,0,0,0,-8.400000000000034,64190.799999999996
M20030,M,31.05000000000001,40.25,90.0,1480.0,41.4,72.0,0,0,0,0,0,0,-9.199999999999989,61272.0
L47893,L,24.350000000000023,35.75,90.0,1439.0,46.6,114.0,0,0,0,0,0,0,-11.399999999999977,67057.40000000001
L54348,L,27.150000000000034,36.75,90.0,1389.0,49.7,126.0,0,0,0,0,0,0,-9.599999999999966,69033.3
L57141,L,25.05000000000001,34.75,90.0,1535.0,54.9,139.0,0,0,0,0,0,0,-9.699999999999989,84271.5
M21463,M,28.350000000000023,37.450000000000045,90.0,1436.0,48.7,105.0,0,0,0,0,0,0,-9.100000000000023,69933.2
L52190,L,30.650000000000034,39.55000000000001,90.0,1540.0,38.4,152.0,0,0,0,0,0,0,-8.899999999999977,59136.0
L56286,L,24.05000000000001,35.150000000000034,90.0,1433.0,48.6,24.0,0,0,0,0,0,0,-11.100000000000023,69643.8
L51039,L,29.450000000000045,37.950000000000045,90.0,1636.0,34.6,211.0,0,0,0,0,0,0,-8.5,56605.600000000006
M23338,M,25.150000000000034,35.650000000000034,90.0,1556.0,39.2,92.0,0,0,0,0,0,0,-10.5,60995.200000000004
M22357,M,27.150000000000034,38.150000000000034,90.0,1425.0,45.1,181.0,0,0,0,0,0,0,-11.0,64267.5
L53389,L,27.850000000000023,37.35000000000002,90.0,1597.0,42.9,78.0,0,0,0,0,0,0,-9.5,68511.3
L51725,L,29.350000000000023,37.35000000000002,90.0,1351.0,53.0,189.0,0,0,0,0,0,0,-8.0,71603.0
L49322,L,26.150000000000034,35.75,90.0,1471.0,46.6,163.0,0,0,0,0,0,0,-9.599999999999966,68548.6
L53610,L,27.150000000000034,36.950000000000045,90.0,1466.0,45.3,127.0,0,0,0,0,0,0,-9.800000000000011,66409.8
H39136,H,25.650000000000034,36.55000000000001,90.0,1298.0,59.1,133.0,0,0,0,0,0,0,-10.899999999999977,76711.8
L56256,L,24.05000000000001,34.950000000000045,90.0,1474.0,48.0,152.0,0,0,0,0,0,0,-10.900000000000034,70752.0
H33665,H,29.350000000000023,37.650000000000034,90.0,1356.0,55.5,101.0,1,0,1,0,0,0,-8.300000000000011,75258.0
L53128,L,27.55000000000001,37.650000000000034,90.0,1436.0,45.4,107.0,0,0,0,0,0,0,-10.100000000000023,65194.4
L56256,L,24.05000000000001,34.950000000000045,90.0,1562.0,36.0,152.0,0,0,0,0,0,0,-10.900000000000034,56232.0
M20974,M,27.650000000000034,37.950000000000045,90.0,1708.0,31.9,171.0,0,0,0,0,0,0,-10.300000000000011,54485.2
M23356,M,25.25,36.35000000000002,90.0,1360.0,56.4,165.0,0,0,0,0,0,0,-11.100000000000023,76704.0
L53038,L,28.150000000000034,37.85000000000002,90.0,1593.0,34.6,17.0,0,0,0,0,0,0,-9.699999999999989,55117.8
L51768,L,29.650000000000034,37.85000000000002,90.0,1564.0,35.7,82.0,0,0,0,0,0,0,-8.199999999999989,55834.8
L53843,L,28.650000000000034,37.25,90.0,1504.0,49.9,193.0,0,0,0,0,0,0,-8.599999999999966,75049.59999999999
L55257,L,27.150000000000034,38.650000000000034,90.0,1543.0,36.9,106.0,0,0,0,0,0,0,-11.5,56936.7
L51697,L,29.350000000000023,37.05000000000001,90.0,1420.0,53.6,121.0,0,0,0,0,0,0,-7.699999999999989,76112.0
M23917,M,24.150000000000034,35.25,90.0,1499.0,34.5,97.0,0,0,0,0,0,0,-11.099999999999966,51715.5
M24694,M,25.150000000000034,36.150000000000034,90.0,1632.0,32.7,0.0,0,0,0,0,0,0,-11.0,53366.4
M17586,M,26.650000000000034,36.150000000000034,90.0,1428.0,47.3,125.0,0,0,0,0,0,0,-9.5,67544.4
L50560,L,28.350000000000023,37.55000000000001,90.0,1567.0,35.6,43.0,0,0,0,0,0,0,-9.199999999999989,55785.200000000004
L51447,L,29.450000000000045,37.85000000000002,90.0,1558.0,37.7,190.0,0,0,0,0,0,0,-8.399999999999977,58736.600000000006
L51688,L,29.25,36.950000000000045,90.0,1465.0,43.8,102.0,0,0,0,0,0,0,-7.7000000000000455,64166.99999999999
L53665,L,27.450000000000045,36.650000000000034,90.0,1516.0,37.6,162.0,0,0,0,0,0,0,-9.199999999999989,57001.6
L54781,L,27.25,38.05000000000001,90.0,1351.0,62.0,7.0,0,0,0,0,0,0,-10.800000000000011,83762.0
L51809,L,29.850000000000023,38.05000000000001,90.0,1735.0,52.9,194.0,0,0,0,0,0,0,-8.199999999999989,91781.5
L48462,L,25.150000000000034,36.25,90.0,1426.0,45.7,94.0,0,0,0,0,0,0,-11.099999999999966,65168.200000000004
L49854,L,26.55000000000001,36.25,90.0,1740.0,27.1,133.0,0,0,0,0,0,0,-9.699999999999989,47154.0
H39254,H,25.150000000000034,36.05000000000001,90.0,1486.0,39.5,16.0,0,0,0,0,0,0,-10.899999999999977,58697.0
L55073,L,27.650000000000034,39.55000000000001,90.0,1365.0,44.0,112.0,0,0,0,0,0,0,-11.899999999999977,60060.0
L48485,L,25.75,36.950000000000045,90.0,1445.0,43.6,9.0,0,0,0,0,0,0,-11.200000000000045,63002.0
L52692,L,29.650000000000034,39.05000000000001,90.0,1439.0,51.9,58.0,0,0,0,0,0,0,-9.399999999999977,74684.09999999999
L56223,L,24.150000000000034,35.25,90.0,1805.0,27.7,61.0,0,0,0,0,0,0,-11.099999999999966,49998.5
L54778,L,27.450000000000045,38.55000000000001,90.0,1735.0,26.3,4.0,0,0,0,0,0,0,-11.099999999999966,45630.5
M18423,M,28.650000000000034,37.450000000000045,90.0,1465.0,35.8,94.0,0,0,0,0,0,0,-8.800000000000011,52446.99999999999
L56244,L,24.25,35.25,90.0,1519.0,37.0,197.0,0,0,0,0,0,0,-11.0,56203.0
M22410,M,27.150000000000034,38.25,90.0,1554.0,40.9,146.0,0,0,0,0,0,0,-11.099999999999966,63558.6
L47325,L,25.350000000000023,35.25,90.0,1513.0,33.6,125.0,0,0,0,0,0,0,-9.899999999999977,50836.8
L48140,L,22.650000000000034,33.35000000000002,90.0,1534.0,37.9,101.0,0,0,0,0,0,0,-10.699999999999989,58138.6
H37486,H,27.05000000000001,38.55000000000001,90.0,1607.0,33.8,104.0,0,0,0,0,0,0,-11.5,54316.6
L48329,L,24.25,34.950000000000045,90.0,1388.0,41.2,186.0,0,0,0,0,0,0,-10.700000000000045,57185.600000000006
H38593,H,24.75,35.950000000000045,90.0,1490.0,41.6,57.0,0,0,0,0,0,0,-11.200000000000045,61984.0
L48463,L,25.150000000000034,36.25,90.0,1369.0,52.9,96.0,0,0,0,0,0,0,-11.099999999999966,72420.09999999999
L54108,L,27.950000000000045,38.55000000000001,90.0,1456.0,45.9,59.0,0,0,0,0,0,0,-10.599999999999966,66830.4
L50353,L,27.150000000000034,36.450000000000045,90.0,1384.0,54.2,92.0,0,0,0,0,0,0,-9.300000000000011,75012.8
M22122,M,26.950000000000045,37.35000000000002,90.0,1725.0,28.9,10.0,0,0,0,0,0,0,-10.399999999999977,49852.5
L53157,L,27.55000000000001,37.55000000000001,90.0,1520.0,41.5,92.0,0,0,0,0,0,0,-10.0,63080.0
L54138,L,27.350000000000023,37.85000000000002,90.0,1423.0,45.9,87.0,0,0,0,0,0,0,-10.5,65315.7
M18175,M,28.350000000000023,37.450000000000045,90.0,1373.0,46.3,100.0,0,0,0,0,0,0,-9.100000000000023,63569.899999999994
M23505,M,24.450000000000045,35.450000000000045,90.0,1492.0,40.2,88.0,0,0,0,0,0,0,-11.0,59978.4
L47977,L,23.650000000000034,34.55000000000001,90.0,1525.0,40.1,0.0,0,0,0,0,0,0,-10.899999999999977,61152.5
L56257,L,24.150000000000034,34.950000000000045,90.0,1566.0,35.7,154.0,0,0,0,0,0,0,-10.800000000000011,55906.200000000004
M18580,M,29.05000000000001,38.05000000000001,90.0,1508.0,41.2,60.0,0,0,0,0,0,0,-9.0,62129.600000000006
M16627,M,25.150000000000034,34.55000000000001,90.0,1520.0,41.4,171.0,0,0,0,0,0,0,-9.399999999999977,62928.0
L56300,L,24.25,35.25,90.0,1525.0,40.0,62.0,0,0,0,0,0,0,-11.0,61000.0
M17080,M,26.350000000000023,36.05000000000001,90.0,1427.0,43.2,146.0,0,0,0,0,0,0,-9.699999999999989,61646.4
L55210,L,27.150000000000034,38.650000000000034,90.0,1360.0,46.5,162.0,0,0,0,0,0,0,-11.5,63240.0
L49082,L,24.850000000000023,34.450000000000045,90.0,1435.0,48.1,169.0,0,0,0,0,0,0,-9.600000000000023,69023.5
L50335,L,26.950000000000045,36.55000000000001,90.0,1634.0,34.0,129.0,0,0,0,0,0,0,-9.599999999999966,55556.0
L55211,L,27.55000000000001,38.85000000000002,90.0,1550.0,49.9,5.0,0,0,0,0,0,0,-11.300000000000011,77345.0
L51947,L,30.450000000000045,38.75,90.0,1508.0,33.5,191.0,0,0,0,0,0,0,-8.299999999999955,50518.0
M22598,M,27.350000000000023,38.85000000000002,90.0,1263.0,60.8,64.0,0,0,0,0,0,0,-11.5,76790.4
L55197,L,27.75,38.85000000000002,90.0,1518.0,39.3,196.0,0,0,0,0,0,0,-11.100000000000023,59657.399999999994
M16737,M,25.05000000000001,34.55000000000001,90.0,1537.0,37.8,100.0,0,0,0,0,0,0,-9.5,58098.6
L49451,L,26.05000000000001,35.35000000000002,90.0,1620.0,31.0,69.0,0,0,0,0,0,0,-9.300000000000011,50220.0
L48684,L,24.850000000000023,35.55000000000001,90.0,1429.0,47.0,23.0,0,0,0,0,0,0,-10.699999999999989,67163.0
M19283,M,29.450000000000045,37.05000000000001,90.0,1563.0,36.1,97.0,0,0,0,0,0,0,-7.599999999999966,56424.3
L51441,L,29.55000000000001,37.950000000000045,90.0,1454.0,51.0,135.0,0,0,0,0,0,0,-8.400000000000034,74154.0
M21748,M,27.75,38.25,90.0,1398.0,45.3,118.0,0,0,0,0,0,0,-10.5,63329.399999999994
M23806,M,24.150000000000034,35.05000000000001,90.0,1422.0,49.2,41.0,0,0,0,0,0,0,-10.899999999999977,69962.40000000001
H37133,H,27.350000000000023,38.75,90.0,1450.0,45.5,35.0,0,0,0,0,0,0,-11.399999999999977,65975.0
L55375,L,26.650000000000034,37.650000000000034,90.0,1553.0,38.8,193.0,0,0,0,0,0,0,-11.0,60256.399999999994
L48082,L,22.450000000000045,32.950000000000045,90.0,1359.0,48.7,147.0,0,0,0,0,0,0,-10.5,66183.3
L49794,L,26.25,35.950000000000045,90.0,1451.0,40.2,62.0,0,0,0,0,0,0,-9.700000000000045,58330.200000000004
M18249,M,29.150000000000034,37.650000000000034,90.0,1550.0,40.7,26.0,0,0,0,0,0,0,-8.5,63085.00000000001
L53383,L,27.850000000000023,37.75,90.0,1716.0,29.9,47.0,0,0,0,0,0,0,-9.899999999999977,51308.399999999994
L47656,L,24.25,35.85000000000002,90.0,1620.0,37.9,154.0,0,0,0,0,0,0,-11.600000000000023,61398.0
L48395,L,23.650000000000034,34.75,90.0,1431.0,43.0,118.0,0,0,0,0,0,0,-11.099999999999966,61533.0
L56367,L,24.75,35.85000000000002,90.0,1402.0,47.3,28.0,0,0,0,0,0,0,-11.100000000000023,66314.59999999999
L53270,L,27.75,37.650000000000034,90.0,1554.0,34.1,12.0,0,0,0,0,0,0,-9.900000000000034,52991.4
L47195,L,25.450000000000045,36.05000000000001,90.0,1546.0,48.4,48.0,0,0,0,0,0,0,-10.599999999999966,74826.4
L54825,L,27.25,38.25,90.0,1543.0,38.5,129.0,0,0,0,0,0,0,-11.0,59405.5
M23210,M,25.55000000000001,36.450000000000045,90.0,1348.0,54.6,17.0,0,0,0,0,0,0,-10.900000000000034,73600.8
L47543,L,24.450000000000045,35.150000000000034,90.0,1558.0,47.8,84.0,0,0,0,0,0,0,-10.699999999999989,74472.4
M15123,M,24.850000000000023,34.950000000000045,90.0,1587.0,37.7,9.0,0,0,0,0,0,0,-10.100000000000023,59829.9
L55181,L,27.950000000000045,39.150000000000034,90.0,1694.0,28.3,146.0,0,0,0,0,0,0,-11.199999999999989,47940.200000000004
L53142,L,27.350000000000023,37.650000000000034,90.0,1728.0,26.3,0.0,0,0,0,0,0,0,-10.300000000000011,45446.4
M18594,M,29.05000000000001,37.950000000000045,90.0,1434.0,50.1,119.0,0,0,0,0,0,0,-8.900000000000034,71843.40000000001
L50534,L,28.25,37.55000000000001,90.0,1462.0,40.2,0.0,0,0,0,0,0,0,-9.300000000000011,58772.4
L53235,L,27.55000000000001,37.650000000000034,90.0,1662.0,30.0,147.0,0,0,0,0,0,0,-10.100000000000023,49860.0
L55403,L,25.950000000000045,37.450000000000045,90.0,1525.0,38.4,47.0,0,0,0,0,0,0,-11.5,58560.0
M24842,M,25.55000000000001,35.25,90.0,1578.0,45.7,192.0,0,0,0,0,0,0,-9.699999999999989,72114.6
L53632,L,27.25,36.950000000000045,90.0,1355.0,51.9,71.0,0,0,0,0,0,0,-9.700000000000045,70324.5
L48520,L,25.55000000000001,37.05000000000001,90.0,1332.0,51.6,10.0,0,0,0,0,0,0,-11.5,68731.2
L48318,L,23.75,34.650000000000034,90.0,1557.0,37.7,142.0,0,0,0,0,0,0,-10.900000000000034,58698.9
L53778,L,28.350000000000023,37.55000000000001,90.0,1481.0,51.1,21.0,0,0,0,0,0,0,-9.199999999999989,75679.1
L55256,L,27.150000000000034,38.650000000000034,90.0,1556.0,37.4,197.0,0,0,0,0,0,0,-11.5,58194.399999999994
M20297,M,29.75,39.35000000000002,90.0,1379.0,46.9,79.0,0,0,0,0,0,0,-9.600000000000023,64675.1
L57036,L,25.350000000000023,36.35000000000002,90.0,1450.0,44.2,92.0,0,0,0,0,0,0,-11.0,64090.00000000001
L55550,L,25.650000000000034,36.650000000000034,90.0,1495.0,33.6,27.0,0,0,0,0,0,0,-11.0,50232.0
L48257,L,23.650000000000034,34.450000000000045,90.0,1474.0,39.4,179.0,0,0,0,0,0,0,-10.800000000000011,58075.6
L49777,L,25.850000000000023,35.55000000000001,90.0,1593.0,38.9,33.0,0,0,0,0,0,0,-9.699999999999989,61967.7
H37179,H,27.05000000000001,38.450000000000045,90.0,1368.0,47.3,175.0,0,0,0,0,0,0,-11.400000000000034,64706.399999999994
M22133,M,26.950000000000045,37.150000000000034,90.0,1704.0,29.2,38.0,0,0,0,0,0,0,-10.199999999999989,49756.799999999996
L49699,L,25.75,35.25,90.0,1597.0,32.6,13.0,0,0,0,0,0,0,-9.5,52062.200000000004
M16392,M,24.950000000000045,35.75,90.0,1459.0,39.2,65.0,0,0,0,0,0,0,-10.799999999999955,57192.8
M18508,M,29.05000000000001,38.25,90.0,1440.0,45.9,95.0,0,0,0,0,0,0,-9.199999999999989,66096.0
M22922,M,27.150000000000034,38.450000000000045,90.0,1648.0,27.8,76.0,0,0,0,0,0,0,-11.300000000000011,45814.4
M18912,M,28.75,37.650000000000034,90.0,1563.0,39.2,23.0,0,0,0,0,0,0,-8.900000000000034,61269.600000000006
L48286,L,23.450000000000045,34.450000000000045,90.0,1563.0,38.6,0.0,0,0,0,0,0,0,-11.0,60331.8
L48901,L,25.150000000000034,34.55000000000001,90.0,1633.0,31.6,176.0,0,0,0,0,0,0,-9.399999999999977,51602.8
L49191,L,25.450000000000045,35.25,90.0,1379.0,46.4,34.0,0,0,0,0,0,0,-9.799999999999955,63985.6
L47203,L,25.850000000000023,36.25,90.0,1567.0,25.7,51.0,0,0,0,0,0,0,-10.399999999999977,40271.9
L49352,L,26.450000000000045,36.05000000000001,90.0,1521.0,40.6,199.0,0,0,0,0,0,0,-9.599999999999966,61752.6
L55882,L,24.05000000000001,35.35000000000002,90.0,1635.0,32.3,127.0,0,0,0,0,0,0,-11.300000000000011,52810.49999999999
L56774,L,25.950000000000045,37.150000000000034,90.0,1442.0,44.8,43.0,0,0,0,0,0,0,-11.199999999999989,64601.6
H33269,H,29.25,37.950000000000045,90.0,1578.0,32.3,74.0,0,0,0,0,0,0,-8.700000000000045,50969.399999999994
M17016,M,26.150000000000034,35.75,90.0,1579.0,34.8,176.0,0,0,0,0,0,0,-9.599999999999966,54949.2
H36466,H,27.55000000000001,37.450000000000045,90.0,1628.0,30.0,179.0,0,0,0,0,0,0,-9.900000000000034,48840.0
L54349,L,27.150000000000034,36.85000000000002,90.0,1382.0,46.2,2.0,0,0,0,0,0,0,-9.699999999999989,63848.4
L49085,L,24.75,34.450000000000045,90.0,1439.0,43.5,176.0,0,0,0,0,0,0,-9.700000000000045,62596.5
L56300,L,24.25,35.25,90.0,1397.0,38.7,100.0,0,0,0,0,0,0,-11.0,54063.9
L48894,L,25.05000000000001,34.650000000000034,90.0,1375.0,48.8,76.0,0,0,0,0,0,0,-9.600000000000023,67100.0
M21465,M,28.150000000000034,37.450000000000045,90.0,1457.0,45.9,104.0,0,0,0,0,0,0,-9.300000000000011,66876.3
H36395,H,27.650000000000034,38.05000000000001,90.0,1612.0,32.5,76.0,0,0,0,0,0,0,-10.399999999999977,52390.0
L49252,L,26.450000000000045,36.35000000000002,90.0,1570.0,35.5,189.0,0,0,0,0,0,0,-9.899999999999977,55735.0
H29607,H,25.05000000000001,35.25,90.0,1368.0,49.9,73.0,0,0,0,0,0,0,-10.199999999999989,68263.2
M18055,M,26.850000000000023,35.950000000000045,90.0,1470.0,43.4,148.0,0,0,0,0,0,0,-9.100000000000023,63798.0
L53140,L,27.350000000000023,37.55000000000001,90.0,1605.0,31.1,121.0,0,0,0,0,0,0,-10.199999999999989,49915.5
H35550,H,27.75,37.650000000000034,90.0,1390.0,43.7,131.0,0,0,0,0,0,0,-9.900000000000034,60743.00000000001
M23504,M,24.450000000000045,35.35000000000002,90.0,1483.0,46.7,50.0,0,0,0,0,0,0,-10.899999999999977,69256.1
M24340,M,25.75,36.450000000000045,90.0,1434.0,36.5,180.0,0,0,0,0,0,0,-10.700000000000045,52341.0
L50848,L,29.150000000000034,38.35000000000002,90.0,1487.0,36.7,156.0,0,0,0,0,0,0,-9.199999999999989,54572.9
L55797,L,24.450000000000045,35.450000000000045,90.0,1462.0,46.6,12.0,0,0,0,0,0,0,-11.0,68129.2
M18030,M,27.25,36.55000000000001,90.0,1685.0,32.3,204.0,0,0,0,0,0,0,-9.300000000000011,54425.49999999999
H36266,H,27.950000000000045,38.05000000000001,90.0,1463.0,47.1,19.0,0,0,0,0,0,0,-10.099999999999966,68907.3
L54080,L,27.650000000000034,38.55000000000001,90.0,1612.0,36.6,150.0,0,0,0,0,0,0,-10.899999999999977,58999.200000000004
L54725,L,27.05000000000001,38.25,90.0,1510.0,38.7,86.0,0,0,0,0,0,0,-11.199999999999989,58437.00000000001
L51852,L,30.150000000000034,38.25,90.0,1511.0,35.5,69.0,0,0,0,0,0,0,-8.099999999999966,53640.5
L47781,L,24.55000000000001,36.55000000000001,90.0,1363.0,46.9,27.0,0,0,0,0,0,0,-12.0,63924.7
L56384,L,24.75,35.650000000000034,90.0,1596.0,31.8,68.0,0,0,0,0,0,0,-10.900000000000034,50752.8
L49197,L,25.55000000000001,35.25,90.0,1483.0,42.5,46.0,0,0,0,0,0,0,-9.699999999999989,63027.5
L56816,L,25.950000000000045,36.950000000000045,90.0,1609.0,33.7,162.0,0,0,0,0,0,0,-11.0,54223.3
L54195,L,27.650000000000034,37.35000000000002,90.0,1472.0,42.9,29.0,0,0,0,0,0,0,-9.699999999999989,63148.799999999996
L56746,L,26.650000000000034,37.950000000000045,90.0,1550.0,38.1,64.0,0,0,0,0,0,0,-11.300000000000011,59055.0
M22876,M,27.75,38.85000000000002,90.0,1664.0,30.7,193.0,0,0,0,0,0,0,-11.100000000000023,51084.799999999996
L50314,L,27.25,36.75,90.0,1734.0,26.5,98.0,0,0,0,0,0,0,-9.5,45951.0
M19416,M,29.55000000000001,37.450000000000045,90.0,1349.0,47.2,7.0,0,0,0,0,0,0,-7.900000000000034,63672.8
M23700,M,24.150000000000034,35.75,90.0,1542.0,37.0,184.0,0,0,0,0,0,0,-11.599999999999966,57054.0
L48612,L,25.75,36.75,90.0,1513.0,42.4,24.0,0,0,0,0,0,0,-11.0,64151.2
M22146,M,26.850000000000023,37.25,90.0,1645.0,32.9,77.0,0,0,0,0,0,0,-10.399999999999977,54120.5
L50338,L,27.150000000000034,36.55000000000001,90.0,1667.0,30.0,168.0,0,0,0,0,0,0,-9.399999999999977,50010.0
L54200,L,27.55000000000001,37.650000000000034,90.0,1460.0,53.8,41.0,0,0,0,0,0,0,-10.100000000000023,78548.0
M23101,M,25.75,37.05000000000001,90.0,1569.0,31.2,38.0,0,0,0,0,0,0,-11.300000000000011,48952.799999999996
L47285,L,25.650000000000034,35.55000000000001,90.0,1445.0,44.5,98.0,0,0,0,0,0,0,-9.899999999999977,64302.5
L55635,L,25.25,36.25,90.0,1582.0,37.2,38.0,0,0,0,0,0,0,-11.0,58850.4
L47988,L,23.75,34.55000000000001,90.0,1474.0,44.5,120.0,0,0,0,0,0,0,-10.800000000000011,65593.0
L49852,L,26.55000000000001,36.25,90.0,1445.0,42.6,0.0,0,0,0,0,0,0,-9.699999999999989,61557.0
L49695,L,25.650000000000034,35.35000000000002,90.0,1650.0,35.0,29.0,0,0,0,0,0,0,-9.699999999999989,57750.0
L56962,L,25.75,36.75,90.0,1403.0,45.5,57.0,0,0,0,0,0,0,-11.0,63836.5
L56307,L,24.25,35.35000000000002,90.0,1450.0,47.5,76.0,0,0,0,0,0,0,-11.100000000000023,68875.0
M23913,M,24.25,35.35000000000002,90.0,1458.0,43.1,90.0,0,0,0,0,0,0,-11.100000000000023,62839.8
L53076,L,27.950000000000045,37.650000000000034,90.0,1645.0,30.6,169.0,0,0,0,0,0,0,-9.699999999999989,50337.0
L52297,L,30.950000000000045,40.35000000000002,90.0,1611.0,34.0,144.0,0,0,0,0,0,0,-9.399999999999977,54774.0
L56014,L,24.25,35.650000000000034,90.0,1473.0,43.1,108.0,0,0,0,0,0,0,-11.400000000000034,63486.3
M21766,M,27.850000000000023,38.35000000000002,90.0,1550.0,43.9,165.0,0,0,0,0,0,0,-10.5,68045.0
L56372,L,24.75,35.85000000000002,90.0,1548.0,38.3,35.0,0,0,0,0,0,0,-11.100000000000023,59288.399999999994
M20351,M,29.55000000000001,38.950000000000045,90.0,1546.0,37.8,36.0,0,0,0,0,0,0,-9.400000000000034,58438.799999999996
M23194,M,25.55000000000001,36.55000000000001,90.0,1359.0,55.3,141.0,0,0,0,0,0,0,-11.0,75152.7
M21630,M,28.150000000000034,37.650000000000034,90.0,1529.0,41.7,165.0,0,0,0,0,0,0,-9.5,63759.3
L50823,L,29.150000000000034,38.450000000000045,90.0,1684.0,34.8,79.0,0,0,0,0,0,0,-9.300000000000011,58603.2
L56763,L,26.25,37.55000000000001,90.0,1444.0,44.5,12.0,0,0,0,0,0,0,-11.300000000000011,64258.0
L53468,L,27.850000000000023,37.35000000000002,90.0,1643.0,32.3,176.0,0,0,0,0,0,0,-9.5,53068.899999999994
H31090,H,24.75,34.450000000000045,90.0,1418.0,53.6,16.0,0,0,0,0,0,0,-9.700000000000045,76004.8
M16594,M,24.850000000000023,34.85000000000002,90.0,1724.0,27.5,170.0,0,0,0,0,0,0,-10.0,47410.0
L54095,L,27.850000000000023,38.25,90.0,1574.0,35.9,188.0,0,0,0,0,0,0,-10.399999999999977,56506.6
L54342,L,27.05000000000001,37.05000000000001,90.0,1400.0,43.9,39.0,0,0,0,0,0,0,-10.0,61460.0
L53547,L,26.950000000000045,36.450000000000045,90.0,1421.0,46.0,98.0,0,0,0,0,0,0,-9.5,65366.0
L51652,L,29.55000000000001,37.450000000000045,90.0,1445.0,41.9,4.0,0,0,0,0,0,0,-7.900000000000034,60545.5
M22971,M,27.25,38.75,90.0,1445.0,46.4,179.0,0,0,0,0,0,0,-11.5,67048.0
M15994,M,23.75,34.75,90.0,1444.0,37.3,191.0,0,0,0,0,0,0,-11.0,53861.2
M21610,M,28.55000000000001,37.950000000000045,90.0,1505.0,42.0,187.0,0,0,0,0,0,0,-9.400000000000034,63210.0
L50551,L,28.25,37.150000000000034,90.0,1431.0,47.2,19.0,0,0,0,0,0,0,-8.900000000000034,67543.2
L47905,L,24.25,35.650000000000034,90.0,1544.0,41.2,142.0,0,0,0,0,0,0,-11.400000000000034,63612.8
L57036,L,25.450000000000045,36.25,90.0,1568.0,37.2,63.0,0,0,0,0,0,0,-10.799999999999955,58329.600000000006
L50359,L,26.950000000000045,36.150000000000034,90.0,1732.0,30.5,189.0,0,0,0,0,0,0,-9.199999999999989,52826.0
L56212,L,24.25,35.25,90.0,1723.0,38.2,0.0,0,0,0,0,0,0,-11.0,65818.6
M20910,M,27.75,37.950000000000045,90.0,1546.0,37.7,76.0,0,0,0,0,0,0,-10.200000000000045,58284.200000000004
L54256,L,27.55000000000001,37.35000000000002,90.0,1498.0,21.0,194.0,0,0,0,0,0,0,-9.800000000000011,31458.0
L49577,L,25.950000000000045,35.450000000000045,90.0,1539.0,38.8,156.0,0,0,0,0,0,0,-9.5,59713.2
L50947,L,29.150000000000034,38.55000000000001,90.0,1630.0,35.6,183.0,0,0,0,0,0,0,-9.399999999999977,58028.0
L47470,L,24.950000000000045,35.150000000000034,90.0,1650.0,33.4,7.0,0,0,0,0,0,0,-10.199999999999989,55110.0
L53854,L,28.350000000000023,37.55000000000001,90.0,1618.0,52.9,160.0,0,0,0,0,0,0,-9.199999999999989,85592.2
L47257,L,25.650000000000034,35.75,90.0,1370.0,52.5,100.0,0,0,0,0,0,0,-10.099999999999966,71925.0
L52808,L,29.55000000000001,39.25,90.0,1597.0,36.5,146.0,0,0,0,0,0,0,-9.699999999999989,58290.5
M23722,M,24.850000000000023,35.950000000000045,90.0,1639.0,32.5,27.0,0,0,0,0,0,0,-11.100000000000023,53267.5
L53670,L,27.55000000000001,36.75,90.0,1383.0,44.5,137.0,0,0,0,0,0,0,-9.199999999999989,61543.5
L49903,L,26.55000000000001,36.25,90.0,1730.0,27.8,117.0,0,0,0,0,0,0,-9.699999999999989,48094.0
L56761,L,26.25,37.450000000000045,90.0,1408.0,42.6,10.0,0,0,0,0,0,0,-11.200000000000045,59980.8
M19072,M,28.850000000000023,37.450000000000045,90.0,1330.0,49.2,10.0,0,0,0,0,0,0,-8.600000000000023,65436.00000000001
L49209,L,25.55000000000001,35.35000000000002,90.0,1549.0,38.5,87.0,0,0,0,0,0,0,-9.800000000000011,59636.5
M24676,M,25.450000000000045,36.35000000000002,90.0,1515.0,40.6,127.0,0,0,0,0,0,0,-10.899999999999977,61509.0
H39043,H,25.950000000000045,36.950000000000045,90.0,1436.0,19.7,192.0,0,0,0,0,0,0,-11.0,28289.2
L55130,L,27.650000000000034,38.650000000000034,90.0,1516.0,41.4,13.0,0,0,0,0,0,0,-11.0,62762.4
M22526,M,27.450000000000045,38.55000000000001,90.0,1529.0,50.8,182.0,0,0,0,0,0,0,-11.099999999999966,77673.2
L50190,L,27.150000000000034,36.450000000000045,90.0,1657.0,37.1,76.0,0,0,0,0,0,0,-9.300000000000011,61474.700000000004
L53153,L,27.55000000000001,37.650000000000034,90.0,1432.0,41.4,157.0,0,0,0,0,0,0,-10.100000000000023,59284.799999999996
L56672,L,25.75,36.950000000000045,90.0,1609.0,36.6,215.0,0,0,0,0,0,0,-11.200000000000045,58889.4
L55110,L,27.450000000000045,38.450000000000045,90.0,1497.0,43.9,206.0,0,0,0,0,0,0,-11.0,65718.3
L48858,L,24.75,34.25,90.0,1367.0,43.9,5.0,0,0,0,0,0,0,-9.5,60011.299999999996
L54753,L,27.150000000000034,37.950000000000045,90.0,1589.0,37.6,160.0,0,0,0,0,0,0,-10.800000000000011,59746.4
L49420,L,26.150000000000034,35.450000000000045,90.0,1415.0,41.2,195.0,0,0,0,0,0,0,-9.300000000000011,58298.00000000001
L55320,L,26.350000000000023,37.650000000000034,90.0,1427.0,50.0,173.0,0,0,0,0,0,0,-11.300000000000011,71350.0
L54091,L,27.650000000000034,37.950000000000045,90.0,1627.0,41.1,176.0,0,0,0,0,0,0,-10.300000000000011,66869.7
M15079,M,24.950000000000045,35.25,90.0,1389.0,46.6,148.0,0,0,0,0,0,0,-10.299999999999955,64727.4
M18782,M,29.450000000000045,38.25,90.0,1518.0,40.5,151.0,0,0,0,0,0,0,-8.799999999999955,61479.0
L50995,L,29.05000000000001,37.75,90.0,1353.0,53.2,91.0,0,0,0,0,0,0,-8.699999999999989,71979.6
M18485,M,29.05000000000001,38.25,90.0,1467.0,47.0,150.0,0,0,0,0,0,0,-9.199999999999989,68949.0
L53446,L,27.650000000000034,37.25,90.0,1782.0,27.9,26.0,0,0,0,0,0,0,-9.599999999999966,49717.799999999996
M24088,M,24.950000000000045,36.05000000000001,90.0,1572.0,37.5,9.0,0,0,0,0,0,0,-11.099999999999966,58950.0
M23294,M,25.55000000000001,36.85000000000002,90.0,1654.0,29.1,195.0,0,0,0,0,0,0,-11.300000000000011,48131.4
H30653,H,24.05000000000001,35.35000000000002,90.0,1482.0,39.3,171.0,0,0,0,0,0,0,-11.300000000000011,58242.6
L53372,L,27.850000000000023,37.75,90.0,1428.0,45.8,47.0,0,0,0,0,0,0,-9.899999999999977,65402.399999999994
L55475,L,25.75,37.25,90.0,1555.0,41.3,41.0,0,0,0,0,0,0,-11.5,64221.49999999999
L56948,L,25.450000000000045,36.450000000000045,90.0,1611.0,34.5,23.0,0,0,0,0,0,0,-11.0,55579.5
L56719,L,25.850000000000023,37.25,90.0,1693.0,28.8,111.0,0,0,0,0,0,0,-11.399999999999977,48758.4
M23357,M,25.150000000000034,36.150000000000034,90.0,1533.0,40.9,135.0,0,0,0,0,0,0,-11.0,62699.7
L52887,L,29.150000000000034,38.55000000000001,90.0,1556.0,36.8,137.0,0,0,0,0,0,0,-9.399999999999977,57260.799999999996
L54365,L,27.150000000000034,37.25,90.0,1486.0,38.6,198.0,0,0,0,0,0,0,-10.099999999999966,57359.6
L55780,L,24.350000000000023,35.55000000000001,90.0,1574.0,33.3,114.0,0,0,0,0,0,0,-11.199999999999989,52414.2
L54658,L,26.950000000000045,38.25,90.0,1331.0,60.6,133.0,0,0,0,0,0,0,-11.299999999999955,80658.6
L53815,L,28.350000000000023,37.25,90.0,1371.0,45.2,119.0,0,0,0,0,0,0,-8.899999999999977,61969.200000000004
L52252,L,30.950000000000045,39.85000000000002,90.0,1408.0,45.3,5.0,0,0,0,0,0,0,-8.899999999999977,63782.399999999994
L49689,L,25.850000000000023,35.75,90.0,1511.0,46.2,16.0,0,0,0,0,0,0,-9.899999999999977,69808.2
M18537,M,29.150000000000034,38.55000000000001,90.0,1430.0,49.6,165.0,0,0,0,0,0,0,-9.399999999999977,70928.0
M16844,M,24.850000000000023,34.35000000000002,90.0,1387.0,45.6,127.0,0,0,0,0,0,0,-9.5,63247.200000000004
L55232,L,27.25,38.75,90.0,1403.0,47.2,54.0,0,0,0,0,0,0,-11.5,66221.6
M15016,M,23.950000000000045,34.75,90.0,1330.0,49.8,186.0,0,0,0,0,0,0,-10.799999999999955,66234.0
L54349,L,27.150000000000034,37.05000000000001,90.0,1376.0,52.1,2.0,0,0,0,0,0,0,-9.899999999999977,71689.6
H37799,H,25.650000000000034,36.55000000000001,90.0,1563.0,42.4,192.0,0,0,0,0,0,0,-10.899999999999977,66271.2
L49624,L,26.150000000000034,35.450000000000045,90.0,1402.0,50.1,78.0,0,0,0,0,0,0,-9.300000000000011,70240.2
H32205,H,27.25,36.35000000000002,90.0,1665.0,32.3,68.0,0,0,0,0,0,0,-9.100000000000023,53779.49999999999
M23009,M,26.450000000000045,37.650000000000034,90.0,1479.0,50.4,98.0,0,0,0,0,0,0,-11.199999999999989,74541.59999999999
L50408,L,27.350000000000023,36.25,90.0,1547.0,44.1,94.0,0,0,0,0,0,0,-8.899999999999977,68222.7
L55275,L,27.150000000000034,38.55000000000001,90.0,1478.0,41.3,167.0,0,0,0,0,0,0,-11.399999999999977,61041.399999999994
L54206,L,27.55000000000001,37.450000000000045,90.0,1471.0,39.6,106.0,0,0,0,0,0,0,-9.900000000000034,58251.6
L48894,L,25.05000000000001,34.650000000000034,90.0,1388.0,34.5,76.0,0,0,0,0,0,0,-9.600000000000023,47886.0
L49079,L,24.650000000000034,34.35000000000002,90.0,1492.0,40.0,159.0,0,0,0,0,0,0,-9.699999999999989,59680.0
M24475,M,25.850000000000023,36.85000000000002,90.0,1564.0,39.9,97.0,0,0,0,0,0,0,-11.0,62403.6
M24337,M,25.650000000000034,36.450000000000045,90.0,1365.0,53.4,170.0,0,0,0,0,0,0,-10.800000000000011,72891.0
M15873,M,23.05000000000001,34.05000000000001,90.0,1413.0,40.6,59.0,0,0,0,0,0,0,-11.0,57367.8
L50285,L,26.650000000000034,35.950000000000045,90.0,1774.0,26.2,205.0,0,0,0,0,0,0,-9.300000000000011,46478.799999999996
L53960,L,28.150000000000034,37.75,90.0,1467.0,40.7,5.0,0,0,0,0,0,0,-9.599999999999966,59706.9
L53140,L,27.350000000000023,37.55000000000001,90.0,1339.0,52.5,121.0,0,0,0,0,0,0,-10.199999999999989,70297.5
L55134,L,27.850000000000023,38.75,90.0,1547.0,41.9,33.0,0,0,0,0,0,0,-10.899999999999977,64819.299999999996
L55779,L,24.450000000000045,35.25,90.0,1460.0,40.3,94.0,0,0,0,0,0,0,-10.799999999999955,58837.99999999999
L53764,L,28.350000000000023,37.450000000000045,90.0,1578.0,31.6,203.0,0,0,0,0,0,0,-9.100000000000023,49864.8
M24776,M,25.350000000000023,35.650000000000034,90.0,1480.0,42.0,18.0,0,0,0,0,0,0,-10.300000000000011,62160.0
L49134,L,24.650000000000034,34.650000000000034,90.0,1426.0,47.9,13.0,0,0,0,0,0,0,-10.0,68305.4
L47262,L,25.75,35.75,90.0,1448.0,43.9,11.0,0,0,0,0,0,0,-10.0,63567.2
L52566,L,29.55000000000001,38.950000000000045,90.0,1449.0,50.0,214.0,0,0,0,0,0,0,-9.400000000000034,72450.0
M23895,M,24.150000000000034,35.05000000000001,90.0,1731.0,27.7,45.0,0,0,0,0,0,0,-10.899999999999977,47948.7
L55232,L,27.05000000000001,38.35000000000002,90.0,1421.0,44.5,56.0,0,0,0,0,0,0,-11.300000000000011,63234.5
M15766,M,22.450000000000045,32.950000000000045,90.0,1450.0,43.3,68.0,0,0,0,0,0,0,-10.5,62784.99999999999
L52983,L,28.350000000000023,37.75,90.0,1588.0,35.3,170.0,0,0,0,0,0,0,-9.399999999999977,56056.399999999994
L50579,L,28.25,37.450000000000045,90.0,1403.0,39.4,94.0,0,0,0,0,0,0,-9.200000000000045,55278.2
M15011,M,25.150000000000034,34.950000000000045,90.0,1463.0,40.6,23.0,0,0,0,0,0,0,-9.800000000000011,59397.8
L50607,L,28.450000000000045,37.450000000000045,90.0,1562.0,34.4,127.0,0,0,0,0,0,0,-9.0,53732.799999999996
L52041,L,30.350000000000023,39.150000000000034,90.0,1427.0,45.7,105.0,0,0,0,0,0,0,-8.800000000000011,65213.9
L54921,L,27.350000000000023,38.85000000000002,90.0,1378.0,54.5,153.0,0,0,0,0,0,0,-11.5,75101.0
M23647,M,24.350000000000023,35.35000000000002,90.0,1573.0,34.8,94.0,0,0,0,0,0,0,-11.0,54740.399999999994
L55679,L,25.150000000000034,36.25,90.0,1655.0,30.2,146.0,0,0,0,0,0,0,-11.099999999999966,49981.0
L56984,L,25.25,35.950000000000045,90.0,1467.0,42.5,192.0,0,0,0,0,0,0,-10.700000000000045,62347.5
L55952,L,24.350000000000023,35.450000000000045,90.0,1664.0,28.9,155.0,0,0,0,0,0,0,-11.100000000000023,48089.6
M23979,M,24.25,35.25,90.0,1575.0,42.8,59.0,0,0,0,0,0,0,-11.0,67410.0
L56528,L,25.05000000000001,35.55000000000001,90.0,1362.0,49.1,26.0,0,0,0,0,0,0,-10.5,66874.2
L55320,L,26.450000000000045,37.75,90.0,1472.0,28.0,76.0,0,0,0,0,0,0,-11.299999999999955,41216.0
H33240,H,29.05000000000001,37.75,90.0,1623.0,31.3,119.0,0,0,0,0,0,0,-8.699999999999989,50799.9
L47887,L,23.75,34.650000000000034,90.0,1547.0,33.5,120.0,0,0,0,0,0,0,-10.900000000000034,51824.5
L55476,L,24.25,34.75,90.0,1463.0,45.5,165.0,0,0,0,0,0,0,-10.5,66566.5
M18133,M,28.150000000000034,36.950000000000045,90.0,1565.0,32.1,137.0,0,0,0,0,0,0,-8.800000000000011,50236.5
L48544,L,25.55000000000001,37.25,90.0,1653.0,28.3,74.0,0,0,0,0,0,0,-11.699999999999989,46779.9
L47647,L,24.05000000000001,35.35000000000002,90.0,1445.0,42.0,181.0,0,0,0,0,0,0,-11.300000000000011,60690.0
L52162,L,30.650000000000034,39.950000000000045,90.0,1573.0,33.3,209.0,0,0,0,0,0,0,-9.300000000000011,52380.899999999994
L54139,L,27.25,36.55000000000001,90.0,1559.0,34.6,141.0,0,0,0,0,0,0,-9.300000000000011,53941.4
L49264,L,26.55000000000001,36.150000000000034,90.0,1329.0,57.9,94.0,0,0,0,0,0,0,-9.600000000000023,76949.09999999999
L56291,L,24.150000000000034,35.55000000000001,90.0,1517.0,39.7,7.0,0,0,0,0,0,0,-11.399999999999977,60224.9
L48646,L,25.55000000000001,36.650000000000034,90.0,1365.0,24.7,111.0,0,0,0,0,0,0,-11.100000000000023,33715.5
L54536,L,26.450000000000045,36.950000000000045,90.0,1487.0,41.4,0.0,0,0,0,0,0,0,-10.5,61561.799999999996
M16405,M,25.25,35.25,90.0,1534.0,37.9,0.0,0,0,0,0,0,0,-10.0,58138.6
M23042,M,26.55000000000001,37.950000000000045,90.0,1649.0,35.7,110.0,0,0,0,0,0,0,-11.400000000000034,58869.3
M20861,M,27.25,37.05000000000001,90.0,1642.0,28.1,5.0,0,0,0,0,0,0,-9.800000000000011,46140.200000000004
L50342,L,27.350000000000023,36.650000000000034,90.0,1480.0,40.0,148.0,0,0,0,0,0,0,-9.300000000000011,59200.0
M16484,M,24.450000000000045,34.75,90.0,1472.0,49.8,63.0,0,0,0,0,0,0,-10.299999999999955,73305.59999999999
H32279,H,27.350000000000023,36.25,90.0,1471.0,40.7,91.0,0,0,0,0,0,0,-8.899999999999977,59869.700000000004
L49748,L,26.450000000000045,36.05000000000001,90.0,1627.0,33.3,98.0,0,0,0,0,0,0,-9.599999999999966,54179.1
L51601,L,29.450000000000045,37.05000000000001,90.0,1351.0,52.1,94.0,0,0,0,0,0,0,-7.599999999999966,70387.1
L56275,L,24.150000000000034,34.950000000000045,90.0,1642.0,32.2,202.0,0,0,0,0,0,0,-10.800000000000011,52872.4
L49383,L,26.450000000000045,35.950000000000045,90.0,1596.0,36.2,2.0,0,0,0,0,0,0,-9.5,57775.200000000004
L54955,L,27.05000000000001,38.450000000000045,90.0,1488.0,41.0,78.0,0,0,0,0,0,0,-11.400000000000034,61008.0
L54845,L,27.25,38.55000000000001,90.0,1427.0,43.5,155.0,0,0,0,0,0,0,-11.300000000000011,62074.5
L55679,L,25.25,36.450000000000045,90.0,1693.0,28.3,104.0,0,0,0,0,0,0,-11.200000000000045,47911.9
M22532,M,27.650000000000034,38.55000000000001,90.0,1495.0,36.2,203.0,0,0,0,0,0,0,-10.899999999999977,54119.00000000001
M23200,M,25.650000000000034,36.75,90.0,1452.0,48.1,92.0,0,0,0,0,0,0,-11.099999999999966,69841.2
L48420,L,24.150000000000034,35.150000000000034,90.0,1439.0,47.6,181.0,0,0,0,0,0,0,-11.0,68496.40000000001
L54469,L,27.25,37.450000000000045,90.0,1433.0,53.8,166.0,0,0,0,0,0,0,-10.200000000000045,77095.4
L50511,L,28.25,37.55000000000001,90.0,1607.0,33.5,119.0,0,0,0,0,0,0,-9.300000000000011,53834.5
L53528,L,27.05000000000001,36.650000000000034,90.0,1557.0,38.3,9.0,0,0,0,0,0,0,-9.600000000000023,59633.1
L50381,L,27.05000000000001,35.950000000000045,90.0,1540.0,47.0,32.0,0,0,0,0,0,0,-8.900000000000034,72380.0
L49403,L,26.55000000000001,35.85000000000002,90.0,1434.0,48.4,98.0,0,0,0,0,0,0,-9.300000000000011,69405.59999999999
L55232,L,27.350000000000023,38.75,90.0,1622.0,37.7,13.0,0,0,0,0,0,0,-11.399999999999977,61149.4
L50041,L,27.55000000000001,36.35000000000002,90.0,1667.0,32.5,240.0,0,0,0,0,0,0,-8.800000000000011,54177.5
M24321,M,25.25,36.05000000000001,90.0,1314.0,55.6,96.0,0,0,0,0,0,0,-10.800000000000011,73058.40000000001
L51200,L,28.850000000000023,37.85000000000002,90.0,1412.0,49.5,196.0,0,0,0,0,0,0,-9.0,69894.0
L48868,L,24.75,34.25,90.0,1406.0,46.6,14.0,0,0,0,0,0,0,-9.5,65519.6
L52166,L,30.55000000000001,39.75,90.0,1597.0,40.5,107.0,0,0,0,0,0,0,-9.199999999999989,64678.5
M24437,M,26.350000000000023,37.55000000000001,90.0,1520.0,38.5,0.0,0,0,0,0,0,0,-11.199999999999989,58520.0
L54492,L,27.05000000000001,37.25,90.0,1547.0,32.2,73.0,0,0,0,0,0,0,-10.199999999999989,49813.4
L49349,L,26.350000000000023,35.85000000000002,90.0,1553.0,31.8,8.0,0,0,0,0,0,0,-9.5,49385.4
L50608,L,28.450000000000045,37.450000000000045,90.0,1377.0,49.8,0.0,0,0,0,0,0,0,-9.0,68574.59999999999
L53027,L,28.25,38.150000000000034,90.0,1725.0,28.4,48.0,0,0,0,0,0,0,-9.900000000000034,48990.0
L50502,L,28.350000000000023,37.35000000000002,90.0,1639.0,32.8,15.0,0,0,0,0,0,0,-9.0,53759.2
L56008,L,24.150000000000034,35.55000000000001,90.0,1384.0,50.6,148.0,0,0,0,0,0,0,-11.399999999999977,70030.40000000001
L52314,L,31.05000000000001,40.25,90.0,1546.0,39.0,186.0,0,0,0,0,0,0,-9.199999999999989,60294.0
H33377,H,29.150000000000034,38.25,90.0,1395.0,51.7,205.0,0,0,0,0,0,0,-9.099999999999966,72121.5
L53450,L,27.950000000000045,37.650000000000034,90.0,1521.0,33.1,30.0,0,0,0,0,0,0,-9.699999999999989,50345.1
L50247,L,26.950000000000045,36.05000000000001,90.0,1556.0,39.4,101.0,0,0,0,0,0,0,-9.099999999999966,61306.399999999994
M23965,M,24.150000000000034,35.150000000000034,90.0,1677.0,34.9,26.0,0,0,0,0,0,0,-11.0,58527.299999999996
L53862,L,28.350000000000023,37.650000000000034,90.0,1524.0,42.4,114.0,0,0,0,0,0,0,-9.300000000000011,64617.6
L48470,L,25.450000000000045,36.55000000000001,90.0,1429.0,39.4,113.0,0,0,0,0,0,0,-11.099999999999966,56302.6
M21756,M,27.850000000000023,38.450000000000045,90.0,1454.0,40.0,139.0,0,0,0,0,0,0,-10.600000000000023,58160.0
L47472,L,24.950000000000045,35.25,90.0,1335.0,40.2,114.0,0,0,0,0,0,0,-10.299999999999955,53667.00000000001
L49759,L,26.150000000000034,35.950000000000045,90.0,1471.0,47.8,187.0,1,0,0,0,1,0,-9.800000000000011,70313.8
L50646,L,28.55000000000001,37.450000000000045,90.0,1697.0,28.9,47.0,0,0,0,0,0,0,-8.900000000000034,49043.299999999996
L54789,L,27.350000000000023,38.25,90.0,1490.0,37.4,39.0,0,0,0,0,0,0,-10.899999999999977,55726.0
M20184,M,30.450000000000045,39.55000000000001,90.0,1350.0,57.0,37.0,0,0,0,0,0,0,-9.099999999999966,76950.0
L50661,L,28.850000000000023,37.75,90.0,1515.0,38.8,81.0,0,0,0,0,0,0,-8.899999999999977,58781.99999999999
L51655,L,29.55000000000001,37.35000000000002,90.0,1553.0,41.8,10.0,0,0,0,0,0,0,-7.800000000000011,64915.399999999994
L52221,L,30.950000000000045,40.05000000000001,90.0,1599.0,34.8,148.0,0,0,0,0,0,0,-9.099999999999966,55645.2
L50812,L,29.05000000000001,38.05000000000001,90.0,1634.0,37.9,102.0,0,0,0,0,0,0,-9.0,61928.6
H35475,H,27.650000000000034,37.650000000000034,90.0,1462.0,49.2,45.0,0,0,0,0,0,0,-10.0,71930.40000000001
L56151,L,23.950000000000045,34.650000000000034,90.0,1446.0,49.9,155.0,0,0,0,0,0,0,-10.699999999999989,72155.4
L53659,L,27.450000000000045,36.85000000000002,90.0,1419.0,49.0,101.0,0,0,0,0,0,0,-9.399999999999977,69531.0
L53305,L,27.75,37.75,90.0,1536.0,20.2,188.0,0,0,0,0,0,0,-10.0,31027.199999999997
L56369,L,24.75,35.950000000000045,90.0,1595.0,32.0,7.0,0,0,0,0,0,0,-11.200000000000045,51040.0
L47371,L,25.05000000000001,35.25,90.0,1391.0,46.6,144.0,0,0,0,0,0,0,-10.199999999999989,64820.6
M21456,M,28.350000000000023,37.450000000000045,90.0,1454.0,39.4,2.0,0,0,0,0,0,0,-9.100000000000023,57287.6
L48797,L,24.650000000000034,34.650000000000034,90.0,1479.0,34.3,156.0,0,0,0,0,0,0,-10.0,50729.7
M19416,M,29.55000000000001,37.450000000000045,90.0,1517.0,41.5,197.0,0,0,0,0,0,0,-7.900000000000034,62955.5
L51124,L,29.05000000000001,38.05000000000001,90.0,1498.0,39.2,207.0,0,0,0,0,0,0,-9.0,58721.600000000006
L53287,L,27.75,37.75,90.0,1611.0,33.3,129.0,0,0,0,0,0,0,-10.0,53646.299999999996
L51220,L,28.850000000000023,37.650000000000034,90.0,1486.0,46.0,11.0,0,0,0,0,0,0,-8.800000000000011,68356.0
L54271,L,27.450000000000045,37.05000000000001,90.0,1318.0,51.0,173.0,0,0,0,0,0,0,-9.599999999999966,67218.0
M18521,M,29.150000000000034,38.450000000000045,90.0,1639.0,36.6,23.0,0,0,0,0,0,0,-9.300000000000011,59987.4
L54735,L,27.150000000000034,38.150000000000034,90.0,1332.0,39.6,187.0,0,0,0,0,0,0,-11.0,52747.200000000004
L56250,L,23.850000000000023,34.950000000000045,90.0,1474.0,45.2,7.0,0,0,0,0,0,0,-11.100000000000023,66624.8
L51744,L,29.450000000000045,37.35000000000002,90.0,1596.0,29.9,23.0,0,0,0,0,0,0,-7.899999999999977,47720.399999999994
M21274,M,27.25,36.85000000000002,90.0,1412.0,41.8,187.0,0,0,0,0,0,0,-9.600000000000023,59021.6
L52816,L,29.450000000000045,38.85000000000002,90.0,1447.0,32.7,48.0,0,0,0,0,0,0,-9.399999999999977,47316.9
L50736,L,28.75,37.75,90.0,1648.0,32.6,64.0,0,0,0,0,0,0,-9.0,53724.8
L55797,L,24.350000000000023,35.25,90.0,1529.0,45.3,15.0,0,0,0,0,0,0,-10.899999999999977,69263.7
L47256,L,25.650000000000034,36.75,90.0,1391.0,52.8,206.0,0,0,0,0,0,0,-11.099999999999966,73444.8
L47499,L,24.650000000000034,35.25,90.0,1612.0,37.7,17.0,0,0,0,0,0,0,-10.599999999999966,60772.4
M16700,M,24.650000000000034,34.05000000000001,90.0,1405.0,47.6,2.0,0,0,0,0,0,0,-9.399999999999977,66878.0
M21027,M,27.950000000000045,37.55000000000001,90.0,1341.0,50.2,98.0,0,0,0,0,0,0,-9.599999999999966,67318.2
L50370,L,26.950000000000045,36.05000000000001,90.0,1434.0,40.6,216.0,0,0,0,0,0,0,-9.099999999999966,58220.4
M21856,M,27.55000000000001,37.85000000000002,90.0,1478.0,46.6,184.0,0,0,0,0,0,0,-10.300000000000011,68874.8
M17324,M,25.75,35.35000000000002,90.0,1517.0,39.9,33.0,0,0,0,0,0,0,-9.600000000000023,60528.299999999996
L49281,L,26.55000000000001,36.05000000000001,90.0,1428.0,43.3,47.0,0,0,0,0,0,0,-9.5,61832.399999999994
L52127,L,30.55000000000001,39.25,90.0,1395.0,53.9,110.0,0,0,0,0,0,0,-8.699999999999989,75190.5
L50443,L,28.150000000000034,36.85000000000002,90.0,1513.0,40.1,168.0,0,0,0,0,0,0,-8.699999999999989,60671.3
L54733,L,27.150000000000034,38.35000000000002,90.0,1550.0,37.3,201.0,0,0,0,0,0,0,-11.199999999999989,57814.99999999999
L49197,L,25.350000000000023,35.35000000000002,90.0,1483.0,42.5,92.0,0,0,0,0,0,0,-10.0,63027.5
L49216,L,25.850000000000023,35.55000000000001,90.0,1535.0,22.8,96.0,0,0,0,0,0,0,-9.699999999999989,34998.0
L48282,L,23.650000000000034,34.35000000000002,90.0,1347.0,44.3,43.0,0,0,0,0,0,0,-10.699999999999989,59672.1
L53076,L,28.05000000000001,37.650000000000034,90.0,1416.0,41.2,169.0,0,0,0,0,0,0,-9.600000000000023,58339.200000000004
H34580,H,31.05000000000001,39.950000000000045,90.0,1687.0,29.6,58.0,0,0,0,0,0,0,-8.900000000000034,49935.200000000004
M23197,M,25.650000000000034,36.75,90.0,1589.0,33.9,149.0,0,0,0,0,0,0,-11.099999999999966,53867.1
L47296,L,25.75,35.55000000000001,90.0,1470.0,34.1,135.0,0,0,0,0,0,0,-9.800000000000011,50127.0
L52834,L,29.25,38.650000000000034,90.0,1478.0,37.6,0.0,0,0,0,0,0,0,-9.400000000000034,55572.8
H38867,H,25.05000000000001,35.85000000000002,90.0,1520.0,41.2,107.0,0,0,0,0,0,0,-10.800000000000011,62624.00000000001
L48823,L,24.850000000000023,34.650000000000034,90.0,1623.0,33.8,197.0,0,0,0,0,0,0,-9.800000000000011,54857.399999999994
H30694,H,25.150000000000034,36.25,90.0,1457.0,44.2,173.0,0,0,0,0,0,0,-11.099999999999966,64399.4
M24124,M,25.150000000000034,35.85000000000002,90.0,1537.0,38.5,15.0,0,0,0,0,0,0,-10.699999999999989,59174.5
M18379,M,28.75,37.85000000000002,90.0,1569.0,48.2,188.0,0,0,0,0,0,0,-9.100000000000023,75625.8
L55813,L,24.25,35.150000000000034,90.0,1336.0,44.6,38.0,0,0,0,0,0,0,-10.900000000000034,59585.6
L53104,L,27.150000000000034,37.05000000000001,90.0,1439.0,39.0,41.0,0,0,0,0,0,0,-9.899999999999977,56121.0
L55571,L,25.450000000000045,36.450000000000045,90.0,1490.0,41.4,82.0,0,0,0,0,0,0,-11.0,61686.0
L48334,L,23.75,34.75,90.0,1429.0,42.3,177.0,0,0,0,0,0,0,-11.0,60446.7
M19809,M,30.650000000000034,39.55000000000001,90.0,1689.0,30.8,128.0,0,0,0,0,0,0,-8.899999999999977,52021.200000000004
L49598,L,25.75,35.150000000000034,90.0,1443.0,38.2,9.0,0,0,0,0,0,0,-9.400000000000034,55122.600000000006
M18394,M,28.850000000000023,37.950000000000045,90.0,1451.0,48.0,2.0,0,0,0,0,0,0,-9.100000000000023,69648.0
L52597,L,29.450000000000045,39.25,90.0,1436.0,45.8,53.0,0,0,0,0,0,0,-9.799999999999955,65768.8
L55107,L,27.55000000000001,38.75,90.0,1477.0,39.4,175.0,0,0,0,0,0,0,-11.199999999999989,58193.799999999996
L48083,L,22.450000000000045,32.950000000000045,90.0,1589.0,32.3,146.0,0,0,0,0,0,0,-10.5,51324.7
L47835,L,24.55000000000001,35.950000000000045,90.0,1736.0,29.1,165.0,0,0,0,0,0,0,-11.400000000000034,50517.600000000006
L52117,L,30.25,39.150000000000034,90.0,1365.0,53.9,96.0,0,0,0,0,0,0,-8.900000000000034,73573.5
M17886,M,27.25,36.450000000000045,90.0,1512.0,36.2,221.0,0,0,0,0,0,0,-9.200000000000045,54734.4
L49265,L,26.450000000000045,36.150000000000034,90.0,1701.0,28.3,64.0,0,0,0,0,0,0,-9.699999999999989,48138.3
L51020,L,29.450000000000045,37.85000000000002,90.0,1683.0,29.1,161.0,0,0,0,0,0,0,-8.399999999999977,48975.3
L53308,L,27.75,37.85000000000002,90.0,1608.0,32.3,111.0,0,0,0,0,0,0,-10.100000000000023,51938.399999999994
L53048,L,28.350000000000023,37.950000000000045,90.0,1441.0,44.5,101.0,0,0,0,0,0,0,-9.600000000000023,64124.5
L54188,L,27.55000000000001,37.450000000000045,90.0,1472.0,42.4,148.0,0,0,0,0,0,0,-9.900000000000034,62412.799999999996
L53839,L,28.55000000000001,37.150000000000034,90.0,1548.0,38.5,180.0,0,0,0,0,0,0,-8.600000000000023,59598.0
L55516,L,25.450000000000045,36.450000000000045,90.0,1573.0,33.4,152.0,0,0,0,0,0,0,-11.0,52538.2
L56333,L,24.350000000000023,35.450000000000045,90.0,1546.0,36.6,57.0,0,0,0,0,0,0,-11.100000000000023,56583.600000000006
M23441,M,24.450000000000045,34.85000000000002,90.0,1426.0,45.8,148.0,0,0,0,0,0,0,-10.399999999999977,65310.799999999996
H33844,H,29.150000000000034,36.85000000000002,90.0,1430.0,43.0,136.0,0,0,0,0,0,0,-7.699999999999989,61490.0
M18581,M,29.150000000000034,38.25,90.0,1508.0,34.6,63.0,0,0,0,0,0,0,-9.099999999999966,52176.8
M22925,M,27.350000000000023,38.75,90.0,1433.0,26.3,89.0,0,0,0,0,0,0,-11.399999999999977,37687.9
M18187,M,28.350000000000023,37.450000000000045,90.0,1722.0,24.2,126.0,0,0,0,0,0,0,-9.100000000000023,41672.4
L51373,L,29.25,36.950000000000045,90.0,1563.0,40.3,186.0,0,0,0,0,0,0,-7.7000000000000455,62988.899999999994
L53937,L,28.650000000000034,38.05000000000001,90.0,1379.0,26.2,204.0,0,0,0,0,0,0,-9.399999999999977,36129.799999999996
L52762,L,29.25,38.85000000000002,90.0,1434.0,50.8,42.0,0,0,0,0,0,0,-9.600000000000023,72847.2
L49009,L,24.650000000000034,34.05000000000001,90.0,1483.0,23.0,176.0,0,0,0,0,0,0,-9.399999999999977,34109.0
L50776,L,28.55000000000001,37.55000000000001,90.0,1517.0,37.6,5.0,0,0,0,0,0,0,-9.0,57039.200000000004
L56649,L,25.05000000000001,35.55000000000001,90.0,1698.0,36.8,147.0,0,0,0,0,0,0,-10.5,62486.399999999994
L49699,L,25.650000000000034,35.450000000000045,90.0,1425.0,41.8,49.0,0,0,0,0,0,0,-9.800000000000011,59564.99999999999
L56560,L,24.25,35.05000000000001,90.0,1435.0,40.6,110.0,0,0,0,0,0,0,-10.800000000000011,58261.0
L56294,L,24.350000000000023,35.450000000000045,90.0,1432.0,44.0,44.0,0,0,0,0,0,0,-11.100000000000023,63008.0
M22722,M,27.55000000000001,38.85000000000002,90.0,1483.0,49.2,25.0,0,0,0,0,0,0,-11.300000000000011,72963.6
M24417,M,26.350000000000023,37.75,90.0,1350.0,53.3,154.0,0,0,0,0,0,0,-11.399999999999977,71955.0
L54237,L,27.650000000000034,37.450000000000045,90.0,1491.0,36.2,33.0,0,0,0,0,0,0,-9.800000000000011,53974.200000000004
L49551,L,26.05000000000001,35.25,90.0,1802.0,26.4,0.0,0,0,0,0,0,0,-9.199999999999989,47572.799999999996
L53256,L,27.850000000000023,37.75,90.0,1452.0,44.2,199.0,0,0,0,0,0,0,-9.899999999999977,64178.4
H31774,H,26.150000000000034,35.450000000000045,90.0,1501.0,38.0,176.0,0,0,0,0,0,0,-9.300000000000011,57038.0
M16272,M,25.55000000000001,36.75,90.0,1621.0,31.7,194.0,0,0,0,0,0,0,-11.199999999999989,51385.7
M15012,M,25.25,35.05000000000001,90.0,1359.0,50.8,191.0,0,0,0,0,0,0,-9.800000000000011,69037.2
M23233,M,25.55000000000001,36.55000000000001,90.0,1470.0,50.5,34.0,0,0,0,0,0,0,-11.0,74235.0
L54976,L,26.950000000000045,38.35000000000002,90.0,1398.0,52.4,90.0,0,0,0,0,0,0,-11.399999999999977,73255.2
L52724,L,29.25,38.650000000000034,90.0,1683.0,31.6,140.0,0,0,0,0,0,0,-9.400000000000034,53182.8
L54779,L,27.05000000000001,37.85000000000002,90.0,1759.0,28.3,59.0,0,0,0,0,0,0,-10.800000000000011,49779.700000000004
H32080,H,26.55000000000001,36.35000000000002,90.0,1736.0,26.7,203.0,0,0,0,0,0,0,-9.800000000000011,46351.2
L55966,L,24.25,35.450000000000045,90.0,1408.0,47.3,2.0,0,0,0,0,0,0,-11.200000000000045,66598.4
M17014,M,26.150000000000034,35.75,90.0,1763.0,24.8,139.0,0,0,0,0,0,0,-9.599999999999966,43722.4
M16484,M,24.650000000000034,34.75,90.0,1418.0,48.4,93.0,0,0,0,0,0,0,-10.099999999999966,68631.2
L54923,L,27.350000000000023,38.75,90.0,1710.0,28.4,9.0,0,0,0,0,0,0,-11.399999999999977,48564.0
L55950,L,24.25,35.450000000000045,90.0,1680.0,46.7,127.0,0,0,0,0,0,0,-11.200000000000045,78456.0
L49383,L,26.05000000000001,35.85000000000002,90.0,1614.0,28.4,100.0,0,0,0,0,0,0,-9.800000000000011,45837.6
M22239,M,26.450000000000045,36.950000000000045,90.0,1601.0,39.3,96.0,0,0,0,0,0,0,-10.5,62919.299999999996
L50466,L,28.150000000000034,36.85000000000002,90.0,1618.0,37.6,32.0,0,0,0,0,0,0,-8.699999999999989,60836.8
L52893,L,29.150000000000034,38.75,90.0,1393.0,47.0,156.0,0,0,0,0,0,0,-9.599999999999966,65471.0
M21877,M,27.55000000000001,37.450000000000045,90.0,1477.0,39.5,31.0,0,0,0,0,0,0,-9.900000000000034,58341.5
L54530,L,26.55000000000001,37.35000000000002,90.0,1557.0,39.5,26.0,0,0,0,0,0,0,-10.800000000000011,61501.5
L54443,L,27.25,37.450000000000045,90.0,1429.0,46.9,190.0,0,0,0,0,0,0,-10.200000000000045,67020.09999999999
L47580,L,24.150000000000034,35.35000000000002,90.0,1625.0,33.5,176.0,0,0,0,0,0,0,-11.199999999999989,54437.5
M21140,M,28.05000000000001,37.650000000000034,90.0,1372.0,46.6,53.0,0,0,0,0,0,0,-9.600000000000023,63935.200000000004
L56712,L,26.05000000000001,37.35000000000002,90.0,1490.0,48.7,93.0,0,0,0,0,0,0,-11.300000000000011,72563.0
M16139,M,24.950000000000045,36.450000000000045,90.0,1396.0,46.9,81.0,0,0,0,0,0,0,-11.5,65472.4
L56286,L,24.25,35.150000000000034,90.0,1623.0,33.3,24.0,0,0,0,0,0,0,-10.900000000000034,54045.899999999994
L50446,L,28.150000000000034,36.950000000000045,90.0,1546.0,37.5,53.0,0,0,0,0,0,0,-8.800000000000011,57975.0
L53204,L,27.55000000000001,37.85000000000002,90.0,1715.0,30.8,66.0,0,0,0,0,0,0,-10.300000000000011,52822.0
L54626,L,27.05000000000001,38.650000000000034,90.0,1479.0,30.5,46.0,0,0,0,0,0,0,-11.600000000000023,45109.5
L48887,L,25.05000000000001,34.650000000000034,90.0,1439.0,48.5,62.0,0,0,0,0,0,0,-9.600000000000023,69791.5
L53417,L,28.25,37.75,90.0,1414.0,38.8,114.0,0,0,0,0,0,0,-9.5,54863.2
M20620,M,28.75,38.150000000000034,90.0,1522.0,32.6,63.0,0,0,0,0,0,0,-9.400000000000034,49617.200000000004
H30625,H,23.75,34.650000000000034,90.0,1541.0,44.9,148.0,0,0,0,0,0,0,-10.900000000000034,69190.9
L55083,L,27.650000000000034,39.25,90.0,1517.0,35.9,151.0,0,0,0,0,0,0,-11.599999999999966,54460.299999999996
L54700,L,27.05000000000001,38.450000000000045,90.0,1475.0,41.9,73.0,0,0,0,0,0,0,-11.400000000000034,61802.5
L47589,L,24.25,35.450000000000045,90.0,1543.0,36.4,196.0,0,0,0,0,0,0,-11.200000000000045,56165.2
L56716,L,26.450000000000045,37.950000000000045,90.0,1474.0,42.5,97.0,0,0,0,0,0,0,-11.5,62645.0
L52949,L,27.450000000000045,38.150000000000034,90.0,1348.0,51.0,87.0,0,0,0,0,0,0,-10.699999999999989,68748.0
L55420,L,25.850000000000023,37.35000000000002,90.0,1644.0,33.5,96.0,0,0,0,0,0,0,-11.5,55074.0
L49778,L,25.75,36.05000000000001,90.0,1408.0,47.7,44.0,0,0,0,0,0,0,-10.300000000000011,67161.6
L48896,L,25.05000000000001,34.55000000000001,90.0,1364.0,37.7,89.0,0,0,0,0,0,0,-9.5,51422.8
M23948,M,24.05000000000001,34.950000000000045,90.0,1638.0,31.0,24.0,0,0,0,0,0,0,-10.900000000000034,50778.0
L50662,L,28.75,37.650000000000034,90.0,1540.0,36.8,83.0,0,0,0,0,0,0,-8.900000000000034,56671.99999999999
L55797,L,24.450000000000045,35.450000000000045,90.0,1529.0,41.1,59.0,0,0,0,0,0,0,-11.0,62841.9
M20606,M,28.950000000000045,38.35000000000002,90.0,1447.0,45.6,23.0,0,0,0,0,0,0,-9.399999999999977,65983.2
L47529,L,24.450000000000045,35.25,90.0,1595.0,34.3,127.0,0,0,0,0,0,0,-10.799999999999955,54708.49999999999
L54869,L,27.450000000000045,38.55000000000001,90.0,1446.0,45.5,2.0,0,0,0,0,0,0,-11.099999999999966,65793.0
L47809,L,25.150000000000034,36.950000000000045,90.0,1469.0,45.7,99.0,0,0,0,0,0,0,-11.800000000000011,67133.3
L50401,L,27.450000000000045,36.450000000000045,90.0,1529.0,49.1,74.0,0,0,0,0,0,0,-9.0,75073.90000000001
L48645,L,25.55000000000001,36.650000000000034,90.0,1492.0,46.9,102.0,0,0,0,0,0,0,-11.100000000000023,69974.8
L50111,L,27.55000000000001,36.55000000000001,90.0,1612.0,31.5,9.0,0,0,0,0,0,0,-9.0,50778.0
L54953,L,27.150000000000034,38.35000000000002,90.0,1428.0,40.0,34.0,0,0,0,0,0,0,-11.199999999999989,57120.0
M24460,M,25.850000000000023,36.85000000000002,90.0,1561.0,45.3,58.0,0,0,0,0,0,0,-11.0,70713.29999999999
L55820,L,24.450000000000045,35.35000000000002,90.0,1410.0,47.6,76.0,0,0,0,0,0,0,-10.899999999999977,67116.0
H37374,H,27.950000000000045,39.25,90.0,1578.0,33.7,126.0,0,0,0,0,0,0,-11.299999999999955,53178.600000000006
L53034,L,28.05000000000001,37.75,90.0,1735.0,28.9,17.0,0,0,0,0,0,0,-9.699999999999989,50141.5
L56525,L,25.05000000000001,35.650000000000034,90.0,1610.0,34.2,17.0,0,0,0,0,0,0,-10.600000000000023,55062.00000000001
H38896,H,25.650000000000034,36.450000000000045,90.0,1397.0,48.5,161.0,0,0,0,0,0,0,-10.800000000000011,67754.5
L52728,L,29.150000000000034,38.650000000000034,90.0,1450.0,41.2,109.0,0,0,0,0,0,0,-9.5,59740.00000000001
L51634,L,29.25,36.950000000000045,90.0,1501.0,33.8,177.0,0,0,0,0,0,0,-7.7000000000000455,50733.799999999996
H36420,H,27.450000000000045,37.25,90.0,1728.0,24.8,209.0,0,0,0,0,0,0,-9.799999999999955,42854.4
M18666,M,29.150000000000034,37.75,90.0,1722.0,30.3,66.0,0,0,0,0,0,0,-8.599999999999966,52176.6
L48889,L,25.05000000000001,34.650000000000034,90.0,1456.0,45.8,66.0,0,0,0,0,0,0,-9.600000000000023,66684.8
L50241,L,26.950000000000045,35.950000000000045,90.0,1353.0,58.9,51.0,0,0,0,0,0,0,-9.0,79691.7
H34827,H,29.450000000000045,39.35000000000002,90.0,1429.0,46.3,68.0,0,0,0,0,0,0,-9.899999999999977,66162.7
L53022,L,28.25,38.05000000000001,90.0,1532.0,36.0,119.0,0,0,0,0,0,0,-9.800000000000011,55152.0
L49694,L,25.75,35.450000000000045,90.0,1694.0,18.7,27.0,0,0,0,0,0,0,-9.700000000000045,31677.8
L49604,L,25.55000000000001,34.950000000000045,90.0,1564.0,38.2,26.0,0,0,0,0,0,0,-9.400000000000034,59744.8
H30676,H,24.650000000000034,36.05000000000001,90.0,1818.0,23.0,29.0,0,0,0,0,0,0,-11.399999999999977,41814.0
M21496,M,28.350000000000023,37.35000000000002,90.0,1618.0,25.5,0.0,0,0,0,0,0,0,-9.0,41259.0
L50674,L,28.75,37.85000000000002,90.0,1639.0,32.9,119.0,0,0,0,0,0,0,-9.100000000000023,53923.1
L49674,L,25.950000000000045,35.650000000000034,90.0,1329.0,53.0,202.0,1,0,0,0,1,0,-9.699999999999989,70437.0
L55982,L,24.25,35.450000000000045,90.0,1706.0,29.2,73.0,0,0,0,0,0,0,-11.200000000000045,49815.2
M21829,M,27.55000000000001,37.950000000000045,90.0,1583.0,32.1,116.0,0,0,0,0,0,0,-10.400000000000034,50814.3
L53169,L,27.55000000000001,37.55000000000001,90.0,1507.0,46.2,209.0,0,0,0,0,0,0,-10.0,69623.40000000001
M16792,M,25.05000000000001,34.85000000000002,90.0,1606.0,35.3,35.0,0,0,0,0,0,0,-9.800000000000011,56691.799999999996
M24293,M,25.150000000000034,35.950000000000045,90.0,1386.0,45.5,212.0,0,0,0,0,0,0,-10.800000000000011,63063.0
L50611,L,28.450000000000045,37.25,90.0,1708.0,29.7,76.0,0,0,0,0,0,0,-8.799999999999955,50727.6
M15509,M,24.55000000000001,36.150000000000034,90.0,1732.0,39.3,127.0,0,0,0,0,0,0,-11.600000000000023,68067.59999999999
L55295,L,27.25,38.650000000000034,90.0,1557.0,33.5,12.0,0,0,0,0,0,0,-11.400000000000034,52159.5
H32083,H,26.55000000000001,36.150000000000034,90.0,1448.0,39.8,214.0,0,0,0,0,0,0,-9.600000000000023,57630.399999999994
L48493,L,25.75,36.950000000000045,90.0,1477.0,40.9,171.0,0,0,0,0,0,0,-11.200000000000045,60409.299999999996
L53140,L,27.350000000000023,37.55000000000001,90.0,1429.0,43.9,121.0,0,0,0,0,0,0,-10.199999999999989,62733.1
L50591,L,28.150000000000034,37.25,90.0,1739.0,27.1,125.0,0,0,0,0,0,0,-9.099999999999966,47126.9
L53271,L,27.75,37.55000000000001,90.0,1318.0,57.5,14.0,0,0,0,0,0,0,-9.800000000000011,75785.0
L53906,L,28.350000000000023,37.650000000000034,90.0,1461.0,43.2,118.0,0,0,0,0,0,0,-9.300000000000011,63115.200000000004
M15963,M,23.75,34.25,90.0,1544.0,37.0,173.0,0,0,0,0,0,0,-10.5,57128.0
L51247,L,28.75,37.650000000000034,90.0,1530.0,37.0,2.0,0,0,0,0,0,0,-8.900000000000034,56610.0
L48397,L,23.850000000000023,34.950000000000045,90.0,1498.0,40.2,117.0,0,0,0,0,0,0,-11.100000000000023,60219.600000000006
L49194,L,25.450000000000045,35.25,90.0,1452.0,44.9,40.0,0,0,0,0,0,0,-9.799999999999955,65194.799999999996
L56919,L,25.75,36.85000000000002,90.0,1482.0,45.3,170.0,0,0,0,0,0,0,-11.100000000000023,67134.59999999999
L52897,L,29.350000000000023,38.85000000000002,90.0,1488.0,42.2,167.0,0,0,0,0,0,0,-9.5,62793.600000000006
L55897,L,23.950000000000045,35.55000000000001,90.0,1474.0,52.5,64.0,0,0,0,0,0,0,-11.599999999999966,77385.0
M20282,M,29.450000000000045,39.150000000000034,90.0,1353.0,53.8,44.0,0,0,0,0,0,0,-9.699999999999989,72791.4
L55379,L,30.75,39.950000000000045,90.0,1289.0,61.0,119.0,0,0,0,0,0,0,-9.200000000000045,78629.0
L54641,L,26.850000000000023,38.35000000000002,90.0,1543.0,37.3,9.0,0,0,0,0,0,0,-11.5,57553.899999999994
L56925,L,25.650000000000034,36.85000000000002,90.0,1376.0,47.9,181.0,0,0,0,0,0,0,-11.199999999999989,65910.4
L53863,L,28.350000000000023,37.450000000000045,90.0,1476.0,39.8,74.0,0,0,0,0,0,0,-9.100000000000023,58744.799999999996
L52555,L,29.75,39.150000000000034,90.0,1526.0,34.9,115.0,0,0,0,0,0,0,-9.400000000000034,53257.4
L48016,L,23.450000000000045,34.25,90.0,1441.0,45.1,0.0,0,0,0,0,0,0,-10.799999999999955,64989.1
L48795,L,24.650000000000034,34.75,90.0,1430.0,37.5,47.0,0,0,0,0,0,0,-10.099999999999966,53625.0
H32678,H,28.150000000000034,36.950000000000045,90.0,1484.0,40.0,188.0,0,0,0,0,0,0,-8.800000000000011,59360.0
L57048,L,25.75,36.75,90.0,1526.0,35.4,16.0,0,0,0,0,0,0,-11.0,54020.4
M19014,M,28.850000000000023,37.25,90.0,1711.0,28.5,82.0,0,0,0,0,0,0,-8.399999999999977,48763.5
M20373,M,29.650000000000034,38.75,90.0,1452.0,50.3,60.0,0,0,0,0,0,0,-9.099999999999966,73035.59999999999
L53154,L,27.450000000000045,37.55000000000001,90.0,1514.0,39.4,159.0,0,0,0,0,0,0,-10.099999999999966,59651.6
L52956,L,28.450000000000045,37.950000000000045,90.0,1543.0,37.9,104.0,0,0,0,0,0,0,-9.5,58479.7
M23197,M,25.650000000000034,36.55000000000001,90.0,1423.0,47.0,179.0,0,0,0,0,0,0,-10.899999999999977,66881.0
L53674,L,27.55000000000001,36.75,90.0,1397.0,50.7,185.0,0,0,0,0,0,0,-9.199999999999989,70827.90000000001
M22349,M,27.05000000000001,38.450000000000045,90.0,1484.0,37.0,167.0,0,0,0,0,0,0,-11.400000000000034,54908.0
L49235,L,26.450000000000045,36.25,90.0,1643.0,32.9,79.0,0,0,0,0,0,0,-9.799999999999955,54054.7
L54964,L,27.150000000000034,38.35000000000002,90.0,1484.0,42.1,2.0,0,0,0,0,0,0,-11.199999999999989,62476.4
L55141,L,27.850000000000023,39.05000000000001,90.0,1378.0,59.0,85.0,0,0,0,0,0,0,-11.199999999999989,81302.0
L50700,L,28.75,37.85000000000002,90.0,1669.0,33.9,191.0,0,0,0,0,0,0,-9.100000000000023,56579.1
L55667,L,25.450000000000045,36.150000000000034,90.0,1525.0,41.6,117.0,0,0,0,0,0,0,-10.699999999999989,63440.0
L51092,L,29.25,38.25,90.0,1429.0,42.0,174.0,0,0,0,0,0,0,-9.0,60018.0
M15666,M,23.850000000000023,34.75,90.0,1363.0,53.0,115.0,0,0,0,0,0,0,-10.899999999999977,72239.0
L55943,L,24.350000000000023,35.650000000000034,90.0,1376.0,48.6,184.0,0,0,0,0,0,0,-11.300000000000011,66873.6
L49349,L,26.450000000000045,35.950000000000045,90.0,1610.0,29.6,181.0,0,0,0,0,0,0,-9.5,47656.0
M15658,M,24.55000000000001,36.450000000000045,90.0,1425.0,52.9,13.0,0,0,0,0,0,0,-11.900000000000034,75382.5
M15030,M,25.150000000000034,34.85000000000002,90.0,1314.0,53.8,141.0,0,0,0,0,0,0,-9.699999999999989,70693.2
L48846,L,25.05000000000001,34.650000000000034,90.0,1540.0,39.2,181.0,0,0,0,0,0,0,-9.600000000000023,60368.00000000001
L51182,L,28.950000000000045,38.05000000000001,90.0,1764.0,28.1,64.0,0,0,0,0,0,0,-9.099999999999966,49568.4
M19895,M,30.850000000000023,40.05000000000001,90.0,1408.0,48.1,124.0,0,0,0,0,0,0,-9.199999999999989,67724.8
L48543,L,25.55000000000001,37.150000000000034,90.0,1510.0,39.3,66.0,0,0,0,0,0,0,-11.600000000000023,59342.99999999999
M21058,M,27.850000000000023,37.75,90.0,1471.0,40.0,59.0,0,0,0,0,0,0,-9.899999999999977,58840.0
L50594,L,28.350000000000023,37.450000000000045,90.0,1400.0,43.6,131.0,0,0,0,0,0,0,-9.100000000000023,61040.0
L51052,L,29.150000000000034,37.85000000000002,90.0,1452.0,47.4,15.0,0,0,0,0,0,0,-8.699999999999989,68824.8
M17806,M,27.55000000000001,36.35000000000002,90.0,1623.0,31.7,14.0,0,0,0,0,0,0,-8.800000000000011,51449.1
L52391,L,30.55000000000001,39.35000000000002,90.0,1397.0,54.9,185.0,0,0,0,0,0,0,-8.800000000000011,76695.3
L54102,L,27.450000000000045,38.55000000000001,90.0,1566.0,36.3,176.0,0,0,0,0,0,0,-11.099999999999966,56845.799999999996
L48891,L,25.05000000000001,34.650000000000034,90.0,1551.0,41.0,70.0,0,0,0,0,0,0,-9.600000000000023,63591.0
L54602,L,26.850000000000023,38.05000000000001,90.0,1448.0,44.3,206.0,0,0,0,0,0,0,-11.199999999999989,64146.399999999994
L47748,L,24.650000000000034,36.55000000000001,90.0,1711.0,29.1,171.0,0,0,0,0,0,0,-11.899999999999977,49790.100000000006
M21418,M,28.450000000000045,37.450000000000045,90.0,1447.0,36.6,140.0,0,0,0,0,0,0,-9.0,52960.200000000004
L51572,L,29.05000000000001,36.950000000000045,90.0,1458.0,38.0,15.0,0,0,0,0,0,0,-7.900000000000034,55404.0
L50936,L,29.150000000000034,37.85000000000002,90.0,1769.0,27.2,156.0,0,0,0,0,0,0,-8.699999999999989,48116.799999999996
L53693,L,27.950000000000045,36.85000000000002,90.0,1513.0,38.0,168.0,0,0,0,0,0,0,-8.899999999999977,57494.0
L55679,L,25.25,36.450000000000045,90.0,1655.0,34.1,146.0,0,0,0,0,0,0,-11.200000000000045,56435.5
L55629,L,25.450000000000045,36.35000000000002,90.0,1441.0,45.1,41.0,0,0,0,0,0,0,-10.899999999999977,64989.1
L56759,L,26.05000000000001,37.25,90.0,1477.0,35.8,2.0,0,0,0,0,0,0,-11.199999999999989,52876.6
L57070,L,25.650000000000034,36.35000000000002,90.0,1532.0,35.9,157.0,0,0,0,0,0,0,-10.699999999999989,54998.799999999996
M15568,M,24.450000000000045,35.650000000000034,90.0,1622.0,36.1,101.0,0,0,0,0,0,0,-11.199999999999989,58554.200000000004
L56381,L,24.75,35.450000000000045,90.0,1447.0,43.2,70.0,0,0,0,0,0,0,-10.700000000000045,62510.4
M18226,M,28.25,37.55000000000001,90.0,1402.0,54.8,5.0,0,0,0,0,0,0,-9.300000000000011,76829.59999999999
M17146,M,26.150000000000034,35.450000000000045,90.0,1289.0,32.4,104.0,0,0,0,0,0,0,-9.300000000000011,41763.6
L48966,L,25.150000000000034,35.05000000000001,90.0,1685.0,32.1,61.0,0,0,0,0,0,0,-9.899999999999977,54088.5
L48274,L,23.55000000000001,34.35000000000002,90.0,1763.0,28.4,16.0,0,0,0,0,0,0,-10.800000000000011,50069.2
L54819,L,27.450000000000045,38.25,90.0,1466.0,42.5,94.0,0,0,0,0,0,0,-10.799999999999955,62305.0
M21843,M,27.55000000000001,37.85000000000002,90.0,1465.0,46.2,148.0,0,0,0,0,0,0,-10.300000000000011,67683.0
L52874,L,29.25,38.650000000000034,90.0,1508.0,45.7,110.0,0,0,0,0,0,0,-9.400000000000034,68915.6
L55138,L,27.850000000000023,38.950000000000045,90.0,1518.0,40.3,48.0,0,0,0,0,0,0,-11.100000000000023,61175.399999999994
L51652,L,29.55000000000001,37.450000000000045,90.0,1501.0,49.7,4.0,0,0,0,0,0,0,-7.900000000000034,74599.7
L56953,L,25.450000000000045,36.25,90.0,1560.0,37.9,37.0,0,0,0,0,0,0,-10.799999999999955,59124.0
M16262,M,25.75,37.05000000000001,90.0,1372.0,48.0,174.0,0,0,0,0,0,0,-11.300000000000011,65856.0
L52871,L,29.150000000000034,38.55000000000001,90.0,1565.0,36.1,171.0,0,0,0,0,0,0,-9.399999999999977,56496.5
L48536,L,25.450000000000045,37.05000000000001,90.0,1336.0,50.8,2.0,0,0,0,0,0,0,-11.599999999999966,67868.8
L52681,L,29.450000000000045,38.950000000000045,90.0,1444.0,50.1,34.0,0,0,0,0,0,0,-9.5,72344.40000000001
L53856,L,28.450000000000045,37.650000000000034,90.0,1384.0,44.0,133.0,0,0,0,0,0,0,-9.199999999999989,60896.0
L56060,L,24.850000000000023,36.05000000000001,90.0,1458.0,45.5,87.0,0,0,0,0,0,0,-11.199999999999989,66339.0
M16441,M,25.05000000000001,35.150000000000034,90.0,1365.0,48.0,181.0,0,0,0,0,0,0,-10.100000000000023,65520.0
H32073,H,26.650000000000034,36.150000000000034,90.0,1468.0,41.5,183.0,0,0,0,0,0,0,-9.5,60922.0
M18782,M,29.25,38.25,90.0,1453.0,45.6,157.0,0,0,0,0,0,0,-9.0,66256.8
H39274,H,25.850000000000023,36.75,90.0,1580.0,32.9,70.0,0,0,0,0,0,0,-10.899999999999977,51982.0
H36750,H,25.850000000000023,37.35000000000002,90.0,1400.0,57.9,114.0,0,0,0,0,0,0,-11.5,81060.0
L56257,L,24.150000000000034,34.950000000000045,90.0,1488.0,41.5,149.0,0,0,0,0,0,0,-10.800000000000011,61752.0
L54027,L,27.950000000000045,38.150000000000034,90.0,1757.0,28.5,161.0,0,0,0,0,0,0,-10.199999999999989,50074.5
L51441,L,29.55000000000001,37.950000000000045,90.0,1542.0,35.0,135.0,0,0,0,0,0,0,-8.400000000000034,53970.0
M17132,M,26.150000000000034,35.450000000000045,90.0,1453.0,40.7,80.0,0,0,0,0,0,0,-9.300000000000011,59137.100000000006
M17171,M,25.950000000000045,35.450000000000045,90.0,1491.0,49.5,166.0,0,0,0,0,0,0,-9.5,73804.5
L56045,L,24.450000000000045,35.85000000000002,90.0,1723.0,26.3,43.0,0,0,0,0,0,0,-11.399999999999977,45314.9
L56468,L,25.05000000000001,35.75,90.0,1462.0,53.1,11.0,0,0,0,0,0,0,-10.699999999999989,77632.2
L55616,L,25.55000000000001,36.650000000000034,90.0,1466.0,42.4,166.0,0,0,0,0,0,0,-11.100000000000023,62158.4
L53237,L,27.650000000000034,37.650000000000034,90.0,1405.0,42.2,151.0,0,0,0,0,0,0,-10.0,59291.00000000001
M18816,M,29.150000000000034,38.25,90.0,1434.0,44.5,30.0,0,0,0,0,0,0,-9.099999999999966,63813.0
L49652,L,25.75,35.35000000000002,90.0,1743.0,26.1,137.0,0,0,0,0,0,0,-9.600000000000023,45492.3
L50202,L,27.350000000000023,36.450000000000045,90.0,1282.0,62.4,213.0,0,0,0,0,0,0,-9.100000000000023,79996.8
L53433,L,27.850000000000023,37.25,90.0,1519.0,30.9,200.0,0,0,0,0,0,0,-9.399999999999977,46937.1
L47758,L,24.650000000000034,36.650000000000034,90.0,1533.0,35.2,198.0,0,0,0,0,0,0,-12.0,53961.600000000006
L51067,L,29.350000000000023,38.35000000000002,90.0,1450.0,47.1,194.0,0,0,0,0,0,0,-9.0,68295.0
L50603,L,28.350000000000023,37.25,90.0,1551.0,34.2,153.0,0,0,0,0,0,0,-8.899999999999977,53044.200000000004
L52893,L,29.05000000000001,38.75,90.0,1596.0,38.0,173.0,0,0,0,0,0,0,-9.699999999999989,60648.0
H38038,H,24.350000000000023,35.450000000000045,90.0,1490.0,39.7,34.0,0,0,0,0,0,0,-11.100000000000023,59153.00000000001
M21461,M,28.350000000000023,37.55000000000001,90.0,1552.0,37.6,29.0,0,0,0,0,0,0,-9.199999999999989,58355.200000000004
M21878,M,27.55000000000001,37.450000000000045,90.0,1557.0,35.3,95.0,0,0,0,0,0,0,-9.900000000000034,54962.1
L56427,L,25.150000000000034,35.75,90.0,1472.0,42.8,152.0,0,0,0,0,0,0,-10.599999999999966,63001.6
M17661,M,26.850000000000023,36.35000000000002,90.0,1642.0,28.2,92.0,0,0,0,0,0,0,-9.5,46304.4
L52434,L,30.25,39.950000000000045,90.0,1479.0,42.5,75.0,0,0,0,0,0,0,-9.700000000000045,62857.5
M16888,M,25.55000000000001,35.150000000000034,90.0,1548.0,37.8,34.0,0,0,0,0,0,0,-9.600000000000023,58514.399999999994
L54269,L,27.450000000000045,37.05000000000001,90.0,1445.0,47.3,3.0,0,0,0,0,0,0,-9.599999999999966,68348.5
L53808,L,28.450000000000045,37.35000000000002,90.0,1593.0,34.5,74.0,0,0,0,0,0,0,-8.899999999999977,54958.5
M23745,M,24.75,36.05000000000001,90.0,1509.0,41.6,174.0,0,0,0,0,0,0,-11.300000000000011,62774.4
L55863,L,24.05000000000001,35.35000000000002,90.0,1604.0,37.2,188.0,0,0,0,0,0,0,-11.300000000000011,59668.8
M18104,M,28.150000000000034,36.450000000000045,90.0,1593.0,35.0,130.0,0,0,0,0,0,0,-8.300000000000011,55755.0
L55983,L,24.25,35.450000000000045,90.0,1532.0,41.9,75.0,0,0,0,0,0,0,-11.200000000000045,64190.799999999996
L47186,L,24.950000000000045,35.450000000000045,90.0,1605.0,42.4,173.0,0,0,0,0,0,0,-10.5,68052.0
L48506,L,25.75,36.950000000000045,90.0,1411.0,45.3,171.0,0,0,0,0,0,0,-11.200000000000045,63918.299999999996
L49742,L,26.150000000000034,35.950000000000045,90.0,1551.0,34.1,104.0,0,0,0,0,0,0,-9.800000000000011,52889.100000000006
M23369,M,25.150000000000034,36.450000000000045,90.0,1371.0,55.7,168.0,0,0,0,0,0,0,-11.300000000000011,76364.7
L55270,L,27.25,38.55000000000001,90.0,1463.0,44.1,155.0,0,0,0,0,0,0,-11.300000000000011,64518.3
L53542,L,26.950000000000045,36.450000000000045,90.0,1738.0,28.7,54.0,0,0,0,0,0,0,-9.5,49880.6
L56753,L,26.55000000000001,37.75,90.0,1448.0,45.8,0.0,0,0,0,0,0,0,-11.199999999999989,66318.4
L54733,L,27.150000000000034,38.150000000000034,90.0,1540.0,37.2,59.0,0,0,0,0,0,0,-11.0,57288.00000000001
L54371,L,27.25,37.05000000000001,90.0,1546.0,36.2,92.0,0,0,0,0,0,0,-9.800000000000011,55965.200000000004
L55667,L,25.25,36.25,90.0,1490.0,37.5,112.0,0,0,0,0,0,0,-11.0,55875.0
H33761,H,28.75,36.75,90.0,1724.0,27.5,0.0,0,0,0,0,0,0,-8.0,47410.0
L50157,L,27.650000000000034,36.35000000000002,90.0,1430.0,56.0,192.0,0,0,0,0,0,0,-8.699999999999989,80080.0
M15994,M,23.650000000000034,34.75,90.0,1566.0,33.9,179.0,0,0,0,0,0,0,-11.099999999999966,53087.399999999994
M22124,M,27.25,37.450000000000045,90.0,1578.0,32.0,21.0,0,0,0,0,0,0,-10.200000000000045,50496.0
L56467,L,25.05000000000001,35.75,90.0,1399.0,28.1,94.0,0,0,0,0,0,0,-10.699999999999989,39311.9
L54319,L,27.55000000000001,36.950000000000045,90.0,1408.0,47.0,24.0,0,0,0,0,0,0,-9.400000000000034,66176.0
L54469,L,27.150000000000034,37.450000000000045,90.0,1767.0,24.6,85.0,0,0,0,0,0,0,-10.300000000000011,43468.200000000004
M17816,M,27.350000000000023,36.650000000000034,90.0,1480.0,39.0,44.0,0,0,0,0,0,0,-9.300000000000011,57720.0
L53193,L,27.450000000000045,37.55000000000001,90.0,1428.0,43.4,38.0,0,0,0,0,0,0,-10.099999999999966,61975.2
L50093,L,27.450000000000045,36.35000000000002,90.0,1771.0,28.9,142.0,0,0,0,0,0,0,-8.899999999999977,51181.899999999994
M16472,M,24.75,34.650000000000034,90.0,1522.0,38.9,136.0,0,0,0,0,0,0,-9.900000000000034,59205.799999999996
M16982,M,26.05000000000001,35.650000000000034,90.0,1523.0,38.9,85.0,0,0,0,0,0,0,-9.600000000000023,59244.7
L48477,L,25.650000000000034,36.75,90.0,1442.0,47.0,152.0,0,0,0,0,0,0,-11.099999999999966,67774.0
L56368,L,24.650000000000034,35.85000000000002,90.0,1394.0,44.1,188.0,0,0,0,0,0,0,-11.199999999999989,61475.4
M21650,M,27.950000000000045,37.55000000000001,90.0,1495.0,40.6,74.0,0,0,0,0,0,0,-9.599999999999966,60697.0
L54256,L,27.55000000000001,37.35000000000002,90.0,1382.0,21.0,194.0,0,0,0,0,0,0,-9.800000000000011,29022.0
L49952,L,26.75,36.25,90.0,1467.0,49.8,20.0,0,0,0,0,0,0,-9.5,73056.59999999999
L52340,L,30.950000000000045,40.150000000000034,90.0,1466.0,41.4,123.0,0,0,0,0,0,0,-9.199999999999989,60692.4
L53270,L,27.75,37.650000000000034,90.0,1447.0,37.1,14.0,0,0,0,0,0,0,-9.900000000000034,53683.700000000004
M14894,M,25.650000000000034,35.950000000000045,90.0,1798.0,26.0,95.0,0,0,0,0,0,0,-10.300000000000011,46748.0
H37740,H,25.650000000000034,36.450000000000045,90.0,1537.0,34.2,197.0,0,0,0,0,0,0,-10.800000000000011,52565.4
L51247,L,28.850000000000023,37.450000000000045,90.0,1477.0,46.6,76.0,0,0,0,0,0,0,-8.600000000000023,68828.2
L56078,L,24.25,35.450000000000045,90.0,1532.0,38.7,9.0,0,0,0,0,0,0,-11.200000000000045,59288.4
M19822,M,30.850000000000023,39.55000000000001,90.0,1456.0,42.7,160.0,0,0,0,0,0,0,-8.699999999999989,62171.200000000004
L50099,L,27.450000000000045,36.55000000000001,90.0,1610.0,33.5,129.0,0,0,0,0,0,0,-9.099999999999966,53935.0
L49730,L,26.150000000000034,35.55000000000001,90.0,1519.0,40.6,116.0,0,0,0,0,0,0,-9.399999999999977,61671.4
L49085,L,24.75,34.450000000000045,90.0,1689.0,27.5,176.0,0,0,0,0,0,0,-9.700000000000045,46447.5
H37732,H,25.650000000000034,36.55000000000001,90.0,1565.0,32.2,94.0,0,0,0,0,0,0,-10.899999999999977,50393.00000000001
L56333,L,24.350000000000023,35.450000000000045,90.0,1369.0,48.6,115.0,0,0,0,0,0,0,-11.100000000000023,66533.40000000001
L51165,L,29.150000000000034,38.150000000000034,90.0,1538.0,36.8,43.0,0,0,0,0,0,0,-9.0,56598.399999999994
M18419,M,28.650000000000034,37.55000000000001,90.0,1659.0,29.9,53.0,0,0,0,0,0,0,-8.899999999999977,49604.1
M21722,M,27.950000000000045,37.85000000000002,90.0,1470.0,40.3,41.0,0,0,0,0,0,0,-9.899999999999977,59240.99999999999
L49759,L,26.25,36.150000000000034,90.0,1795.0,24.7,187.0,0,0,0,0,0,0,-9.900000000000034,44336.5
L55652,L,25.350000000000023,36.55000000000001,90.0,1633.0,32.1,74.0,0,0,0,0,0,0,-11.199999999999989,52419.3
M24550,M,25.75,36.85000000000002,90.0,1434.0,46.3,20.0,0,0,0,0,0,0,-11.100000000000023,66394.2
M17212,M,26.150000000000034,35.35000000000002,90.0,1422.0,45.2,125.0,0,0,0,0,0,0,-9.199999999999989,64274.4
L53273,L,27.850000000000023,37.55000000000001,90.0,1462.0,42.2,20.0,0,0,0,0,0,0,-9.699999999999989,61696.4
L52560,L,29.650000000000034,39.150000000000034,90.0,1490.0,37.5,198.0,0,0,0,0,0,0,-9.5,55875.0
M21100,M,28.05000000000001,37.55000000000001,90.0,1596.0,35.8,157.0,0,0,0,0,0,0,-9.5,57136.799999999996
L54581,L,26.650000000000034,36.85000000000002,90.0,1557.0,39.8,7.0,0,0,0,0,0,0,-10.199999999999989,61968.6
L49017,L,24.55000000000001,33.950000000000045,90.0,1326.0,53.0,197.0,1,0,0,0,1,0,-9.400000000000034,70278.0
M18531,M,29.25,38.55000000000001,90.0,1475.0,46.5,13.0,0,0,0,0,0,0,-9.300000000000011,68587.5
M22262,M,26.650000000000034,37.650000000000034,90.0,1443.0,48.7,156.0,0,0,0,0,0,0,-11.0,70274.1
L50345,L,27.25,36.55000000000001,90.0,1336.0,54.5,176.0,0,0,0,0,0,0,-9.300000000000011,72812.0
L47217,L,25.650000000000034,35.950000000000045,90.0,1439.0,39.2,148.0,0,0,0,0,0,0,-10.300000000000011,56408.8
L53208,L,27.450000000000045,37.650000000000034,90.0,1477.0,37.9,101.0,0,0,0,0,0,0,-10.199999999999989,55978.299999999996
L47386,L,25.350000000000023,35.55000000000001,90.0,1553.0,33.8,126.0,0,0,0,0,0,0,-10.199999999999989,52491.399999999994
L50406,L,27.350000000000023,36.150000000000034,90.0,1465.0,46.0,13.0,0,0,0,0,0,0,-8.800000000000011,67390.0
L49968,L,27.05000000000001,36.450000000000045,90.0,1501.0,48.1,203.0,0,0,0,0,0,0,-9.400000000000034,72198.1
L56575,L,24.450000000000045,35.05000000000001,90.0,1384.0,48.4,98.0,0,0,0,0,0,0,-10.599999999999966,66985.59999999999
M23722,M,24.850000000000023,35.950000000000045,90.0,1759.0,27.7,45.0,0,0,0,0,0,0,-11.100000000000023,48724.299999999996
L48812,L,24.75,34.75,90.0,1662.0,32.3,89.0,0,0,0,0,0,0,-10.0,53682.6
L49505,L,26.150000000000034,35.650000000000034,90.0,1443.0,51.1,9.0,0,0,0,0,0,0,-9.5,73737.3
L53956,L,28.150000000000034,37.55000000000001,90.0,1608.0,39.6,42.0,0,0,0,0,0,0,-9.399999999999977,63676.8
L54168,L,27.55000000000001,37.950000000000045,90.0,1478.0,46.8,94.0,0,0,0,0,0,0,-10.400000000000034,69170.4
M18622,M,29.150000000000034,37.85000000000002,90.0,1526.0,34.3,171.0,0,0,0,0,0,0,-8.699999999999989,52341.799999999996
M22357,M,27.150000000000034,38.35000000000002,90.0,1483.0,41.4,181.0,0,0,0,0,0,0,-11.199999999999989,61396.2
M17566,M,26.55000000000001,36.450000000000045,90.0,1490.0,38.5,2.0,0,0,0,0,0,0,-9.900000000000034,57365.0
L53999,L,27.950000000000045,37.55000000000001,90.0,1522.0,38.2,47.0,0,0,0,0,0,0,-9.599999999999966,58140.4
L55737,L,25.150000000000034,35.85000000000002,90.0,1689.0,30.9,91.0,0,0,0,0,0,0,-10.699999999999989,52190.1
L52380,L,30.650000000000034,39.55000000000001,90.0,1426.0,41.0,156.0,0,0,0,0,0,0,-8.899999999999977,58466.0
H31262,H,24.650000000000034,34.05000000000001,90.0,1400.0,54.1,26.0,0,0,0,0,0,0,-9.399999999999977,75740.0
L48384,L,23.75,34.85000000000002,90.0,1578.0,34.5,148.0,0,0,0,0,0,0,-11.100000000000023,54441.0
L56621,L,24.950000000000045,35.650000000000034,90.0,1632.0,31.1,68.0,0,0,0,0,0,0,-10.699999999999989,50755.200000000004
L52914,L,29.25,38.75,90.0,1498.0,37.1,206.0,0,0,0,0,0,0,-9.5,55575.8
M23672,M,24.05000000000001,35.35000000000002,90.0,1369.0,47.4,101.0,0,0,0,0,0,0,-11.300000000000011,64890.6
L55983,L,24.25,35.35000000000002,90.0,1486.0,48.6,175.0,0,0,0,0,0,0,-11.100000000000023,72219.6
L49390,L,26.55000000000001,36.05000000000001,90.0,1563.0,39.0,7.0,0,0,0,0,0,0,-9.5,60957.0
L48306,L,23.650000000000034,34.75,90.0,1523.0,37.9,111.0,0,0,0,0,0,0,-11.099999999999966,57721.7
L48797,L,24.650000000000034,34.650000000000034,90.0,1477.0,34.3,53.0,0,0,0,0,0,0,-10.0,50661.1
M15292,M,24.450000000000045,35.35000000000002,90.0,1466.0,46.4,86.0,0,0,0,0,0,0,-10.899999999999977,68022.4
L55076,L,27.650000000000034,39.25,90.0,1376.0,44.9,137.0,0,0,0,0,0,0,-11.599999999999966,61782.4
L55730,L,25.150000000000034,35.950000000000045,90.0,1569.0,34.6,71.0,0,0,0,0,0,0,-10.800000000000011,54287.4
M22451,M,27.350000000000023,37.950000000000045,90.0,1551.0,38.6,202.0,0,0,0,0,0,0,-10.600000000000023,59868.600000000006
L56533,L,25.05000000000001,35.650000000000034,90.0,1449.0,42.2,37.0,0,0,0,0,0,0,-10.600000000000023,61147.8
L54875,L,27.450000000000045,38.55000000000001,90.0,1466.0,47.7,167.0,0,0,0,0,0,0,-11.099999999999966,69928.2
L49988,L,26.950000000000045,36.150000000000034,90.0,1459.0,41.2,0.0,0,0,0,0,0,0,-9.199999999999989,60110.8
H38469,H,24.150000000000034,35.25,90.0,1445.0,43.1,90.0,0,0,0,0,0,0,-11.099999999999966,62279.5
L49882,L,26.650000000000034,36.05000000000001,90.0,1411.0,45.7,23.0,0,0,0,0,0,0,-9.399999999999977,64482.700000000004
L51528,L,28.75,36.650000000000034,90.0,1507.0,47.2,149.0,0,0,0,0,0,0,-7.900000000000034,71130.40000000001
L53247,L,27.850000000000023,37.85000000000002,90.0,1519.0,34.3,176.0,0,0,0,0,0,0,-10.0,52101.7
L50140,L,27.55000000000001,36.35000000000002,90.0,1512.0,43.5,116.0,0,0,0,0,0,0,-8.800000000000011,65772.0
L55789,L,24.25,35.150000000000034,90.0,1557.0,33.3,94.0,0,0,0,0,0,0,-10.900000000000034,51848.1
L55591,L,25.450000000000045,36.450000000000045,90.0,1451.0,50.5,134.0,0,0,0,0,0,0,-11.0,73275.5
L53499,L,27.75,37.150000000000034,90.0,1689.0,33.5,0.0,0,0,0,0,0,0,-9.400000000000034,56581.5
L55420,L,25.850000000000023,37.25,90.0,1428.0,44.1,98.0,0,0,0,0,0,0,-11.399999999999977,62974.8
M23560,M,24.25,35.150000000000034,90.0,1557.0,35.0,15.0,0,0,0,0,0,0,-10.900000000000034,54495.0
L52345,L,31.05000000000001,40.25,90.0,1397.0,52.4,57.0,0,0,0,0,0,0,-9.199999999999989,73202.8
L56733,L,26.25,37.55000000000001,90.0,1455.0,46.4,39.0,0,0,0,0,0,0,-11.300000000000011,67512.0
L56635,L,25.05000000000001,35.85000000000002,90.0,1516.0,36.2,196.0,0,0,0,0,0,0,-10.800000000000011,54879.200000000004
M23584,M,24.05000000000001,35.450000000000045,90.0,1342.0,39.0,119.0,0,0,0,0,0,0,-11.400000000000034,52338.0
L50483,L,28.05000000000001,37.25,90.0,1594.0,34.1,74.0,0,0,0,0,0,0,-9.199999999999989,54355.4
L56272,L,24.05000000000001,34.950000000000045,90.0,1483.0,39.2,194.0,0,0,0,0,0,0,-10.900000000000034,58133.600000000006
L54763,L,27.25,37.950000000000045,90.0,1601.0,35.0,185.0,0,0,0,0,0,0,-10.700000000000045,56035.0
L56469,L,25.05000000000001,35.75,90.0,1444.0,44.4,96.0,0,0,0,0,0,0,-10.699999999999989,64113.6
L56319,L,24.350000000000023,35.35000000000002,90.0,1760.0,25.9,207.0,0,0,0,0,0,0,-11.0,45584.0
M22293,M,27.05000000000001,38.25,90.0,1501.0,42.8,15.0,0,0,0,0,0,0,-11.199999999999989,64242.799999999996
L56394,L,24.75,35.55000000000001,90.0,1488.0,42.8,92.0,0,0,0,0,0,0,-10.800000000000011,63686.399999999994
L47693,L,24.25,36.05000000000001,90.0,1431.0,45.8,26.0,0,0,0,0,0,0,-11.800000000000011,65539.8
M18004,M,27.350000000000023,36.75,90.0,1425.0,46.5,0.0,0,0,0,0,0,0,-9.399999999999977,66262.5
M21481,M,28.55000000000001,37.450000000000045,90.0,1429.0,49.7,87.0,0,0,0,0,0,0,-8.900000000000034,71021.3
L56275,L,24.150000000000034,34.950000000000045,90.0,1657.0,45.7,202.0,0,0,0,0,0,0,-10.800000000000011,75724.90000000001
H38249,H,24.150000000000034,34.950000000000045,90.0,1419.0,44.3,44.0,0,0,0,0,0,0,-10.800000000000011,62861.7
L49879,L,26.950000000000045,36.25,90.0,1559.0,35.7,197.0,0,0,0,0,0,0,-9.299999999999955,55656.3
L54123,L,27.55000000000001,38.150000000000034,90.0,1522.0,38.5,74.0,0,0,0,0,0,0,-10.600000000000023,58597.0
L56552,L,24.55000000000001,35.25,90.0,1487.0,42.6,70.0,0,0,0,0,0,0,-10.699999999999989,63346.200000000004
M19751,M,30.55000000000001,39.150000000000034,90.0,1539.0,32.3,190.0,0,0,0,0,0,0,-8.600000000000023,49709.7
L53310,L,27.850000000000023,37.25,90.0,1573.0,37.5,116.0,0,0,0,0,0,0,-9.399999999999977,58987.5
M24697,M,25.150000000000034,36.25,90.0,1577.0,37.1,92.0,0,0,0,0,0,0,-11.099999999999966,58506.700000000004
M17183,M,26.05000000000001,35.55000000000001,90.0,1534.0,38.1,198.0,0,0,0,0,0,0,-9.5,58445.4
L48781,L,24.650000000000034,34.650000000000034,90.0,1556.0,39.8,11.0,0,0,0,0,0,0,-10.0,61928.799999999996
M23913,M,24.25,35.35000000000002,90.0,1638.0,32.2,26.0,0,0,0,0,0,0,-11.100000000000023,52743.600000000006
L50106,L,27.55000000000001,36.55000000000001,90.0,1507.0,42.7,141.0,0,0,0,0,0,0,-9.0,64348.9
L50989,L,29.150000000000034,37.650000000000034,90.0,1507.0,41.9,77.0,0,0,0,0,0,0,-8.5,63143.299999999996
L54714,L,26.850000000000023,38.05000000000001,90.0,1465.0,42.4,174.0,0,0,0,0,0,0,-11.199999999999989,62116.0
M23821,M,24.150000000000034,34.85000000000002,90.0,1628.0,33.5,5.0,0,0,0,0,0,0,-10.699999999999989,54538.0
L53382,L,27.850000000000023,37.75,90.0,1704.0,30.9,119.0,0,0,0,0,0,0,-9.899999999999977,52653.6
L55218,L,27.55000000000001,38.650000000000034,90.0,1419.0,48.5,148.0,0,0,0,0,0,0,-11.100000000000023,68821.5
L50231,L,26.850000000000023,35.950000000000045,90.0,1476.0,39.4,59.0,0,0,0,0,0,0,-9.100000000000023,58154.4
L51088,L,29.05000000000001,38.150000000000034,90.0,1633.0,39.6,114.0,0,0,0,0,0,0,-9.100000000000023,64666.8
L55885,L,24.25,35.35000000000002,90.0,1468.0,41.1,64.0,0,0,0,0,0,0,-11.100000000000023,60334.8
L53802,L,28.55000000000001,37.55000000000001,90.0,1493.0,52.4,44.0,0,0,0,0,0,0,-9.0,78233.2
L54040,L,27.950000000000045,38.05000000000001,90.0,1509.0,41.6,41.0,0,0,0,0,0,0,-10.099999999999966,62774.4
L53422,L,27.850000000000023,37.25,90.0,1496.0,38.9,173.0,0,0,0,0,0,0,-9.399999999999977,58194.4
L56255,L,24.05000000000001,34.950000000000045,90.0,1631.0,36.0,9.0,0,0,0,0,0,0,-10.900000000000034,58716.0
M18782,M,29.350000000000023,38.35000000000002,90.0,1397.0,46.6,28.0,0,0,0,0,0,0,-9.0,65100.200000000004
M20003,M,31.25,40.55000000000001,90.0,1585.0,29.7,205.0,0,0,0,0,0,0,-9.300000000000011,47074.5
M15851,M,22.650000000000034,33.35000000000002,90.0,1387.0,50.7,127.0,0,0,0,0,0,0,-10.699999999999989,70320.90000000001
L56319,L,24.350000000000023,35.35000000000002,90.0,1378.0,46.8,74.0,0,0,0,0,0,0,-11.0,64490.399999999994
H33189,H,29.25,37.85000000000002,90.0,1685.0,30.3,137.0,0,0,0,0,0,0,-8.600000000000023,51055.5
L52918,L,29.150000000000034,38.150000000000034,90.0,1582.0,42.7,75.0,0,0,0,0,0,0,-9.0,67551.40000000001
L55526,L,25.450000000000045,36.450000000000045,90.0,1641.0,34.4,171.0,0,0,0,0,0,0,-11.0,56450.399999999994
L49188,L,25.350000000000023,35.150000000000034,90.0,1811.0,24.7,28.0,0,0,0,0,0,0,-9.800000000000011,44731.7
L49082,L,24.850000000000023,34.450000000000045,90.0,1512.0,34.1,169.0,0,0,0,0,0,0,-9.600000000000023,51559.200000000004
L56041,L,24.75,35.950000000000045,90.0,1785.0,27.3,43.0,0,0,0,0,0,0,-11.200000000000045,48730.5
M21704,M,28.150000000000034,38.150000000000034,90.0,1376.0,53.0,215.0,0,0,0,0,0,0,-10.0,72928.0
L47940,L,23.75,34.650000000000034,90.0,1703.0,29.4,105.0,0,0,0,0,0,0,-10.900000000000034,50068.2
L56975,L,25.350000000000023,36.150000000000034,90.0,1534.0,33.1,71.0,0,0,0,0,0,0,-10.800000000000011,50775.4
L54419,L,26.950000000000045,37.35000000000002,90.0,1438.0,41.6,177.0,0,0,0,0,0,0,-10.399999999999977,59820.8
L56865,L,25.950000000000045,36.85000000000002,90.0,1360.0,48.1,92.0,0,0,0,0,0,0,-10.899999999999977,65416.0
L47988,L,23.75,34.55000000000001,90.0,1731.0,30.8,120.0,0,0,0,0,0,0,-10.800000000000011,53314.8
H36466,H,27.55000000000001,37.450000000000045,90.0,1439.0,41.7,184.0,0,0,0,0,0,0,-9.900000000000034,60006.3
L50043,L,27.450000000000045,36.450000000000045,90.0,1471.0,49.6,160.0,0,0,0,0,0,0,-9.0,72961.6
L54263,L,27.55000000000001,37.25,90.0,1447.0,41.7,211.0,0,0,0,0,0,0,-9.699999999999989,60339.9
L50484,L,28.05000000000001,37.150000000000034,90.0,1544.0,45.7,76.0,0,0,0,0,0,0,-9.100000000000023,70560.8
L48384,L,23.75,34.85000000000002,90.0,1526.0,41.0,84.0,0,0,0,0,0,0,-11.100000000000023,62566.0
L48520,L,25.450000000000045,37.05000000000001,90.0,1323.0,54.0,10.0,0,0,0,0,0,0,-11.599999999999966,71442.0
L55253,L,27.350000000000023,38.85000000000002,90.0,1466.0,45.2,113.0,0,0,0,0,0,0,-11.5,66263.2
L49233,L,26.350000000000023,36.25,90.0,1412.0,42.5,49.0,0,0,0,0,0,0,-9.899999999999977,60010.0
L55199,L,27.650000000000034,38.950000000000045,90.0,1675.0,30.7,200.0,0,0,0,0,0,0,-11.300000000000011,51422.5
L51574,L,29.05000000000001,36.950000000000045,90.0,1487.0,44.3,33.0,0,0,0,0,0,0,-7.900000000000034,65874.09999999999
L53429,L,27.850000000000023,36.950000000000045,90.0,1393.0,45.6,191.0,0,0,0,0,0,0,-9.100000000000023,63520.8
M19435,M,29.55000000000001,37.35000000000002,90.0,1463.0,49.9,55.0,0,0,0,0,0,0,-7.800000000000011,73003.7
M16340,M,25.05000000000001,35.85000000000002,90.0,1761.0,28.3,5.0,0,0,0,0,0,0,-10.800000000000011,49836.3
L48149,L,22.75,33.450000000000045,90.0,1412.0,36.7,109.0,0,0,0,0,0,0,-10.700000000000045,51820.4
M17058,M,26.55000000000001,35.75,90.0,1513.0,40.2,28.0,0,0,0,0,0,0,-9.199999999999989,60822.600000000006
L54038,L,27.950000000000045,38.25,90.0,1543.0,48.4,36.0,0,0,0,0,0,0,-10.299999999999955,74681.2
L48763,L,25.05000000000001,35.25,90.0,1472.0,45.3,181.0,0,0,0,0,0,0,-10.199999999999989,66681.59999999999
L56356,L,24.650000000000034,35.75,90.0,1715.0,27.4,2.0,0,0,0,0,0,0,-11.099999999999966,46991.0
L51377,L,29.25,37.85000000000002,90.0,1811.0,24.4,193.0,0,0,0,0,0,0,-8.600000000000023,44188.399999999994
L50643,L,28.450000000000045,37.55000000000001,90.0,1505.0,44.9,28.0,0,0,0,0,0,0,-9.099999999999966,67574.5
L48366,L,24.150000000000034,35.25,90.0,1470.0,47.7,31.0,0,0,0,0,0,0,-11.099999999999966,70119.0
M24042,M,24.650000000000034,35.85000000000002,90.0,1576.0,45.0,168.0,0,0,0,0,0,0,-11.199999999999989,70920.0
M24026,M,24.450000000000045,35.450000000000045,90.0,1429.0,42.8,2.0,0,0,0,0,0,0,-11.0,61161.2
M20261,M,29.55000000000001,39.25,90.0,1540.0,39.8,13.0,0,0,0,0,0,0,-9.699999999999989,61291.99999999999
L48512,L,25.850000000000023,37.150000000000034,90.0,1784.0,27.6,196.0,0,0,0,0,0,0,-11.300000000000011,49238.4
M22402,M,27.25,38.25,90.0,1401.0,49.9,79.0,0,0,0,0,0,0,-11.0,69909.9
M23651,M,24.150000000000034,35.35000000000002,90.0,1452.0,47.4,52.0,0,0,0,0,0,0,-11.199999999999989,68824.8
L55352,L,26.75,38.25,90.0,1596.0,52.3,160.0,0,0,0,0,0,0,-11.5,83470.79999999999
L56592,L,24.950000000000045,35.55000000000001,90.0,1432.0,46.7,203.0,0,0,0,0,0,0,-10.599999999999966,66874.40000000001
L49079,L,24.650000000000034,34.35000000000002,90.0,1372.0,40.0,159.0,0,0,0,0,0,0,-9.699999999999989,54880.0
L53352,L,27.650000000000034,37.650000000000034,90.0,1577.0,37.9,13.0,1,1,0,0,0,0,-10.0,59768.299999999996
L56319,L,24.450000000000045,35.450000000000045,90.0,1536.0,36.9,108.0,0,0,0,0,0,0,-11.0,56678.399999999994
L49619,L,25.950000000000045,35.25,90.0,1433.0,53.8,65.0,0,0,0,0,0,0,-9.299999999999955,77095.4
L55373,L,26.150000000000034,37.650000000000034,90.0,1434.0,40.3,211.0,0,0,0,0,0,0,-11.5,57790.2
L47752,L,24.650000000000034,36.75,90.0,1351.0,42.4,181.0,0,0,0,0,0,0,-12.099999999999966,57282.4
H33575,H,28.75,37.25,90.0,1634.0,33.0,85.0,0,0,0,0,0,0,-8.5,53922.0
L48852,L,24.950000000000045,34.650000000000034,90.0,1552.0,34.0,160.0,0,0,0,0,0,0,-9.699999999999989,52768.0
L49759,L,26.150000000000034,35.950000000000045,90.0,1501.0,39.7,187.0,0,0,0,0,0,0,-9.800000000000011,59589.700000000004
L53121,L,27.450000000000045,37.55000000000001,90.0,1605.0,31.6,74.0,0,0,0,0,0,0,-10.099999999999966,50718.0
L54993,L,26.850000000000023,38.55000000000001,90.0,1564.0,41.7,74.0,0,0,0,0,0,0,-11.699999999999989,65218.8
L48486,L,25.650000000000034,36.85000000000002,90.0,1530.0,35.8,152.0,0,0,0,0,0,0,-11.199999999999989,54773.99999999999
M23881,M,24.25,35.150000000000034,90.0,1392.0,42.8,171.0,0,0,0,0,0,0,-10.900000000000034,59577.6
L53790,L,28.350000000000023,37.75,90.0,1434.0,44.0,55.0,0,0,0,0,0,0,-9.399999999999977,63096.0
L54769,L,26.950000000000045,37.950000000000045,90.0,1650.0,35.6,197.0,0,0,0,0,0,0,-11.0,58740.0
L51410,L,29.05000000000001,37.650000000000034,90.0,1772.0,29.6,49.0,0,0,0,0,0,0,-8.600000000000023,52451.200000000004
L53907,L,28.350000000000023,37.75,90.0,1736.0,26.9,96.0,0,0,0,0,0,0,-9.399999999999977,46698.399999999994
L56824,L,26.05000000000001,36.85000000000002,90.0,1629.0,32.6,177.0,0,0,0,0,0,0,-10.800000000000011,53105.4
M23697,M,24.350000000000023,35.950000000000045,90.0,1545.0,36.6,186.0,0,0,0,0,0,0,-11.600000000000023,56547.0
L49342,L,26.450000000000045,35.950000000000045,90.0,1391.0,47.0,144.0,0,0,0,0,0,0,-9.5,65377.0
L48663,L,24.850000000000023,35.75,90.0,1479.0,42.8,153.0,0,0,0,0,0,0,-10.899999999999977,63301.2
L55701,L,25.25,36.35000000000002,90.0,1390.0,50.4,202.0,0,0,0,0,0,0,-11.100000000000023,70056.0
M19989,M,30.950000000000045,40.450000000000045,90.0,1725.0,28.3,177.0,0,0,0,0,0,0,-9.5,48817.5
M15285,M,24.25,35.25,90.0,1665.0,28.9,181.0,0,0,0,0,0,0,-11.0,48118.5
L57107,L,25.150000000000034,35.450000000000045,90.0,1529.0,36.9,0.0,0,0,0,0,0,0,-10.300000000000011,56420.1
L47499,L,24.650000000000034,35.25,90.0,1553.0,32.1,183.0,0,0,0,0,0,0,-10.599999999999966,49851.3
H38884,H,25.25,36.25,90.0,1690.0,26.7,149.0,0,0,0,0,0,0,-11.0,45123.0
M23683,M,24.150000000000034,35.650000000000034,90.0,1447.0,57.4,150.0,0,0,0,0,0,0,-11.5,83057.8
H38593,H,24.350000000000023,35.450000000000045,90.0,1428.0,42.2,166.0,0,0,0,0,0,0,-11.100000000000023,60261.600000000006
L56962,L,25.650000000000034,36.450000000000045,90.0,1468.0,44.0,129.0,0,0,0,0,0,0,-10.800000000000011,64592.0
L49870,L,26.850000000000023,36.150000000000034,90.0,1729.0,26.5,37.0,0,0,0,0,0,0,-9.300000000000011,45818.5
L55410,L,25.950000000000045,37.35000000000002,90.0,1442.0,49.3,74.0,0,0,0,0,0,0,-11.399999999999977,71090.59999999999
L50470,L,28.150000000000034,37.05000000000001,90.0,1388.0,43.2,44.0,0,0,0,0,0,0,-8.899999999999977,59961.600000000006
M21711,M,27.950000000000045,38.25,90.0,1341.0,53.6,28.0,0,0,0,0,0,0,-10.299999999999955,71877.6
L53634,L,27.55000000000001,36.950000000000045,90.0,1568.0,33.7,93.0,0,0,0,0,0,0,-9.400000000000034,52841.600000000006
L49212,L,25.650000000000034,35.35000000000002,90.0,1426.0,46.2,78.0,0,0,0,0,0,0,-9.699999999999989,65881.2
L56337,L,24.350000000000023,35.35000000000002,90.0,1491.0,43.8,148.0,0,0,0,0,0,0,-11.0,65305.799999999996
M18462,M,28.55000000000001,37.450000000000045,90.0,1459.0,45.2,185.0,0,0,0,0,0,0,-8.900000000000034,65946.8
L54373,L,26.950000000000045,36.950000000000045,90.0,1550.0,37.3,64.0,0,0,0,0,0,0,-10.0,57814.99999999999
L55562,L,25.75,36.85000000000002,90.0,1419.0,49.0,81.0,0,0,0,0,0,0,-11.100000000000023,69531.0
L54116,L,27.55000000000001,37.950000000000045,90.0,1498.0,40.7,61.0,0,0,0,0,0,0,-10.400000000000034,60968.600000000006
M23124,M,25.850000000000023,37.450000000000045,90.0,1446.0,45.6,165.0,0,0,0,0,0,0,-11.600000000000023,65937.6
L56888,L,25.850000000000023,36.950000000000045,90.0,1544.0,39.9,89.0,0,0,0,0,0,0,-11.100000000000023,61605.6
L53290,L,27.850000000000023,37.75,90.0,1452.0,35.9,69.0,0,0,0,0,0,0,-9.899999999999977,52126.799999999996
H38287,H,24.850000000000023,35.950000000000045,90.0,1517.0,38.2,65.0,0,0,0,0,0,0,-11.100000000000023,57949.4
L56216,L,24.25,35.150000000000034,90.0,1478.0,37.7,45.0,0,0,0,0,0,0,-10.900000000000034,55720.600000000006
L49314,L,26.150000000000034,35.85000000000002,90.0,1643.0,33.1,146.0,0,0,0,0,0,0,-9.699999999999989,54383.3
H29997,H,24.55000000000001,36.35000000000002,90.0,1474.0,42.4,125.0,0,0,0,0,0,0,-11.800000000000011,62497.6
L49571,L,26.05000000000001,35.25,90.0,1607.0,33.7,142.0,0,0,0,0,0,0,-9.199999999999989,54155.9
L51979,L,30.350000000000023,39.35000000000002,90.0,1474.0,40.5,154.0,0,0,0,0,0,0,-9.0,59697.0
L57163,L,25.55000000000001,35.25,90.0,1435.0,43.0,17.0,0,0,0,0,0,0,-9.699999999999989,61705.0
M15345,M,24.25,35.85000000000002,90.0,1685.0,28.4,177.0,0,0,0,0,0,0,-11.600000000000023,47854.0
M15889,M,23.150000000000034,34.25,90.0,1260.0,51.1,53.0,0,0,0,0,0,0,-11.099999999999966,64386.0
M21950,M,27.55000000000001,37.55000000000001,90.0,1333.0,40.4,177.0,0,0,0,0,0,0,-10.0,53853.2
L48859,L,24.850000000000023,34.35000000000002,90.0,1792.0,27.9,215.0,0,0,0,0,0,0,-9.5,49996.799999999996
L53040,L,28.150000000000034,37.75,90.0,1339.0,51.6,82.0,0,0,0,0,0,0,-9.599999999999966,69092.40000000001
M19078,M,28.850000000000023,37.75,90.0,1555.0,34.4,24.0,0,0,0,0,0,0,-8.899999999999977,53492.0
L53007,L,28.150000000000034,37.85000000000002,90.0,1366.0,45.9,0.0,0,0,0,0,0,0,-9.699999999999989,62699.4
H38884,H,25.450000000000045,36.05000000000001,90.0,1523.0,38.7,35.0,0,0,0,0,0,0,-10.599999999999966,58940.100000000006
L54166,L,27.55000000000001,37.950000000000045,90.0,1570.0,35.0,161.0,0,0,0,0,0,0,-10.400000000000034,54950.0
M22546,M,27.350000000000023,38.55000000000001,90.0,1523.0,36.9,219.0,0,0,0,0,0,0,-11.199999999999989,56198.7
L49197,L,25.55000000000001,35.35000000000002,90.0,1483.0,45.7,109.0,0,0,0,0,0,0,-9.800000000000011,67773.1
L48591,L,25.75,36.75,90.0,1422.0,45.5,192.0,0,0,0,0,0,0,-11.0,64701.0
M21970,M,27.650000000000034,37.25,90.0,1512.0,36.8,59.0,0,0,0,0,0,0,-9.599999999999966,55641.6
M24027,M,24.450000000000045,35.55000000000001,90.0,1392.0,41.2,94.0,0,0,0,0,0,0,-11.099999999999966,57350.4
H29635,H,25.25,35.55000000000001,90.0,1515.0,40.0,141.0,0,0,0,0,0,0,-10.300000000000011,60600.0
L55763,L,24.25,35.05000000000001,90.0,1455.0,40.0,154.0,0,0,0,0,0,0,-10.800000000000011,58200.0
M20805,M,27.450000000000045,37.650000000000034,90.0,1415.0,39.5,87.0,0,0,0,0,0,0,-10.199999999999989,55892.5
L51052,L,29.350000000000023,38.75,90.0,1480.0,41.4,15.0,0,0,0,0,0,0,-9.399999999999977,61272.0
L52784,L,29.75,39.05000000000001,90.0,1512.0,35.4,152.0,0,0,0,0,0,0,-9.300000000000011,53524.799999999996
L55577,L,25.150000000000034,36.35000000000002,90.0,1566.0,37.4,129.0,0,0,0,0,0,0,-11.199999999999989,58568.399999999994
M21563,M,28.450000000000045,37.450000000000045,90.0,1576.0,36.6,64.0,0,0,0,0,0,0,-9.0,57681.600000000006
L52360,L,30.850000000000023,39.85000000000002,90.0,1372.0,50.8,203.0,0,0,0,0,0,0,-9.0,69697.59999999999
M17338,M,25.650000000000034,35.150000000000034,90.0,1339.0,59.9,143.0,0,0,0,0,0,0,-9.5,80206.09999999999
L50483,L,28.05000000000001,37.150000000000034,90.0,1486.0,36.8,64.0,0,0,0,0,0,0,-9.100000000000023,54684.799999999996
L53501,L,27.05000000000001,36.650000000000034,90.0,1286.0,54.5,160.0,0,0,0,0,0,0,-9.600000000000023,70087.0
L50049,L,27.650000000000034,36.55000000000001,90.0,1376.0,45.8,14.0,0,0,0,0,0,0,-8.899999999999977,63020.799999999996
L55275,L,27.05000000000001,38.55000000000001,90.0,1430.0,43.6,167.0,0,0,0,0,0,0,-11.5,62348.0
M19143,M,28.650000000000034,36.75,90.0,1618.0,34.0,182.0,0,0,0,0,0,0,-8.099999999999966,55012.0
L50503,L,28.350000000000023,37.35000000000002,90.0,1501.0,41.6,160.0,0,0,0,0,0,0,-9.0,62441.6
L53814,L,28.350000000000023,37.35000000000002,90.0,1396.0,44.5,204.0,0,0,0,0,0,0,-9.0,62122.0
M21708,M,27.950000000000045,38.150000000000034,90.0,1389.0,44.6,8.0,0,0,0,0,0,0,-10.199999999999989,61949.4
L55968,L,24.350000000000023,35.55000000000001,90.0,1439.0,41.2,94.0,0,0,0,0,0,0,-11.199999999999989,59286.8
L55251,L,27.350000000000023,38.85000000000002,90.0,1646.0,29.5,9.0,0,0,0,0,0,0,-11.5,48557.0
L49078,L,24.650000000000034,34.35000000000002,90.0,1432.0,42.7,157.0,0,0,0,0,0,0,-9.699999999999989,61146.4
M17035,M,26.350000000000023,36.05000000000001,90.0,1448.0,42.4,173.0,0,0,0,0,0,0,-9.699999999999989,61395.2
M16582,M,25.05000000000001,34.55000000000001,90.0,1426.0,21.6,93.0,0,0,0,0,0,0,-9.5,30801.600000000002
L50935,L,29.150000000000034,37.85000000000002,90.0,1438.0,42.7,156.0,0,0,0,0,0,0,-8.699999999999989,61402.600000000006
L52575,L,29.650000000000034,39.25,90.0,1443.0,36.8,13.0,0,0,0,0,0,0,-9.599999999999966,53102.399999999994
L57048,L,25.350000000000023,36.05000000000001,90.0,1426.0,44.1,201.0,0,0,0,0,0,0,-10.699999999999989,62886.6
L50781,L,28.55000000000001,37.35000000000002,90.0,1445.0,44.5,183.0,0,0,0,0,0,0,-8.800000000000011,64302.5
H35798,H,26.850000000000023,36.450000000000045,90.0,1553.0,40.5,123.0,0,0,0,0,0,0,-9.600000000000023,62896.5
L56301,L,24.450000000000045,35.150000000000034,90.0,1496.0,45.7,64.0,0,0,0,0,0,0,-10.699999999999989,68367.2
L49574,L,26.05000000000001,35.35000000000002,90.0,1488.0,44.9,68.0,0,0,0,0,0,0,-9.300000000000011,66811.2
M17816,M,27.350000000000023,36.650000000000034,90.0,1404.0,40.4,44.0,0,0,0,0,0,0,-9.300000000000011,56721.6
M24781,M,25.350000000000023,35.55000000000001,90.0,1570.0,40.9,33.0,0,0,0,0,0,0,-10.199999999999989,64213.0
M16866,M,25.350000000000023,35.150000000000034,90.0,1540.0,39.8,20.0,0,0,0,0,0,0,-9.800000000000011,61291.99999999999
L47395,L,25.150000000000034,35.450000000000045,90.0,1379.0,53.9,140.0,0,0,0,0,0,0,-10.300000000000011,74328.09999999999
M23798,M,24.25,35.25,90.0,1431.0,48.1,171.0,0,0,0,0,0,0,-11.0,68831.1
M23785,M,24.05000000000001,35.150000000000034,90.0,1405.0,41.1,74.0,0,0,0,0,0,0,-11.100000000000023,57745.5
L49450,L,26.05000000000001,35.35000000000002,90.0,1708.0,31.9,66.0,0,0,0,0,0,0,-9.300000000000011,54485.2
L48390,L,23.850000000000023,34.950000000000045,90.0,1474.0,39.0,196.0,0,0,0,0,0,0,-11.100000000000023,57486.0
L51460,L,28.950000000000045,37.85000000000002,90.0,1459.0,46.9,176.0,0,0,0,0,0,0,-8.899999999999977,68427.09999999999
L49319,L,26.25,35.85000000000002,90.0,1456.0,44.0,156.0,0,0,0,0,0,0,-9.600000000000023,64064.0
H38066,H,24.150000000000034,35.450000000000045,90.0,1424.0,44.4,110.0,0,0,0,0,0,0,-11.300000000000011,63225.6
M19066,M,29.150000000000034,37.650000000000034,90.0,1513.0,36.3,215.0,0,0,0,0,0,0,-8.5,54921.899999999994
L54908,L,27.25,38.55000000000001,90.0,1525.0,44.5,117.0,0,0,0,0,0,0,-11.300000000000011,67862.5
M21683,M,27.75,37.55000000000001,90.0,1433.0,48.4,163.0,0,0,0,0,0,0,-9.800000000000011,69357.2
L51443,L,29.450000000000045,37.85000000000002,90.0,1642.0,30.3,139.0,0,0,0,0,0,0,-8.399999999999977,49752.6
L57070,L,25.650000000000034,36.35000000000002,90.0,1645.0,33.0,157.0,0,0,0,0,0,0,-10.699999999999989,54285.0
M19019,M,28.850000000000023,37.25,90.0,1607.0,36.7,101.0,0,0,0,0,0,0,-8.399999999999977,58976.9
M14923,M,25.75,36.05000000000001,90.0,1465.0,39.9,96.0,0,0,0,0,0,0,-10.300000000000011,58453.5
L52347,L,31.05000000000001,40.35000000000002,90.0,1503.0,36.7,37.0,0,0,0,0,0,0,-9.300000000000011,55160.100000000006
M20561,M,29.25,38.75,90.0,1347.0,56.7,115.0,0,0,0,0,0,0,-9.5,76374.90000000001
L54803,L,27.350000000000023,38.55000000000001,90.0,1666.0,30.9,76.0,0,0,0,0,0,0,-11.199999999999989,51479.399999999994
L56145,L,23.950000000000045,34.75,90.0,1603.0,40.3,88.0,0,0,0,0,0,0,-10.799999999999955,64600.899999999994
L55214,L,27.450000000000045,38.75,90.0,1391.0,54.8,15.0,0,0,0,0,0,0,-11.299999999999955,76226.8
L55433,L,25.950000000000045,37.25,90.0,1620.0,31.0,129.0,0,0,0,0,0,0,-11.299999999999955,50220.0
L47368,L,25.05000000000001,35.35000000000002,90.0,1406.0,49.9,67.0,0,0,0,0,0,0,-10.300000000000011,70159.4
L55296,L,27.150000000000034,38.650000000000034,90.0,1457.0,48.7,12.0,0,0,0,0,0,0,-11.5,70955.90000000001
M22040,M,27.05000000000001,36.950000000000045,90.0,1484.0,45.2,27.0,0,0,0,0,0,0,-9.900000000000034,67076.8
L52879,L,29.350000000000023,38.75,90.0,1355.0,49.8,174.0,0,0,0,0,0,0,-9.399999999999977,67479.0
L55981,L,24.25,35.450000000000045,90.0,1488.0,36.4,135.0,0,0,0,0,0,0,-11.200000000000045,54163.2
L55275,L,27.05000000000001,38.450000000000045,90.0,1473.0,39.2,169.0,0,0,0,0,0,0,-11.400000000000034,57741.600000000006
L47561,L,24.350000000000023,35.35000000000002,90.0,1486.0,40.4,129.0,0,0,0,0,0,0,-11.0,60034.4
L48362,L,24.150000000000034,35.25,90.0,1498.0,39.7,25.0,0,0,0,0,0,0,-11.099999999999966,59470.600000000006
L50606,L,28.450000000000045,37.450000000000045,90.0,1452.0,53.3,158.0,0,0,0,0,0,0,-9.0,77391.59999999999
M17124,M,26.05000000000001,35.25,90.0,1585.0,43.5,181.0,0,0,0,0,0,0,-9.199999999999989,68947.5
L51403,L,28.850000000000023,37.55000000000001,90.0,1657.0,46.9,37.0,0,0,0,0,0,0,-8.699999999999989,77713.3
L51244,L,28.75,37.55000000000001,90.0,1469.0,46.6,64.0,0,0,0,0,0,0,-8.800000000000011,68455.40000000001
L56869,L,25.850000000000023,36.85000000000002,90.0,1561.0,35.1,46.0,0,0,0,0,0,0,-11.0,54791.100000000006
L48868,L,25.05000000000001,34.75,90.0,1565.0,42.9,13.0,0,0,0,0,0,0,-9.699999999999989,67138.5
L54258,L,27.55000000000001,37.35000000000002,90.0,1578.0,31.2,199.0,0,0,0,0,0,0,-9.800000000000011,49233.6
L53911,L,28.450000000000045,37.75,90.0,1385.0,45.9,107.0,0,0,0,0,0,0,-9.299999999999955,63571.5
H32328,H,27.450000000000045,36.25,90.0,1431.0,43.2,111.0,0,0,0,0,0,0,-8.799999999999955,61819.200000000004
L48631,L,25.75,37.25,90.0,1369.0,54.4,176.0,0,0,0,0,0,0,-11.5,74473.59999999999
M16233,M,25.650000000000034,37.150000000000034,90.0,1366.0,59.0,166.0,0,0,0,0,0,0,-11.5,80594.0
M16370,M,24.950000000000045,35.75,90.0,1435.0,43.2,181.0,0,0,0,0,0,0,-10.799999999999955,61992.00000000001
L53551,L,26.950000000000045,36.650000000000034,90.0,1546.0,36.7,101.0,0,0,0,0,0,0,-9.699999999999989,56738.200000000004
H32395,H,27.25,36.25,90.0,1694.0,40.4,112.0,0,0,0,0,0,0,-9.0,68437.59999999999
M17247,M,26.05000000000001,35.35000000000002,90.0,1474.0,33.5,15.0,0,0,0,0,0,0,-9.300000000000011,49379.0
L53625,L,27.55000000000001,37.05000000000001,90.0,1706.0,27.8,57.0,0,0,0,0,0,0,-9.5,47426.8
L51163,L,29.05000000000001,38.150000000000034,90.0,1389.0,46.9,48.0,0,0,0,0,0,0,-9.100000000000023,65144.1
M15724,M,22.650000000000034,33.35000000000002,90.0,1544.0,36.7,48.0,0,0,0,0,0,0,-10.699999999999989,56664.8
L53748,L,28.150000000000034,37.450000000000045,90.0,1521.0,30.8,148.0,0,0,0,0,0,0,-9.300000000000011,46846.8
H37956,H,25.350000000000023,36.25,90.0,1512.0,35.3,51.0,0,0,0,0,0,0,-10.899999999999977,53373.6
L55253,L,27.350000000000023,38.85000000000002,90.0,1558.0,47.7,28.0,0,0,0,0,0,0,-11.5,74316.6
L54272,L,27.55000000000001,37.05000000000001,90.0,1568.0,35.9,10.0,0,0,0,0,0,0,-9.5,56291.2
L47656,L,24.25,35.85000000000002,90.0,1478.0,37.7,154.0,0,0,0,0,0,0,-11.600000000000023,55720.600000000006
L50543,L,28.150000000000034,37.450000000000045,90.0,1651.0,28.3,16.0,0,0,0,0,0,0,-9.300000000000011,46723.3
H31036,H,24.55000000000001,34.75,90.0,1418.0,38.3,63.0,0,0,0,0,0,0,-10.199999999999989,54309.399999999994
L50030,L,27.25,36.150000000000034,90.0,1671.0,41.4,209.0,0,0,0,0,0,0,-8.900000000000034,69179.4
L51421,L,29.25,37.85000000000002,90.0,1669.0,30.0,79.0,0,0,0,0,0,0,-8.600000000000023,50070.0
M17291,M,25.75,34.950000000000045,90.0,1411.0,51.3,139.0,0,0,0,0,0,0,-9.200000000000045,72384.3
L48218,L,23.450000000000045,34.450000000000045,90.0,1668.0,34.4,190.0,0,0,0,0,0,0,-11.0,57379.2
M23654,M,24.25,35.35000000000002,90.0,1569.0,36.4,56.0,0,0,0,0,0,0,-11.100000000000023,57111.6
L47371,L,25.150000000000034,35.450000000000045,90.0,1480.0,40.4,72.0,0,0,0,0,0,0,-10.300000000000011,59792.0
M24285,M,24.950000000000045,35.75,90.0,1343.0,62.4,137.0,0,0,0,0,0,0,-10.799999999999955,83803.2
M19287,M,29.25,36.950000000000045,90.0,1520.0,42.9,86.0,0,0,0,0,0,0,-7.7000000000000455,65208.0
M16034,M,24.05000000000001,35.150000000000034,90.0,1568.0,34.1,0.0,0,0,0,0,0,0,-11.100000000000023,53468.8
M22987,M,26.950000000000045,38.150000000000034,90.0,1650.0,32.4,200.0,0,0,0,0,0,0,-11.199999999999989,53460.0
H35301,H,28.25,37.950000000000045,90.0,1596.0,41.4,2.0,0,0,0,0,0,0,-9.700000000000045,66074.4
M24776,M,25.350000000000023,35.650000000000034,90.0,1447.0,42.4,170.0,0,0,0,0,0,0,-10.300000000000011,61352.799999999996
H36821,H,26.650000000000034,37.75,90.0,1772.0,27.9,5.0,0,0,0,0,0,0,-11.099999999999966,49438.799999999996
L47471,L,25.05000000000001,35.150000000000034,90.0,1431.0,54.3,26.0,0,0,0,0,0,0,-10.100000000000023,77703.3
L51916,L,30.05000000000001,38.05000000000001,90.0,1563.0,37.9,0.0,0,0,0,0,0,0,-8.0,59237.7
M15614,M,23.75,34.950000000000045,90.0,1739.0,33.4,176.0,0,0,0,0,0,0,-11.200000000000045,58082.6
L56400,L,24.650000000000034,35.75,90.0,1282.0,58.1,146.0,0,0,0,0,0,0,-11.099999999999966,74484.2
M20528,M,29.150000000000034,38.450000000000045,90.0,1474.0,35.5,33.0,0,0,0,0,0,0,-9.300000000000011,52327.0
L48373,L,24.05000000000001,34.85000000000002,90.0,1451.0,47.7,49.0,0,0,0,0,0,0,-10.800000000000011,69212.7
L48481,L,25.55000000000001,36.75,90.0,1483.0,35.7,141.0,0,0,0,0,0,0,-11.199999999999989,52943.100000000006
L55858,L,24.25,35.35000000000002,90.0,1583.0,32.5,148.0,0,0,0,0,0,0,-11.100000000000023,51447.5
L50342,L,27.25,36.650000000000034,90.0,1476.0,41.0,159.0,0,0,0,0,0,0,-9.400000000000034,60516.0
L48663,L,24.850000000000023,36.450000000000045,90.0,1441.0,47.4,153.0,0,0,0,0,0,0,-11.600000000000023,68303.4
M20043,M,30.75,39.85000000000002,90.0,1740.0,29.9,110.0,0,0,0,0,0,0,-9.100000000000023,52026.0
L52891,L,29.05000000000001,38.450000000000045,90.0,1545.0,41.0,37.0,0,0,0,0,0,0,-9.400000000000034,63345.0
M23353,M,25.350000000000023,36.55000000000001,90.0,1448.0,43.1,131.0,0,0,0,0,0,0,-11.199999999999989,62408.8
L49211,L,25.650000000000034,35.450000000000045,90.0,1373.0,47.8,81.0,0,0,0,0,0,0,-9.800000000000011,65629.4
M17864,M,27.350000000000023,36.650000000000034,90.0,1466.0,53.2,172.0,0,0,0,0,0,0,-9.300000000000011,77991.2
L51496,L,28.650000000000034,36.950000000000045,90.0,1565.0,37.4,199.0,0,0,0,0,0,0,-8.300000000000011,58531.0
M24300,M,24.950000000000045,35.55000000000001,90.0,1353.0,50.7,65.0,0,0,0,0,0,0,-10.599999999999966,68597.1
L47617,L,24.25,35.150000000000034,90.0,1491.0,41.8,49.0,0,0,0,0,0,0,-10.900000000000034,62323.799999999996
H34166,H,30.350000000000023,38.450000000000045,90.0,1465.0,40.9,39.0,0,0,0,0,0,0,-8.100000000000023,59918.5
L50756,L,28.450000000000045,37.25,90.0,1451.0,44.7,116.0,0,0,0,0,0,0,-8.799999999999955,64859.700000000004
H38469,H,24.150000000000034,35.25,90.0,1664.0,30.6,90.0,0,0,0,0,0,0,-11.099999999999966,50918.4
L49194,L,25.450000000000045,35.25,90.0,1530.0,59.7,40.0,0,0,0,0,0,0,-9.799999999999955,91341.0
L54271,L,27.55000000000001,37.05000000000001,90.0,1440.0,42.0,8.0,0,0,0,0,0,0,-9.5,60480.0
L48613,L,25.650000000000034,36.650000000000034,90.0,1703.0,32.4,170.0,0,0,0,0,0,0,-11.0,55177.2
M24767,M,25.450000000000045,35.55000000000001,90.0,1487.0,39.6,197.0,0,0,0,0,0,0,-10.099999999999966,58885.200000000004
M19751,M,30.55000000000001,39.150000000000034,90.0,1624.0,34.3,190.0,0,0,0,0,0,0,-8.600000000000023,55703.2
L56688,L,26.05000000000001,37.150000000000034,90.0,1508.0,42.0,32.0,0,0,0,0,0,0,-11.100000000000023,63336.0
L56376,L,24.850000000000023,35.75,90.0,1630.0,37.7,49.0,0,0,0,0,0,0,-10.899999999999977,61451.00000000001
L51025,L,29.150000000000034,38.150000000000034,90.0,1520.0,37.5,171.0,0,0,0,0,0,0,-9.0,57000.0
L51215,L,28.850000000000023,37.650000000000034,90.0,1495.0,35.2,193.0,0,0,0,0,0,0,-8.800000000000011,52624.00000000001
L48407,L,23.950000000000045,35.25,90.0,1422.0,43.2,148.0,0,0,0,0,0,0,-11.299999999999955,61430.4
L54356,L,26.950000000000045,36.950000000000045,90.0,1611.0,31.6,44.0,0,0,0,0,0,0,-10.0,50907.600000000006
H35397,H,27.850000000000023,37.650000000000034,90.0,1403.0,47.3,20.0,0,0,0,0,0,0,-9.800000000000011,66361.9
H34202,H,30.55000000000001,39.35000000000002,90.0,1514.0,35.5,138.0,0,0,0,0,0,0,-8.800000000000011,53747.0
L50690,L,28.650000000000034,37.85000000000002,90.0,1564.0,37.0,164.0,0,0,0,0,0,0,-9.199999999999989,57868.0
L49480,L,26.150000000000034,35.450000000000045,90.0,1413.0,46.3,134.0,0,0,0,0,0,0,-9.300000000000011,65421.899999999994
M18668,M,29.150000000000034,37.650000000000034,90.0,1452.0,43.2,73.0,0,0,0,0,0,0,-8.5,62726.4
L50120,L,27.55000000000001,36.55000000000001,90.0,1532.0,38.9,201.0,0,0,0,0,0,0,-9.0,59594.799999999996
H30113,H,23.650000000000034,34.75,90.0,1487.0,36.2,74.0,0,0,0,0,0,0,-11.099999999999966,53829.4
M17478,M,26.25,35.950000000000045,90.0,1461.0,59.5,70.0,0,0,0,0,0,0,-9.700000000000045,86929.5
L47720,L,24.25,36.25,90.0,1473.0,60.5,94.0,0,0,0,0,0,0,-12.0,89116.5
L49838,L,26.850000000000023,36.25,90.0,1488.0,42.4,181.0,0,0,0,0,0,0,-9.399999999999977,63091.2
L55651,L,25.450000000000045,36.650000000000034,90.0,1332.0,48.7,76.0,0,0,0,0,0,0,-11.199999999999989,64868.4
L54996,L,26.650000000000034,38.05000000000001,90.0,1705.0,28.3,137.0,0,0,0,0,0,0,-11.399999999999977,48251.5
L54249,L,27.55000000000001,37.450000000000045,90.0,1478.0,39.5,175.0,0,0,0,0,0,0,-9.900000000000034,58381.0
M16472,M,24.75,34.75,90.0,1540.0,39.9,38.0,0,0,0,0,0,0,-10.0,61446.0
L51282,L,28.850000000000023,37.75,90.0,1547.0,40.8,165.0,0,0,0,0,0,0,-8.899999999999977,63117.6
M18692,M,29.150000000000034,37.75,90.0,1465.0,43.5,140.0,0,0,0,0,0,0,-8.599999999999966,63727.5
L55024,L,26.950000000000045,38.150000000000034,90.0,1658.0,30.2,208.0,0,0,0,0,0,0,-11.199999999999989,50071.6
L55013,L,26.850000000000023,38.25,90.0,1604.0,38.7,124.0,0,0,0,0,0,0,-11.399999999999977,62074.8
L49048,L,25.150000000000034,34.85000000000002,90.0,1361.0,53.8,81.0,0,0,0,0,0,0,-9.699999999999989,73221.8
L54285,L,27.75,37.25,90.0,1536.0,34.2,94.0,0,0,0,0,0,0,-9.5,52531.200000000004
L53957,L,28.05000000000001,37.55000000000001,90.0,1382.0,47.2,44.0,0,0,0,0,0,0,-9.5,65230.4
H33341,H,29.55000000000001,37.85000000000002,90.0,1418.0,50.3,156.0,0,0,0,0,0,0,-8.300000000000011,71325.4
L54765,L,27.25,37.950000000000045,90.0,1504.0,41.4,187.0,0,0,0,0,0,0,-10.700000000000045,62265.6
L50237,L,27.05000000000001,35.950000000000045,90.0,1397.0,51.8,195.0,0,0,0,0,0,0,-8.900000000000034,72364.59999999999
M19509,M,29.350000000000023,38.75,90.0,1308.0,52.0,45.0,1,0,1,0,0,0,-9.399999999999977,68016.0
L47988,L,23.75,34.55000000000001,90.0,1445.0,42.0,120.0,0,0,0,0,0,0,-10.800000000000011,60690.0
M17830,M,27.650000000000034,36.55000000000001,90.0,1501.0,40.9,146.0,0,0,0,0,0,0,-8.899999999999977,61390.9
L56360,L,24.950000000000045,35.950000000000045,90.0,1393.0,52.5,40.0,0,0,0,0,0,0,-11.0,73132.5
M18755,M,29.150000000000034,37.950000000000045,90.0,1546.0,35.2,71.0,0,0,0,0,0,0,-8.800000000000011,54419.200000000004
M19930,M,30.950000000000045,40.05000000000001,90.0,1408.0,52.6,20.0,0,0,0,0,0,0,-9.099999999999966,74060.8
M22349,M,27.150000000000034,38.55000000000001,90.0,1596.0,31.2,173.0,0,0,0,0,0,0,-11.399999999999977,49795.2
M23560,M,24.350000000000023,35.450000000000045,90.0,1408.0,44.5,76.0,0,0,0,0,0,0,-11.100000000000023,62656.0
L56016,L,24.25,35.75,90.0,1473.0,47.9,174.0,0,0,0,0,0,0,-11.5,70556.7
L57128,L,25.05000000000001,34.75,90.0,1704.0,30.1,109.0,0,0,0,0,0,0,-9.699999999999989,51290.4
L56424,L,25.05000000000001,35.650000000000034,90.0,1767.0,27.3,171.0,0,0,0,0,0,0,-10.600000000000023,48239.1
M22392,M,26.950000000000045,38.25,90.0,1427.0,41.2,179.0,0,0,0,0,0,0,-11.299999999999955,58792.4
L56175,L,24.05000000000001,34.85000000000002,90.0,1474.0,47.1,162.0,0,0,0,0,0,0,-10.800000000000011,69425.40000000001
L54959,L,27.350000000000023,38.55000000000001,90.0,1384.0,47.2,47.0,0,0,0,0,0,0,-11.199999999999989,65324.8
L52146,L,30.75,39.450000000000045,90.0,1693.0,28.1,170.0,0,0,0,0,0,0,-8.700000000000045,47573.3
H33580,H,29.150000000000034,37.35000000000002,90.0,1525.0,41.9,13.0,0,0,0,0,0,0,-8.199999999999989,63897.5
L55083,L,27.650000000000034,39.35000000000002,90.0,1511.0,36.7,131.0,0,0,0,0,0,0,-11.699999999999989,55453.700000000004
L54753,L,27.150000000000034,37.950000000000045,90.0,1601.0,37.1,160.0,0,0,0,0,0,0,-10.800000000000011,59397.100000000006
L48497,L,25.850000000000023,36.75,90.0,1429.0,41.6,141.0,0,0,0,0,0,0,-10.899999999999977,59446.4
L56255,L,24.150000000000034,34.950000000000045,90.0,1506.0,45.7,150.0,0,0,0,0,0,0,-10.800000000000011,68824.2
L49692,L,25.75,35.650000000000034,90.0,1731.0,28.6,5.0,0,0,0,0,0,0,-9.900000000000034,49506.600000000006
L55562,L,25.75,36.85000000000002,90.0,1589.0,27.3,58.0,0,0,0,0,0,0,-11.100000000000023,43379.700000000004
L56122,L,24.25,35.150000000000034,90.0,1398.0,47.8,32.0,0,0,0,0,0,0,-10.900000000000034,66824.4
L50899,L,28.950000000000045,38.35000000000002,90.0,1366.0,46.4,54.0,0,0,0,0,0,0,-9.399999999999977,63382.4
L55922,L,24.25,35.55000000000001,90.0,1469.0,39.0,119.0,0,0,0,0,0,0,-11.300000000000011,57291.0
M16600,M,25.350000000000023,34.75,90.0,1540.0,39.2,146.0,0,0,0,0,0,0,-9.399999999999977,60368.00000000001
L55829,L,24.25,35.25,90.0,1525.0,43.8,97.0,0,0,0,0,0,0,-11.0,66795.0
M22418,M,27.150000000000034,38.05000000000001,90.0,1436.0,42.1,121.0,0,0,0,0,0,0,-10.899999999999977,60455.6
L54503,L,26.75,37.05000000000001,90.0,1403.0,48.3,170.0,0,0,0,0,0,0,-10.300000000000011,67764.9
L57107,L,25.25,35.450000000000045,90.0,1419.0,44.0,53.0,0,0,0,0,0,0,-10.200000000000045,62436.0
M23667,M,24.25,35.450000000000045,90.0,1499.0,40.5,85.0,0,0,0,0,0,0,-11.200000000000045,60709.5
M17762,M,27.150000000000034,36.35000000000002,90.0,1339.0,50.0,107.0,0,0,0,0,0,0,-9.199999999999989,66950.0
H35969,H,28.25,37.650000000000034,90.0,1459.0,37.6,157.0,0,0,0,0,0,0,-9.400000000000034,54858.4
L47658,L,24.25,35.85000000000002,90.0,1552.0,35.8,161.0,0,0,0,0,0,0,-11.600000000000023,55561.6
L55789,L,24.25,35.450000000000045,90.0,1521.0,37.5,2.0,0,0,0,0,0,0,-11.200000000000045,57037.5
L51213,L,28.850000000000023,37.650000000000034,90.0,1487.0,40.6,229.0,0,0,0,0,0,0,-8.800000000000011,60372.200000000004
L49939,L,26.55000000000001,35.950000000000045,90.0,1565.0,41.1,97.0,0,0,0,0,0,0,-9.400000000000034,64321.5
M20039,M,31.05000000000001,40.25,90.0,1490.0,44.0,43.0,0,0,0,0,0,0,-9.199999999999989,65560.0
H38801,H,24.25,34.75,90.0,1743.0,26.3,131.0,0,0,0,0,0,0,-10.5,45840.9
L50721,L,28.75,37.75,90.0,1546.0,43.4,29.0,0,0,0,0,0,0,-9.0,67096.4
L49403,L,26.450000000000045,35.85000000000002,90.0,1413.0,48.4,153.0,0,0,0,0,0,0,-9.399999999999977,68389.2
M24203,M,25.05000000000001,35.55000000000001,90.0,1446.0,44.9,7.0,0,0,0,0,0,0,-10.5,64925.4
L53162,L,27.55000000000001,37.650000000000034,90.0,1353.0,47.8,190.0,0,0,0,0,0,0,-10.100000000000023,64673.399999999994
M22930,M,27.350000000000023,38.85000000000002,90.0,1364.0,50.1,112.0,0,0,0,0,0,0,-11.5,68336.40000000001
L53673,L,27.850000000000023,36.85000000000002,90.0,1363.0,53.2,173.0,0,0,0,0,0,0,-9.0,72511.6
L54367,L,27.25,37.150000000000034,90.0,1402.0,49.3,49.0,0,0,0,0,0,0,-9.900000000000034,69118.59999999999
H38157,H,24.25,35.55000000000001,90.0,1419.0,49.6,210.0,0,0,0,0,0,0,-11.300000000000011,70382.40000000001
L55420,L,25.850000000000023,37.25,90.0,1527.0,38.7,96.0,0,0,0,0,0,0,-11.399999999999977,59094.9
L47359,L,25.05000000000001,35.150000000000034,90.0,1304.0,40.2,45.0,0,0,0,0,0,0,-10.100000000000023,52420.8
M21957,M,27.450000000000045,37.05000000000001,90.0,1233.0,52.3,171.0,0,0,0,0,0,0,-9.599999999999966,64485.899999999994
L53396,L,27.950000000000045,37.450000000000045,90.0,1488.0,40.1,208.0,0,0,0,0,0,0,-9.5,59668.8
L55961,L,24.350000000000023,35.55000000000001,90.0,1552.0,42.3,5.0,0,0,0,0,0,0,-11.199999999999989,65649.59999999999
M16349,M,25.05000000000001,35.85000000000002,90.0,1723.0,27.6,168.0,0,0,0,0,0,0,-10.800000000000011,47554.8
L53040,L,28.150000000000034,37.75,90.0,1497.0,44.7,148.0,0,0,0,0,0,0,-9.599999999999966,66915.90000000001
L55420,L,25.850000000000023,37.35000000000002,90.0,1403.0,47.8,96.0,0,0,0,0,0,0,-11.5,67063.4
L49572,L,26.150000000000034,35.450000000000045,90.0,1679.0,31.6,144.0,0,0,0,0,0,0,-9.300000000000011,53056.4
L48238,L,23.55000000000001,34.650000000000034,90.0,1605.0,31.3,101.0,0,0,0,0,0,0,-11.100000000000023,50236.5
L49403,L,26.55000000000001,35.85000000000002,90.0,1566.0,35.8,153.0,0,0,0,0,0,0,-9.300000000000011,56062.799999999996
M17053,M,26.350000000000023,35.650000000000034,90.0,1448.0,41.4,46.0,0,0,0,0,0,0,-9.300000000000011,59947.2
L48542,L,25.450000000000045,36.950000000000045,90.0,1422.0,42.1,66.0,0,0,0,0,0,0,-11.5,59866.200000000004
L56114,L,24.25,35.05000000000001,90.0,1601.0,35.7,154.0,0,0,0,0,0,0,-10.800000000000011,57155.700000000004
L47885,L,24.55000000000001,35.85000000000002,90.0,1507.0,41.6,94.0,0,0,0,0,0,0,-11.300000000000011,62691.200000000004
H35898,H,27.450000000000045,36.650000000000034,90.0,1565.0,37.7,176.0,0,0,0,0,0,0,-9.199999999999989,59000.50000000001
L49124,L,24.950000000000045,34.950000000000045,90.0,1629.0,30.6,54.0,0,0,0,0,0,0,-10.0,49847.4
M17959,M,26.850000000000023,35.950000000000045,90.0,1413.0,46.7,185.0,0,0,0,0,0,0,-9.100000000000023,65987.1
L51267,L,28.850000000000023,37.25,90.0,1376.0,54.9,57.0,1,0,1,0,0,0,-8.399999999999977,75542.4
L55798,L,24.55000000000001,35.35000000000002,90.0,1412.0,50.3,104.0,0,0,0,0,0,0,-10.800000000000011,71023.59999999999
M24298,M,24.950000000000045,35.650000000000034,90.0,1364.0,49.6,59.0,0,0,0,0,0,0,-10.699999999999989,67654.40000000001
L51638,L,29.450000000000045,37.150000000000034,90.0,1553.0,47.7,10.0,0,0,0,0,0,0,-7.699999999999989,74078.1
L52308,L,31.05000000000001,40.25,90.0,1590.0,42.5,98.0,0,0,0,0,0,0,-9.199999999999989,67575.0
L53361,L,27.75,37.75,90.0,1431.0,48.5,19.0,0,0,0,0,0,0,-10.0,69403.5
L53040,L,28.150000000000034,37.75,90.0,1566.0,33.1,13.0,0,0,0,0,0,0,-9.599999999999966,51834.600000000006
L47992,L,23.650000000000034,34.450000000000045,90.0,1351.0,57.9,128.0,0,0,0,0,0,0,-10.800000000000011,78222.9
L56919,L,25.75,36.85000000000002,90.0,1515.0,42.9,190.0,0,0,0,0,0,0,-11.100000000000023,64993.5
M23806,M,24.150000000000034,35.25,90.0,1688.0,30.9,24.0,0,0,0,0,0,0,-11.099999999999966,52159.2
L50766,L,28.650000000000034,37.25,90.0,1529.0,43.0,73.0,0,0,0,0,0,0,-8.599999999999966,65747.0
L55266,L,27.150000000000034,38.650000000000034,90.0,1712.0,27.4,173.0,0,0,0,0,0,0,-11.5,46908.799999999996
L48891,L,25.05000000000001,34.650000000000034,90.0,1455.0,46.2,70.0,0,0,0,0,0,0,-9.600000000000023,67221.0
L48139,L,22.650000000000034,33.35000000000002,90.0,1505.0,35.2,88.0,0,0,0,0,0,0,-10.699999999999989,52976.00000000001
M20857,M,27.350000000000023,37.05000000000001,90.0,1571.0,34.6,171.0,0,0,0,0,0,0,-9.699999999999989,54356.600000000006
L55352,L,26.75,38.25,90.0,1471.0,28.9,160.0,0,0,0,0,0,0,-11.5,42511.9
L55255,L,27.25,38.85000000000002,90.0,1619.0,31.0,117.0,0,0,0,0,0,0,-11.600000000000023,50189.0
L55988,L,24.25,35.150000000000034,90.0,1484.0,40.1,88.0,0,0,0,0,0,0,-10.900000000000034,59508.4
L56246,L,24.05000000000001,35.150000000000034,90.0,1446.0,30.3,124.0,0,0,0,0,0,0,-11.100000000000023,43813.8
L54391,L,26.650000000000034,36.55000000000001,90.0,1547.0,40.3,101.0,0,0,0,0,0,0,-9.899999999999977,62344.1
M18756,M,29.150000000000034,38.05000000000001,90.0,1627.0,33.2,74.0,0,0,0,0,0,0,-8.899999999999977,54016.4
M20410,M,29.150000000000034,38.75,90.0,1517.0,40.3,159.0,0,0,0,0,0,0,-9.599999999999966,61135.1
M21740,M,27.75,38.05000000000001,90.0,1427.0,43.5,108.0,0,0,0,0,0,0,-10.300000000000011,62074.5
L54769,L,27.25,37.85000000000002,90.0,1487.0,26.0,197.0,0,0,0,0,0,0,-10.600000000000023,38662.0
M21824,M,27.55000000000001,37.85000000000002,90.0,1432.0,49.3,67.0,0,0,0,0,0,0,-10.300000000000011,70597.59999999999
M21683,M,27.850000000000023,37.75,90.0,1622.0,37.1,159.0,0,0,0,0,0,0,-9.899999999999977,60176.200000000004
L50147,L,27.450000000000045,36.25,90.0,1422.0,50.6,71.0,0,0,0,0,0,0,-8.799999999999955,71953.2
L52284,L,31.05000000000001,40.25,90.0,1339.0,44.7,107.0,0,0,0,0,0,0,-9.199999999999989,59853.3
M15201,M,24.75,36.35000000000002,90.0,1538.0,32.2,127.0,0,0,0,0,0,0,-11.600000000000023,49523.600000000006
M16375,M,25.05000000000001,35.75,90.0,1443.0,41.2,22.0,0,0,0,0,0,0,-10.699999999999989,59451.600000000006
M23210,M,25.55000000000001,36.55000000000001,90.0,1382.0,43.0,186.0,0,0,0,0,0,0,-11.0,59426.0
L54861,L,27.55000000000001,38.55000000000001,90.0,1471.0,39.6,207.0,0,0,0,0,0,0,-11.0,58251.6
L49720,L,25.950000000000045,35.650000000000034,90.0,1382.0,59.4,88.0,0,0,0,0,0,0,-9.699999999999989,82090.8
L53132,L,27.55000000000001,37.650000000000034,90.0,1548.0,40.0,102.0,0,0,0,0,0,0,-10.100000000000023,61920.0
L50690,L,28.55000000000001,37.85000000000002,90.0,1320.0,56.8,162.0,0,0,0,0,0,0,-9.300000000000011,74976.0
M21014,M,27.850000000000023,37.75,90.0,1415.0,44.8,179.0,0,0,0,0,0,0,-9.899999999999977,63391.99999999999
H34799,H,29.75,39.150000000000034,90.0,1520.0,38.3,201.0,0,0,0,0,0,0,-9.400000000000034,58215.99999999999
M15033,M,25.150000000000034,34.85000000000002,90.0,1586.0,33.7,32.0,0,0,0,0,0,0,-9.699999999999989,53448.200000000004
L55361,L,26.450000000000045,37.75,90.0,1621.0,33.7,183.0,0,0,0,0,0,0,-11.299999999999955,54627.700000000004
L47231,L,25.650000000000034,35.950000000000045,90.0,1387.0,54.9,49.0,0,0,0,0,0,0,-10.300000000000011,76146.3
L47349,L,25.25,35.150000000000034,90.0,1390.0,52.7,22.0,0,0,0,0,0,0,-9.900000000000034,73253.0
L56242,L,24.05000000000001,35.150000000000034,90.0,1576.0,42.5,113.0,0,0,0,0,0,0,-11.100000000000023,66980.0
L54808,L,27.350000000000023,38.55000000000001,90.0,1418.0,44.1,156.0,0,0,0,0,0,0,-11.199999999999989,62533.8
L48892,L,25.150000000000034,34.75,90.0,1551.0,35.8,72.0,0,0,0,0,0,0,-9.599999999999966,55525.799999999996
L55669,L,25.25,36.25,90.0,1312.0,54.3,124.0,0,0,0,0,0,0,-11.0,71241.59999999999
H30936,H,25.25,35.35000000000002,90.0,1335.0,52.7,36.0,0,0,0,0,0,0,-10.100000000000023,70354.5
M19393,M,29.25,37.25,90.0,1481.0,42.7,161.0,0,0,0,0,0,0,-8.0,63238.700000000004
L47231,L,25.650000000000034,35.950000000000045,90.0,1473.0,42.1,66.0,0,0,0,0,0,0,-10.300000000000011,62013.3
L52823,L,29.350000000000023,38.950000000000045,90.0,1574.0,42.0,188.0,0,0,0,0,0,0,-9.600000000000023,66108.0
M24487,M,25.850000000000023,36.85000000000002,90.0,1425.0,49.9,154.0,0,0,0,0,0,0,-11.0,71107.5
L57145,L,25.150000000000034,34.75,90.0,1496.0,28.9,147.0,0,0,0,0,0,0,-9.599999999999966,43234.4
L50825,L,29.05000000000001,38.35000000000002,90.0,1413.0,48.9,155.0,0,0,0,0,0,0,-9.300000000000011,69095.7
M19124,M,29.25,37.85000000000002,90.0,1542.0,43.1,141.0,0,0,0,0,0,0,-8.600000000000023,66460.2
L48276,L,23.850000000000023,34.55000000000001,90.0,1680.0,36.7,20.0,0,0,0,0,0,0,-10.699999999999989,61656.00000000001
L49175,L,25.150000000000034,34.85000000000002,90.0,1607.0,33.9,196.0,0,0,0,0,0,0,-9.699999999999989,54477.299999999996
L51364,L,29.05000000000001,37.55000000000001,90.0,1270.0,55.7,159.0,1,0,1,0,0,0,-8.5,70739.0
L47438,L,25.05000000000001,35.05000000000001,90.0,1482.0,37.9,17.0,0,0,0,0,0,0,-10.0,56167.799999999996
L49694,L,25.75,35.450000000000045,90.0,1650.0,30.9,15.0,0,0,0,0,0,0,-9.700000000000045,50985.0
H33815,H,29.150000000000034,36.950000000000045,90.0,1482.0,37.6,63.0,0,0,0,0,0,0,-7.800000000000011,55723.200000000004
H38797,H,24.55000000000001,35.05000000000001,90.0,1564.0,33.6,117.0,0,0,0,0,0,0,-10.5,52550.4
L56246,L,24.05000000000001,35.25,90.0,1405.0,47.3,124.0,0,0,0,0,0,0,-11.199999999999989,66456.5
L51793,L,29.850000000000023,37.950000000000045,90.0,1620.0,30.5,188.0,0,0,0,0,0,0,-8.100000000000023,49410.0
L48490,L,25.75,37.05000000000001,90.0,1498.0,29.9,160.0,0,0,0,0,0,0,-11.300000000000011,44790.2
M24487,M,25.75,36.950000000000045,90.0,1511.0,36.4,33.0,0,0,0,0,0,0,-11.200000000000045,55000.4
L56553,L,24.55000000000001,35.25,90.0,1553.0,40.9,86.0,0,0,0,0,0,0,-10.699999999999989,63517.7
L54950,L,27.150000000000034,38.35000000000002,90.0,1523.0,32.2,17.0,0,0,0,0,0,0,-11.199999999999989,49040.600000000006
L55174,L,27.850000000000023,39.150000000000034,90.0,1465.0,43.5,13.0,0,0,0,0,0,0,-11.300000000000011,63727.5
M15169,M,24.75,35.450000000000045,90.0,1449.0,32.3,38.0,0,0,0,0,0,0,-10.700000000000045,46802.7
M24717,M,25.450000000000045,36.55000000000001,90.0,1366.0,48.8,65.0,0,0,0,0,0,0,-11.099999999999966,66660.8
L50643,L,28.450000000000045,37.55000000000001,90.0,1551.0,46.8,32.0,0,0,0,0,0,0,-9.099999999999966,72586.79999999999
M16098,M,23.950000000000045,35.150000000000034,90.0,1626.0,30.8,171.0,0,0,0,0,0,0,-11.199999999999989,50080.8
L49285,L,26.25,35.950000000000045,90.0,1495.0,45.6,55.0,0,0,0,0,0,0,-9.700000000000045,68172.0
L53605,L,27.150000000000034,36.75,90.0,1544.0,56.1,12.0,0,0,0,0,0,0,-9.599999999999966,86618.40000000001
L49271,L,26.25,35.950000000000045,90.0,1457.0,46.1,40.0,0,0,0,0,0,0,-9.700000000000045,67167.7
L50591,L,28.150000000000034,37.150000000000034,90.0,1451.0,44.3,179.0,0,0,0,0,0,0,-9.0,64279.299999999996
L57148,L,25.25,34.85000000000002,90.0,1391.0,49.4,154.0,0,0,0,0,0,0,-9.600000000000023,68715.4
M23447,M,24.350000000000023,35.450000000000045,90.0,1641.0,31.9,4.0,0,0,0,0,0,0,-11.100000000000023,52347.899999999994
L55694,L,25.05000000000001,36.55000000000001,90.0,1523.0,36.6,187.0,0,0,0,0,0,0,-11.5,55741.8
L47498,L,24.650000000000034,35.25,90.0,1512.0,39.9,148.0,0,0,0,0,0,0,-10.599999999999966,60328.799999999996
M22956,M,27.05000000000001,38.55000000000001,90.0,1482.0,39.8,171.0,0,0,0,0,0,0,-11.5,58983.6
L49935,L,26.55000000000001,36.05000000000001,90.0,1465.0,46.5,5.0,0,0,0,0,0,0,-9.5,68122.5
M22291,M,26.950000000000045,38.25,90.0,1352.0,61.8,10.0,0,0,0,0,0,0,-11.299999999999955,83553.59999999999
L48962,L,25.450000000000045,34.950000000000045,90.0,1496.0,38.5,50.0,0,0,0,0,0,0,-9.5,57596.0
H30102,H,24.450000000000045,35.85000000000002,90.0,1636.0,36.7,41.0,0,0,0,0,0,0,-11.399999999999977,60041.200000000004
M21081,M,28.05000000000001,37.75,90.0,1415.0,48.6,117.0,0,0,0,0,0,0,-9.699999999999989,68769.0
L54936,L,27.350000000000023,38.55000000000001,90.0,1563.0,40.2,158.0,0,0,0,0,0,0,-11.199999999999989,62832.600000000006
L56192,L,24.05000000000001,34.85000000000002,90.0,1353.0,47.8,0.0,0,0,0,0,0,0,-10.800000000000011,64673.399999999994
L56753,L,26.350000000000023,37.55000000000001,90.0,1491.0,42.3,195.0,0,0,0,0,0,0,-11.199999999999989,63069.299999999996
M23191,M,25.650000000000034,36.55000000000001,90.0,1385.0,44.9,35.0,0,0,0,0,0,0,-10.899999999999977,62186.5
L53142,L,27.350000000000023,37.650000000000034,90.0,1453.0,48.0,125.0,0,0,0,0,0,0,-10.300000000000011,69744.0
L56498,L,25.05000000000001,35.85000000000002,90.0,1589.0,35.1,179.0,0,0,0,0,0,0,-10.800000000000011,55773.9
L48844,L,24.850000000000023,34.85000000000002,90.0,1491.0,43.8,162.0,0,0,0,0,0,0,-10.0,65305.799999999996
M20039,M,30.75,39.950000000000045,90.0,1369.0,50.9,142.0,0,0,0,0,0,0,-9.200000000000045,69682.09999999999
L49463,L,26.150000000000034,35.55000000000001,90.0,1515.0,37.2,96.0,0,0,0,0,0,0,-9.399999999999977,56358.00000000001
L47786,L,23.850000000000023,34.75,90.0,1458.0,50.5,38.0,0,0,0,0,0,0,-10.899999999999977,73629.0
L53457,L,28.05000000000001,37.650000000000034,90.0,1530.0,38.9,174.0,0,0,0,0,0,0,-9.600000000000023,59517.0
L51285,L,28.75,37.450000000000045,90.0,1583.0,39.9,76.0,0,0,0,0,0,0,-8.700000000000045,63161.7
L49268,L,26.350000000000023,36.150000000000034,90.0,1348.0,51.4,90.0,0,0,0,0,0,0,-9.800000000000011,69287.2
H39398,H,25.350000000000023,35.05000000000001,90.0,1436.0,42.0,16.0,0,0,0,0,0,0,-9.699999999999989,60312.0
L55973,L,24.25,35.450000000000045,90.0,1605.0,31.6,52.0,0,0,0,0,0,0,-11.200000000000045,50718.0
L54256,L,27.55000000000001,37.35000000000002,90.0,1472.0,48.7,194.0,0,0,0,0,0,0,-9.800000000000011,71686.40000000001
L53822,L,28.450000000000045,37.450000000000045,90.0,1712.0,26.5,137.0,0,0,0,0,0,0,-9.0,45368.0
L53618,L,27.55000000000001,37.05000000000001,90.0,1500.0,43.2,42.0,0,0,0,0,0,0,-9.5,64800.00000000001
M24209,M,25.05000000000001,35.85000000000002,90.0,1615.0,33.9,49.0,0,0,0,0,0,0,-10.800000000000011,54748.5
M17003,M,26.25,35.75,90.0,1466.0,41.8,21.0,0,0,0,0,0,0,-9.5,61278.799999999996
L49642,L,25.75,35.450000000000045,90.0,1447.0,49.4,117.0,0,0,0,0,0,0,-9.700000000000045,71481.8
L47219,L,25.650000000000034,36.950000000000045,90.0,1453.0,41.6,0.0,0,0,0,0,0,0,-11.300000000000011,60444.8
L50497,L,28.25,37.25,90.0,1736.0,29.4,179.0,0,0,0,0,0,0,-9.0,51038.399999999994
L51310,L,28.75,37.25,90.0,1486.0,43.2,26.0,0,0,0,0,0,0,-8.5,64195.200000000004
M17286,M,25.75,35.05000000000001,90.0,1472.0,47.7,139.0,0,0,0,0,0,0,-9.300000000000011,70214.40000000001
L47971,L,23.650000000000034,34.75,90.0,1741.0,28.4,72.0,0,0,0,0,0,0,-11.099999999999966,49444.399999999994
L56610,L,24.950000000000045,35.25,90.0,1671.0,28.8,44.0,0,0,0,0,0,0,-10.299999999999955,48124.8
L52085,L,30.350000000000023,39.150000000000034,90.0,1386.0,56.5,9.0,0,0,0,0,0,0,-8.800000000000011,78309.0
H39163,H,25.55000000000001,36.450000000000045,90.0,1412.0,40.0,192.0,0,0,0,0,0,0,-10.900000000000034,56480.0
M20596,M,29.150000000000034,38.75,90.0,1435.0,46.2,212.0,0,0,0,0,0,0,-9.599999999999966,66297.0
M23439,M,25.150000000000034,36.25,90.0,1615.0,32.8,96.0,0,0,0,0,0,0,-11.099999999999966,52971.99999999999
L53936,L,28.55000000000001,37.85000000000002,90.0,1377.0,55.1,187.0,1,0,0,0,1,0,-9.300000000000011,75872.7
M17741,M,27.350000000000023,36.150000000000034,90.0,1446.0,48.2,33.0,0,0,0,0,0,0,-8.800000000000011,69697.2
L53412,L,28.150000000000034,37.85000000000002,90.0,1375.0,51.6,151.0,0,0,0,0,0,0,-9.699999999999989,70950.0
L49286,L,26.25,35.950000000000045,90.0,1530.0,37.3,160.0,0,0,0,0,0,0,-9.700000000000045,57068.99999999999
M15847,M,23.150000000000034,33.950000000000045,90.0,1534.0,33.9,151.0,0,0,0,0,0,0,-10.800000000000011,52002.6
L57001,L,25.450000000000045,36.25,90.0,1383.0,35.6,185.0,0,0,0,0,0,0,-10.799999999999955,49234.8
L56319,L,24.350000000000023,35.35000000000002,90.0,1498.0,40.0,108.0,0,0,0,0,0,0,-11.0,59920.0
L53474,L,27.950000000000045,37.150000000000034,90.0,1429.0,44.6,91.0,0,0,0,0,0,0,-9.199999999999989,63733.4
L55609,L,25.850000000000023,37.150000000000034,90.0,1553.0,36.0,181.0,0,0,0,0,0,0,-11.300000000000011,55908.0
L47407,L,25.150000000000034,35.35000000000002,90.0,1569.0,33.4,168.0,0,0,0,0,0,0,-10.199999999999989,52404.6
L55406,L,25.950000000000045,37.35000000000002,90.0,1798.0,23.7,64.0,0,0,0,0,0,0,-11.399999999999977,42612.6
L56781,L,25.75,36.950000000000045,90.0,1309.0,57.5,61.0,0,0,0,0,0,0,-11.200000000000045,75267.5
L49461,L,26.150000000000034,35.55000000000001,90.0,1393.0,47.6,94.0,0,0,0,0,0,0,-9.399999999999977,66306.8
H38807,H,24.55000000000001,35.05000000000001,90.0,1566.0,43.0,72.0,0,0,0,0,0,0,-10.5,67338.0
H32073,H,26.650000000000034,36.35000000000002,90.0,1670.0,28.7,161.0,0,0,0,0,0,0,-9.699999999999989,47929.0
L55230,L,27.05000000000001,38.35000000000002,90.0,1444.0,49.6,105.0,0,0,0,0,0,0,-11.300000000000011,71622.40000000001
L53518,L,27.25,36.650000000000034,90.0,1505.0,39.6,206.0,0,0,0,0,0,0,-9.400000000000034,59598.0
L54140,L,27.55000000000001,37.85000000000002,90.0,1413.0,52.0,91.0,0,0,0,0,0,0,-10.300000000000011,73476.0
L48684,L,24.850000000000023,35.55000000000001,90.0,1541.0,35.6,208.0,0,0,0,0,0,0,-10.699999999999989,54859.600000000006
L56901,L,25.650000000000034,36.650000000000034,90.0,1490.0,37.2,124.0,0,0,0,0,0,0,-11.0,55428.00000000001
L51179,L,29.150000000000034,37.85000000000002,90.0,1408.0,44.8,196.0,0,0,0,0,0,0,-8.699999999999989,63078.399999999994
M22278,M,26.850000000000023,38.25,90.0,1493.0,39.5,171.0,0,0,0,0,0,0,-11.399999999999977,58973.5
M20351,M,29.350000000000023,38.85000000000002,90.0,1466.0,43.0,181.0,0,0,0,0,0,0,-9.5,63038.0
M16773,M,24.850000000000023,34.650000000000034,90.0,1492.0,45.9,0.0,0,0,0,0,0,0,-9.800000000000011,68482.8
L55917,L,24.150000000000034,35.55000000000001,90.0,1491.0,41.2,5.0,0,0,0,0,0,0,-11.399999999999977,61429.200000000004
L47709,L,24.450000000000045,36.35000000000002,90.0,1617.0,35.2,98.0,0,0,0,0,0,0,-11.899999999999977,56918.4
M19495,M,29.950000000000045,38.35000000000002,90.0,1529.0,39.3,137.0,0,0,0,0,0,0,-8.399999999999977,60089.7
H33946,H,29.650000000000034,37.650000000000034,90.0,1809.0,26.2,49.0,0,0,0,0,0,0,-8.0,47395.799999999996
M22923,M,27.25,38.55000000000001,90.0,1429.0,43.6,153.0,0,0,0,0,0,0,-11.300000000000011,62304.4
M18084,M,27.55000000000001,36.650000000000034,90.0,1377.0,53.6,105.0,0,0,0,0,0,0,-9.100000000000023,73807.2
L54379,L,26.850000000000023,36.75,90.0,1453.0,41.4,74.0,0,0,0,0,0,0,-9.899999999999977,60154.2
H38245,H,24.25,35.55000000000001,90.0,1726.0,51.4,158.0,0,0,0,0,0,0,-11.300000000000011,88716.4
L47444,L,24.950000000000045,35.05000000000001,90.0,1620.0,30.4,33.0,0,0,0,0,0,0,-10.099999999999966,49248.0
L55541,L,25.55000000000001,36.450000000000045,90.0,1387.0,49.8,7.0,0,0,0,0,0,0,-10.900000000000034,69072.59999999999
L56321,L,24.350000000000023,35.25,90.0,1766.0,26.6,112.0,0,0,0,0,0,0,-10.899999999999977,46975.600000000006
L48748,L,25.05000000000001,35.05000000000001,90.0,1616.0,32.0,166.0,0,0,0,0,0,0,-10.0,51712.0
L48793,L,24.75,34.85000000000002,90.0,1296.0,51.8,41.0,0,0,0,0,0,0,-10.100000000000023,67132.8
L56648,L,24.850000000000023,35.35000000000002,90.0,1387.0,55.4,145.0,0,0,0,0,0,0,-10.5,76839.8
L54045,L,27.950000000000045,38.25,90.0,1801.0,27.7,47.0,0,0,0,0,0,0,-10.299999999999955,49887.7
L49558,L,25.950000000000045,35.35000000000002,90.0,1348.0,56.1,110.0,0,0,0,0,0,0,-9.399999999999977,75622.8
L53523,L,27.05000000000001,36.650000000000034,90.0,1447.0,41.2,6.0,0,0,0,0,0,0,-9.600000000000023,59616.4
L56202,L,24.25,35.150000000000034,90.0,1675.0,26.6,171.0,0,0,0,0,0,0,-10.900000000000034,44555.0
L55045,L,27.350000000000023,38.85000000000002,90.0,1263.0,59.4,37.0,0,0,0,0,0,0,-11.5,75022.2
L49865,L,26.650000000000034,36.25,90.0,1609.0,32.5,7.0,0,0,0,0,0,0,-9.599999999999966,52292.5
L50720,L,28.75,37.75,90.0,1471.0,40.6,104.0,0,0,0,0,0,0,-9.0,59722.6
L55211,L,27.55000000000001,38.85000000000002,90.0,1564.0,33.8,4.0,0,0,0,0,0,0,-11.300000000000011,52863.2
H33001,H,28.650000000000034,38.05000000000001,90.0,1444.0,50.4,156.0,0,0,0,0,0,0,-9.399999999999977,72777.59999999999
L50650,L,28.650000000000034,37.650000000000034,90.0,1574.0,42.8,56.0,0,0,0,0,0,0,-9.0,67367.2
L48677,L,24.850000000000023,35.55000000000001,90.0,1403.0,55.7,50.0,0,0,0,0,0,0,-10.699999999999989,78147.1
L48448,L,24.850000000000023,36.35000000000002,90.0,1617.0,45.8,46.0,0,0,0,0,0,0,-11.5,74058.59999999999
L54235,L,27.650000000000034,37.25,90.0,1612.0,33.3,122.0,0,0,0,0,0,0,-9.599999999999966,53679.6
M18005,M,27.350000000000023,36.85000000000002,90.0,1415.0,43.5,207.0,0,0,0,0,0,0,-9.5,61552.5
L55284,L,27.150000000000034,38.650000000000034,90.0,1434.0,41.1,15.0,0,0,0,0,0,0,-11.5,58937.4
L47647,L,24.05000000000001,35.35000000000002,90.0,1742.0,28.4,127.0,0,0,0,0,0,0,-11.300000000000011,49472.799999999996
L53630,L,27.450000000000045,36.85000000000002,90.0,1408.0,46.7,179.0,0,0,0,0,0,0,-9.399999999999977,65753.6
L47187,L,24.950000000000045,35.450000000000045,90.0,1468.0,40.2,0.0,0,0,0,0,0,0,-10.5,59013.600000000006
L53256,L,27.75,37.55000000000001,90.0,1472.0,48.7,199.0,0,0,0,0,0,0,-9.800000000000011,71686.40000000001
L56196,L,24.05000000000001,34.950000000000045,90.0,1518.0,37.0,188.0,0,0,0,0,0,0,-10.900000000000034,56166.0
L53758,L,28.350000000000023,37.450000000000045,90.0,1548.0,40.4,121.0,0,0,0,0,0,0,-9.100000000000023,62539.2
L50197,L,27.450000000000045,36.650000000000034,90.0,1364.0,51.0,171.0,0,0,0,0,0,0,-9.199999999999989,69564.0
L52345,L,31.05000000000001,40.25,90.0,1519.0,36.6,56.0,0,0,0,0,0,0,-9.199999999999989,55595.4
M24334,M,26.05000000000001,36.75,90.0,1445.0,48.2,219.0,0,0,0,0,0,0,-10.699999999999989,69649.0
M19147,M,28.55000000000001,36.75,90.0,1566.0,39.2,25.0,0,0,0,0,0,0,-8.199999999999989,61387.200000000004
M19495,M,29.850000000000023,38.05000000000001,90.0,1386.0,45.2,207.0,0,0,0,0,0,0,-8.199999999999989,62647.200000000004
M24031,M,24.55000000000001,35.650000000000034,90.0,1550.0,37.0,190.0,0,0,0,0,0,0,-11.100000000000023,57350.0
L54673,L,27.05000000000001,38.450000000000045,90.0,1430.0,45.4,37.0,0,0,0,0,0,0,-11.400000000000034,64922.0
L49551,L,26.05000000000001,35.35000000000002,90.0,1448.0,44.8,91.0,0,0,0,0,0,0,-9.300000000000011,64870.399999999994
L53441,L,27.450000000000045,36.950000000000045,90.0,1610.0,33.2,10.0,0,0,0,0,0,0,-9.5,53452.00000000001
L49943,L,26.75,36.05000000000001,90.0,1491.0,47.5,216.0,0,0,0,0,0,0,-9.300000000000011,70822.5
L54063,L,27.55000000000001,38.150000000000034,90.0,1619.0,31.3,107.0,0,0,0,0,0,0,-10.600000000000023,50674.700000000004
L56924,L,25.650000000000034,36.950000000000045,90.0,1407.0,45.5,109.0,0,0,0,0,0,0,-11.300000000000011,64018.5
M17778,M,27.55000000000001,36.35000000000002,90.0,1492.0,40.2,228.0,1,1,0,0,0,0,-8.800000000000011,59978.4
L50666,L,28.75,37.650000000000034,90.0,1650.0,32.1,94.0,0,0,0,0,0,0,-8.900000000000034,52965.0
M17862,M,27.450000000000045,36.75,90.0,1619.0,34.7,166.0,0,0,0,0,0,0,-9.299999999999955,56179.3
L56480,L,25.150000000000034,35.75,90.0,1367.0,41.9,92.0,0,0,0,0,0,0,-10.599999999999966,57277.299999999996
L47936,L,23.75,34.950000000000045,90.0,1584.0,38.4,199.0,0,0,0,0,0,0,-11.200000000000045,60825.6
M21924,M,27.650000000000034,37.450000000000045,90.0,1380.0,44.4,21.0,0,0,0,0,0,0,-9.800000000000011,61272.0
L50351,L,27.25,36.450000000000045,90.0,1497.0,42.7,147.0,0,0,0,0,0,0,-9.200000000000045,63921.9
L50738,L,28.55000000000001,37.450000000000045,90.0,1524.0,43.6,106.0,0,0,0,0,0,0,-8.900000000000034,66446.40000000001
L55662,L,25.25,36.35000000000002,90.0,1512.0,38.5,106.0,0,0,0,0,0,0,-11.100000000000023,58212.0
H37469,H,27.75,38.85000000000002,90.0,1596.0,37.7,54.0,0,0,0,0,0,0,-11.100000000000023,60169.200000000004
L49056,L,25.150000000000034,34.85000000000002,90.0,1508.0,37.4,98.0,0,0,0,0,0,0,-9.699999999999989,56399.2
L47789,L,24.950000000000045,36.75,90.0,1375.0,32.5,35.0,0,0,0,0,0,0,-11.799999999999955,44687.5
H39258,H,25.350000000000023,36.150000000000034,90.0,1566.0,39.8,28.0,0,0,0,0,0,0,-10.800000000000011,62326.799999999996
L49818,L,26.650000000000034,36.05000000000001,90.0,1572.0,35.8,127.0,0,0,0,0,0,0,-9.399999999999977,56277.6
L54250,L,27.55000000000001,37.55000000000001,90.0,1653.0,28.9,191.0,0,0,0,0,0,0,-10.0,47771.7
M20900,M,27.55000000000001,37.950000000000045,90.0,1438.0,46.6,68.0,0,0,0,0,0,0,-10.400000000000034,67010.8
M19822,M,30.75,39.55000000000001,90.0,1644.0,31.6,167.0,0,0,0,0,0,0,-8.800000000000011,51950.4
L53939,L,28.55000000000001,37.650000000000034,90.0,1422.0,39.9,139.0,0,0,0,0,0,0,-9.100000000000023,56737.799999999996
L54990,L,26.850000000000023,38.35000000000002,90.0,1675.0,32.0,123.0,0,0,0,0,0,0,-11.5,53600.0
L51317,L,28.75,37.05000000000001,90.0,1737.0,32.4,38.0,0,0,0,0,0,0,-8.300000000000011,56278.799999999996
L50374,L,26.950000000000045,35.85000000000002,90.0,1454.0,51.7,2.0,0,0,0,0,0,0,-8.899999999999977,75171.8
L54230,L,27.450000000000045,37.150000000000034,90.0,1756.0,27.5,15.0,0,0,0,0,0,0,-9.699999999999989,48290.0
L47561,L,24.350000000000023,35.35000000000002,90.0,1548.0,40.4,129.0,0,0,0,0,0,0,-11.0,62539.2
M19033,M,29.05000000000001,37.450000000000045,90.0,1411.0,47.7,134.0,0,0,0,0,0,0,-8.400000000000034,67304.7
L54479,L,26.950000000000045,37.25,90.0,1818.0,23.9,18.0,0,0,0,0,0,0,-10.299999999999955,43450.2
L47843,L,24.350000000000023,35.75,90.0,1469.0,38.8,185.0,0,0,0,0,0,0,-11.399999999999977,56997.2
H34091,H,30.350000000000023,38.450000000000045,90.0,1666.0,30.0,80.0,0,0,0,0,0,0,-8.100000000000023,49980.0
L51911,L,30.150000000000034,38.05000000000001,90.0,1752.0,27.7,219.0,0,0,0,0,0,0,-7.899999999999977,48530.4
M17893,M,27.55000000000001,36.55000000000001,90.0,1429.0,55.2,121.0,0,0,0,0,0,0,-9.0,78880.8
L55619,L,25.450000000000045,36.75,90.0,1564.0,34.3,47.0,0,0,0,0,0,0,-11.299999999999955,53645.2
M17863,M,27.450000000000045,36.35000000000002,90.0,1496.0,38.0,176.0,0,0,0,0,0,0,-8.899999999999977,56848.0
M15390,M,25.350000000000023,36.35000000000002,90.0,1709.0,32.2,65.0,0,0,0,0,0,0,-11.0,55029.8
L48721,L,25.25,35.85000000000002,90.0,1521.0,37.9,18.0,0,0,0,0,0,0,-10.600000000000023,57645.9
L52041,L,30.350000000000023,39.150000000000034,90.0,1347.0,52.1,112.0,0,0,0,0,0,0,-8.800000000000011,70178.7
L54210,L,27.55000000000001,37.650000000000034,90.0,1473.0,39.3,69.0,0,0,0,0,0,0,-10.100000000000023,57888.899999999994
L51377,L,29.25,37.85000000000002,90.0,1573.0,35.5,197.0,0,0,0,0,0,0,-8.600000000000023,55841.5
L55550,L,25.450000000000045,36.55000000000001,90.0,1332.0,61.4,125.0,0,0,0,0,0,0,-11.099999999999966,81784.8
L49607,L,26.150000000000034,35.35000000000002,90.0,1493.0,35.6,33.0,0,0,0,0,0,0,-9.199999999999989,53150.8
L48527,L,25.75,37.05000000000001,90.0,1451.0,44.1,16.0,0,0,0,0,0,0,-11.300000000000011,63989.1
M23173,M,25.75,36.85000000000002,90.0,1524.0,38.2,25.0,0,0,0,0,0,0,-11.100000000000023,58216.8
L50344,L,27.25,36.650000000000034,90.0,1685.0,31.3,152.0,0,0,0,0,0,0,-9.400000000000034,52740.5
M20918,M,27.75,37.650000000000034,90.0,1436.0,42.9,153.0,0,0,0,0,0,0,-9.900000000000034,61604.4
H37737,H,25.55000000000001,36.85000000000002,90.0,1479.0,42.9,54.0,0,0,0,0,0,0,-11.300000000000011,63449.1
M18048,M,26.950000000000045,36.05000000000001,90.0,1605.0,33.7,211.0,0,0,0,0,0,0,-9.099999999999966,54088.50000000001
M15999,M,23.850000000000023,34.75,90.0,1569.0,33.3,0.0,0,0,0,0,0,0,-10.899999999999977,52247.7
L53375,L,27.75,37.650000000000034,90.0,1563.0,34.5,197.0,0,0,0,0,0,0,-9.900000000000034,53923.5
M18147,M,28.05000000000001,36.950000000000045,90.0,1650.0,29.8,73.0,0,0,0,0,0,0,-8.900000000000034,49170.0
M17294,M,25.75,35.150000000000034,90.0,1475.0,40.2,33.0,0,0,0,0,0,0,-9.400000000000034,59295.00000000001
L54241,L,27.450000000000045,37.25,90.0,1446.0,42.5,155.0,0,0,0,0,0,0,-9.799999999999955,61455.0
L49872,L,26.850000000000023,36.450000000000045,90.0,1432.0,42.8,41.0,0,0,0,0,0,0,-9.600000000000023,61289.6
L47654,L,24.25,35.950000000000045,90.0,1478.0,43.9,16.0,0,0,0,0,0,0,-11.700000000000045,64884.2
L55728,L,25.350000000000023,36.25,90.0,1510.0,38.3,71.0,0,0,0,0,0,0,-10.899999999999977,57832.99999999999
L55735,L,25.350000000000023,36.150000000000034,90.0,1497.0,47.9,87.0,0,0,0,0,0,0,-10.800000000000011,71706.3
M17688,M,27.25,36.25,90.0,1375.0,23.9,155.0,0,0,0,0,0,0,-9.0,32862.5
L51577,L,29.25,37.05000000000001,90.0,1339.0,37.7,29.0,1,0,1,0,0,0,-7.800000000000011,50480.3
L54949,L,27.150000000000034,38.25,90.0,1543.0,35.8,23.0,0,0,0,0,0,0,-11.099999999999966,55239.399999999994
L51746,L,29.650000000000034,37.650000000000034,90.0,1430.0,46.0,29.0,0,0,0,0,0,0,-8.0,65780.0
H37878,H,25.55000000000001,36.650000000000034,90.0,1383.0,50.1,181.0,0,0,0,0,0,0,-11.100000000000023,69288.3
H31691,H,26.05000000000001,35.25,90.0,1572.0,32.4,82.0,0,0,0,0,0,0,-9.199999999999989,50932.799999999996
L55108,L,27.450000000000045,38.55000000000001,90.0,1497.0,41.9,198.0,0,0,0,0,0,0,-11.099999999999966,62724.299999999996
M21468,M,28.350000000000023,37.75,90.0,1604.0,34.2,19.0,0,0,0,0,0,0,-9.399999999999977,54856.8
L56221,L,24.150000000000034,35.150000000000034,90.0,1570.0,35.2,56.0,0,0,0,0,0,0,-11.0,55264.00000000001
H34804,H,29.650000000000034,39.650000000000034,90.0,1459.0,45.9,223.0,0,0,0,0,0,0,-10.0,66968.09999999999
L54599,L,26.950000000000045,38.25,90.0,1610.0,36.2,37.0,0,0,0,0,0,0,-11.299999999999955,58282.00000000001
L53048,L,28.350000000000023,37.85000000000002,90.0,1531.0,45.3,101.0,0,0,0,0,0,0,-9.5,69354.3
L57008,L,25.25,36.150000000000034,90.0,1481.0,38.0,201.0,0,0,0,0,0,0,-10.900000000000034,56278.0
H39002,H,25.850000000000023,37.25,90.0,1694.0,30.0,144.0,0,0,0,0,0,0,-11.399999999999977,50820.0
L55429,L,26.05000000000001,37.450000000000045,90.0,1822.0,23.2,188.0,0,0,0,0,0,0,-11.400000000000034,42270.4
L47598,L,24.25,35.25,90.0,1617.0,31.1,171.0,0,0,0,0,0,0,-11.0,50288.700000000004
L47354,L,25.150000000000034,34.950000000000045,90.0,1562.0,58.3,83.0,0,0,0,0,0,0,-9.800000000000011,91064.59999999999
L54011,L,27.950000000000045,37.85000000000002,90.0,1565.0,44.7,183.0,0,0,0,0,0,0,-9.899999999999977,69955.5
L56602,L,24.950000000000045,35.35000000000002,90.0,1351.0,54.9,27.0,0,0,0,0,0,0,-10.399999999999977,74169.9
L49596,L,25.950000000000045,35.35000000000002,90.0,1573.0,37.9,7.0,0,0,0,0,0,0,-9.399999999999977,59616.7
L51219,L,28.75,37.35000000000002,90.0,1377.0,48.9,106.0,0,0,0,0,0,0,-8.600000000000023,67335.3
L47721,L,24.25,36.25,90.0,1542.0,36.8,96.0,0,0,0,0,0,0,-12.0,56745.6
L55663,L,25.150000000000034,36.25,90.0,1618.0,31.5,96.0,0,0,0,0,0,0,-11.099999999999966,50967.0
H32281,H,27.450000000000045,36.25,90.0,1662.0,28.2,5.0,0,0,0,0,0,0,-8.799999999999955,46868.4
L53290,L,27.55000000000001,37.75,90.0,1534.0,41.3,190.0,0,0,0,0,0,0,-10.199999999999989,63354.2
L51359,L,29.150000000000034,37.75,90.0,1349.0,43.2,33.0,1,0,1,0,0,0,-8.599999999999966,58276.8
L55293,L,27.150000000000034,38.650000000000034,90.0,1422.0,46.6,3.0,0,0,0,0,0,0,-11.5,66265.2
L54309,L,27.55000000000001,37.05000000000001,90.0,1650.0,31.1,107.0,0,0,0,0,0,0,-9.5,51315.0
M21352,M,27.55000000000001,36.75,90.0,1641.0,28.0,31.0,0,0,0,0,0,0,-9.199999999999989,45948.0
L54825,L,27.350000000000023,38.25,90.0,1530.0,29.3,129.0,0,0,0,0,0,0,-10.899999999999977,44829.0
L54869,L,27.450000000000045,38.450000000000045,90.0,1706.0,29.1,141.0,0,0,0,0,0,0,-11.0,49644.600000000006
L47672,L,24.350000000000023,36.150000000000034,90.0,1452.0,43.4,195.0,0,0,0,0,0,0,-11.800000000000011,63016.799999999996
L49834,L,26.75,36.35000000000002,90.0,1567.0,49.8,131.0,0,0,0,0,0,0,-9.600000000000023,78036.59999999999
L50237,L,26.950000000000045,36.05000000000001,90.0,1364.0,53.1,166.0,0,0,0,0,0,0,-9.099999999999966,72428.40000000001
M24620,M,25.350000000000023,36.450000000000045,90.0,1550.0,45.3,15.0,0,0,0,0,0,0,-11.100000000000023,70215.0
L48891,L,25.05000000000001,34.650000000000034,90.0,1551.0,36.9,70.0,0,0,0,0,0,0,-9.600000000000023,57231.899999999994
L51698,L,29.25,37.25,90.0,1701.0,30.0,123.0,0,0,0,0,0,0,-8.0,51030.0
L51135,L,29.150000000000034,38.150000000000034,90.0,1446.0,47.3,59.0,0,0,0,0,0,0,-9.0,68395.8
M16081,M,23.850000000000023,34.950000000000045,90.0,1655.0,31.6,152.0,0,0,0,0,0,0,-11.100000000000023,52298.0
L52965,L,28.55000000000001,37.950000000000045,90.0,1334.0,51.9,128.0,0,0,0,0,0,0,-9.400000000000034,69234.59999999999
L48489,L,25.75,37.05000000000001,90.0,1622.0,31.1,158.0,0,0,0,0,0,0,-11.300000000000011,50444.200000000004
L55639,L,25.55000000000001,36.75,90.0,1550.0,38.5,42.0,0,0,0,0,0,0,-11.199999999999989,59675.0
L52999,L,28.150000000000034,37.85000000000002,90.0,1541.0,36.9,208.0,0,0,0,0,0,0,-9.699999999999989,56862.899999999994
M20734,M,28.25,37.950000000000045,90.0,1389.0,58.9,115.0,0,0,0,0,0,0,-9.700000000000045,81812.09999999999
M23743,M,24.850000000000023,35.950000000000045,90.0,1479.0,45.1,96.0,0,0,0,0,0,0,-11.100000000000023,66702.90000000001
M22835,M,28.05000000000001,39.150000000000034,90.0,1548.0,38.3,197.0,0,0,0,0,0,0,-11.100000000000023,59288.399999999994
L48470,L,25.450000000000045,36.55000000000001,90.0,1617.0,45.8,113.0,0,0,0,0,0,0,-11.099999999999966,74058.59999999999
L50548,L,28.350000000000023,37.55000000000001,90.0,1728.0,58.5,23.0,0,0,0,0,0,0,-9.199999999999989,101088.0
H30248,H,23.650000000000034,34.55000000000001,90.0,1440.0,50.7,177.0,0,0,0,0,0,0,-10.899999999999977,73008.0
L56461,L,25.05000000000001,35.75,90.0,1596.0,36.2,49.0,0,0,0,0,0,0,-10.699999999999989,57775.200000000004
M17647,M,27.150000000000034,36.450000000000045,90.0,1448.0,38.4,187.0,0,0,0,0,0,0,-9.300000000000011,55603.2
L56579,L,24.75,35.25,90.0,1401.0,53.0,57.0,0,0,0,0,0,0,-10.5,74253.0
L55199,L,27.850000000000023,38.950000000000045,90.0,1430.0,39.9,2.0,0,0,0,0,0,0,-11.100000000000023,57057.0
L56764,L,26.05000000000001,37.35000000000002,90.0,1381.0,50.9,17.0,0,0,0,0,0,0,-11.300000000000011,70292.9
L52696,L,29.450000000000045,38.75,90.0,1471.0,45.9,65.0,0,0,0,0,0,0,-9.299999999999955,67518.9
L55521,L,25.650000000000034,36.650000000000034,90.0,1751.0,32.3,137.0,0,0,0,0,0,0,-11.0,56557.299999999996
L54581,L,26.650000000000034,37.650000000000034,90.0,1604.0,35.1,154.0,0,0,0,0,0,0,-11.0,56300.4
L49817,L,26.75,36.450000000000045,90.0,1467.0,40.7,126.0,0,0,0,0,0,0,-9.700000000000045,59706.9
L51427,L,29.450000000000045,37.85000000000002,90.0,1495.0,38.7,93.0,0,0,0,0,0,0,-8.399999999999977,57856.50000000001
L51138,L,29.05000000000001,38.25,90.0,1479.0,36.8,34.0,0,0,0,0,0,0,-9.199999999999989,54427.2
L56272,L,24.05000000000001,34.950000000000045,90.0,1568.0,36.2,204.0,0,0,0,0,0,0,-10.900000000000034,56761.600000000006
L55983,L,24.25,35.450000000000045,90.0,1486.0,48.6,75.0,0,0,0,0,0,0,-11.200000000000045,72219.6
H31622,H,26.650000000000034,36.05000000000001,90.0,1635.0,35.6,111.0,0,0,0,0,0,0,-9.399999999999977,58206.0
L51483,L,28.55000000000001,36.950000000000045,90.0,1435.0,48.1,12.0,0,0,0,0,0,0,-8.400000000000034,69023.5
H35901,H,27.450000000000045,36.650000000000034,90.0,1541.0,36.2,171.0,0,0,0,0,0,0,-9.199999999999989,55784.200000000004
M23561,M,24.150000000000034,35.55000000000001,90.0,1664.0,30.7,56.0,0,0,0,0,0,0,-11.399999999999977,51084.799999999996
L49181,L,25.25,35.05000000000001,90.0,1445.0,43.4,11.0,0,0,0,0,0,0,-9.800000000000011,62713.0
M19928,M,31.150000000000034,40.150000000000034,90.0,1438.0,39.0,14.0,0,0,0,0,0,0,-9.0,56082.0
H30208,H,23.650000000000034,34.75,90.0,1548.0,34.3,77.0,0,0,0,0,0,0,-11.099999999999966,53096.399999999994
H34591,H,30.850000000000023,39.950000000000045,90.0,1388.0,53.2,13.0,0,0,0,0,0,0,-9.100000000000023,73841.6
L54248,L,27.55000000000001,37.450000000000045,90.0,1523.0,42.8,174.0,0,0,0,0,0,0,-9.900000000000034,65184.399999999994
M23105,M,25.850000000000023,37.25,90.0,1387.0,57.4,111.0,0,0,0,0,0,0,-11.399999999999977,79613.8
L48077,L,22.450000000000045,33.05000000000001,90.0,1685.0,30.1,0.0,0,0,0,0,0,0,-10.599999999999966,50718.5
L50117,L,27.55000000000001,36.450000000000045,90.0,1510.0,26.0,195.0,0,0,0,0,0,0,-8.900000000000034,39260.0
L51088,L,29.150000000000034,37.950000000000045,90.0,1633.0,36.2,114.0,0,0,0,0,0,0,-8.800000000000011,59114.600000000006
M17554,M,26.350000000000023,36.450000000000045,90.0,1625.0,38.0,14.0,0,0,0,0,0,0,-10.100000000000023,61750.0
M19806,M,30.55000000000001,39.55000000000001,90.0,1669.0,31.7,181.0,0,0,0,0,0,0,-9.0,52907.299999999996
M16824,M,24.75,35.55000000000001,90.0,1518.0,40.8,142.0,0,0,0,0,0,0,-10.800000000000011,61934.399999999994
L49720,L,25.950000000000045,35.650000000000034,90.0,1502.0,40.3,88.0,0,0,0,0,0,0,-9.699999999999989,60530.6
L57140,L,25.05000000000001,34.75,90.0,1605.0,35.2,154.0,0,0,0,0,0,0,-9.699999999999989,56496.00000000001
H30339,H,22.650000000000034,33.35000000000002,90.0,1366.0,45.7,108.0,0,0,0,0,0,0,-10.699999999999989,62426.200000000004
L56869,L,25.950000000000045,36.950000000000045,90.0,1445.0,43.0,197.0,0,0,0,0,0,0,-11.0,62135.0
L52231,L,30.75,39.85000000000002,90.0,1642.0,29.9,176.0,0,0,0,0,0,0,-9.100000000000023,49095.799999999996
L49077,L,24.650000000000034,34.25,90.0,1364.0,41.2,173.0,0,0,0,0,0,0,-9.599999999999966,56196.8
L50797,L,28.650000000000034,37.950000000000045,90.0,1462.0,47.3,12.0,0,0,0,0,0,0,-9.300000000000011,69152.59999999999
H36228,H,27.75,37.450000000000045,90.0,1390.0,44.5,181.0,0,0,0,0,0,0,-9.700000000000045,61855.0
M24761,M,25.55000000000001,36.05000000000001,90.0,1423.0,48.7,187.0,0,0,0,0,0,0,-10.5,69300.1
M18390,M,28.75,37.75,90.0,1485.0,40.9,4.0,0,0,0,0,0,0,-9.0,60736.5
L53184,L,27.350000000000023,37.25,90.0,1364.0,54.8,31.0,0,0,0,0,0,0,-9.899999999999977,74747.2
M16054,M,23.850000000000023,34.950000000000045,90.0,1326.0,50.9,51.0,0,0,0,0,0,0,-11.100000000000023,67493.4
M20552,M,29.25,38.75,90.0,1613.0,36.5,139.0,0,0,0,0,0,0,-9.5,58874.5
L55569,L,25.650000000000034,36.55000000000001,90.0,1401.0,47.4,167.0,0,0,0,0,0,0,-10.899999999999977,66407.4
L56610,L,24.950000000000045,35.35000000000002,90.0,1636.0,28.8,41.0,0,0,0,0,0,0,-10.399999999999977,47116.8
L51427,L,29.450000000000045,37.85000000000002,90.0,1369.0,60.0,0.0,1,0,1,0,0,0,-8.399999999999977,82140.0
L53762,L,28.350000000000023,37.55000000000001,90.0,1608.0,33.3,21.0,0,0,0,0,0,0,-9.199999999999989,53546.399999999994
L56198,L,24.150000000000034,34.950000000000045,90.0,1515.0,42.5,33.0,0,0,0,0,0,0,-10.800000000000011,64387.5
L56876,L,25.75,36.75,90.0,1487.0,40.6,155.0,0,0,0,0,0,0,-11.0,60372.200000000004
M17321,M,25.75,35.450000000000045,90.0,1517.0,27.8,114.0,0,0,0,0,0,0,-9.700000000000045,42172.6
M15341,M,24.150000000000034,35.85000000000002,90.0,1456.0,45.6,168.0,0,0,0,0,0,0,-11.699999999999989,66393.6
L53939,L,28.55000000000001,37.85000000000002,90.0,1352.0,50.2,199.0,0,0,0,0,0,0,-9.300000000000011,67870.40000000001
L51893,L,30.350000000000023,38.650000000000034,90.0,1543.0,37.5,171.0,0,0,0,0,0,0,-8.300000000000011,57862.5
H30113,H,24.450000000000045,35.55000000000001,90.0,1452.0,39.2,74.0,0,0,0,0,0,0,-11.099999999999966,56918.4
M20473,M,29.650000000000034,39.150000000000034,90.0,1453.0,42.8,119.0,0,0,0,0,0,0,-9.5,62188.399999999994
L47365,L,25.05000000000001,35.05000000000001,90.0,1646.0,28.2,61.0,0,0,0,0,0,0,-10.0,46417.2
M23350,M,25.350000000000023,36.450000000000045,90.0,1564.0,58.7,123.0,0,0,0,0,0,0,-11.100000000000023,91806.8
L48799,L,25.05000000000001,35.75,90.0,1558.0,37.7,28.0,0,0,0,0,0,0,-10.699999999999989,58736.600000000006
M15252,M,24.450000000000045,35.35000000000002,90.0,1603.0,32.0,154.0,0,0,0,0,0,0,-10.899999999999977,51296.0
L47585,L,24.25,35.150000000000034,90.0,1526.0,33.9,198.0,0,0,0,0,0,0,-10.900000000000034,51731.4
L56948,L,25.450000000000045,36.450000000000045,90.0,1611.0,35.6,168.0,0,0,0,0,0,0,-11.0,57351.600000000006
M17283,M,25.75,35.35000000000002,90.0,1613.0,29.0,23.0,0,0,0,0,0,0,-9.600000000000023,46777.0
M18995,M,28.650000000000034,37.150000000000034,90.0,1787.0,33.3,50.0,0,0,0,0,0,0,-8.5,59507.1
M20449,M,29.350000000000023,38.75,90.0,1298.0,49.9,57.0,0,0,0,0,0,0,-9.399999999999977,64770.2
L56552,L,24.55000000000001,35.25,90.0,1487.0,41.8,84.0,0,0,0,0,0,0,-10.699999999999989,62156.6
L54020,L,27.850000000000023,37.950000000000045,90.0,1607.0,33.5,133.0,0,0,0,0,0,0,-10.100000000000023,53834.5
L48756,L,25.150000000000034,35.25,90.0,1695.0,29.8,170.0,0,0,0,0,0,0,-10.099999999999966,50511.0
L53857,L,28.350000000000023,37.450000000000045,90.0,1435.0,38.5,224.0,0,0,0,0,0,0,-9.100000000000023,55247.5
L49956,L,26.950000000000045,36.25,90.0,1329.0,52.1,30.0,0,0,0,0,0,0,-9.299999999999955,69240.90000000001
L47788,L,24.850000000000023,36.75,90.0,1544.0,36.7,43.0,0,0,0,0,0,0,-11.899999999999977,56664.8
L51016,L,29.05000000000001,37.950000000000045,90.0,1506.0,37.4,23.0,0,0,0,0,0,0,-8.900000000000034,56324.4
L50235,L,26.950000000000045,36.150000000000034,90.0,1665.0,35.9,73.0,0,0,0,0,0,0,-9.199999999999989,59773.5
L50254,L,26.950000000000045,36.05000000000001,90.0,1383.0,50.3,118.0,0,0,0,0,0,0,-9.099999999999966,69564.9
L48908,L,25.05000000000001,34.650000000000034,90.0,1608.0,33.5,109.0,0,0,0,0,0,0,-9.600000000000023,53868.0
L48983,L,24.950000000000045,34.55000000000001,90.0,1418.0,42.6,109.0,0,0,0,0,0,0,-9.599999999999966,60406.8
L48466,L,25.350000000000023,36.25,90.0,1742.0,27.7,103.0,0,0,0,0,0,0,-10.899999999999977,48253.4
L51888,L,29.950000000000045,38.05000000000001,90.0,1627.0,33.0,159.0,0,0,0,0,0,0,-8.099999999999966,53691.0
L52202,L,30.850000000000023,39.85000000000002,90.0,1306.0,54.9,90.0,0,0,0,0,0,0,-9.0,71699.4
L54760,L,27.25,38.150000000000034,90.0,1543.0,39.2,162.0,0,0,0,0,0,0,-10.900000000000034,60485.600000000006
L50584,L,28.150000000000034,37.25,90.0,1636.0,36.7,0.0,0,0,0,0,0,0,-9.099999999999966,60041.200000000004
L53640,L,27.450000000000045,36.85000000000002,90.0,1541.0,52.9,17.0,0,0,0,0,0,0,-9.399999999999977,81518.9
L48510,L,25.75,37.05000000000001,90.0,1696.0,30.2,15.0,0,0,0,0,0,0,-11.300000000000011,51219.2
L51716,L,29.350000000000023,37.35000000000002,90.0,1540.0,36.0,70.0,0,0,0,0,0,0,-8.0,55440.0
L55257,L,27.150000000000034,38.650000000000034,90.0,1461.0,52.2,119.0,0,0,0,0,0,0,-11.5,76264.2
L48894,L,25.350000000000023,34.650000000000034,90.0,1388.0,48.6,76.0,0,0,0,0,0,0,-9.300000000000011,67456.8
L55956,L,24.350000000000023,35.450000000000045,90.0,1472.0,45.5,12.0,0,0,0,0,0,0,-11.100000000000023,66976.0
L50936,L,29.350000000000023,37.85000000000002,90.0,1635.0,31.2,5.0,0,0,0,0,0,0,-8.5,51012.0
L56736,L,26.450000000000045,37.85000000000002,90.0,1551.0,37.2,154.0,0,0,0,0,0,0,-11.399999999999977,57697.200000000004
L55265,L,27.05000000000001,38.25,90.0,1331.0,43.9,143.0,0,0,0,0,0,0,-11.199999999999989,58430.9
M21360,M,27.55000000000001,36.85000000000002,90.0,1455.0,46.6,201.0,0,0,0,0,0,0,-9.300000000000011,67803.0
L55460,L,25.650000000000034,37.450000000000045,90.0,1602.0,39.1,23.0,0,0,0,0,0,0,-11.800000000000011,62638.200000000004
L49076,L,24.650000000000034,34.25,90.0,1532.0,41.0,157.0,0,0,0,0,0,0,-9.599999999999966,62812.0
L53894,L,28.350000000000023,37.35000000000002,90.0,1440.0,53.8,107.0,0,0,0,0,0,0,-9.0,77472.0
L52713,L,29.150000000000034,38.650000000000034,90.0,1384.0,49.4,112.0,0,0,0,0,0,0,-9.5,68369.59999999999
L55258,L,27.150000000000034,38.55000000000001,90.0,1571.0,31.2,121.0,0,0,0,0,0,0,-11.399999999999977,49015.2
L54545,L,26.350000000000023,36.85000000000002,90.0,1541.0,38.2,54.0,0,0,0,0,0,0,-10.5,58866.200000000004
L50996,L,28.950000000000045,37.450000000000045,90.0,1659.0,28.9,17.0,0,0,0,0,0,0,-8.5,47945.1
H31628,H,26.55000000000001,35.150000000000034,90.0,1355.0,44.8,127.0,0,0,0,0,0,0,-8.600000000000023,60703.99999999999
L53040,L,28.150000000000034,37.75,90.0,1350.0,55.8,82.0,0,0,0,0,0,0,-9.599999999999966,75330.0
L54437,L,27.05000000000001,37.150000000000034,90.0,1683.0,30.9,181.0,0,0,0,0,0,0,-10.100000000000023,52004.7
M23061,M,26.450000000000045,37.75,90.0,1798.0,25.5,2.0,0,0,0,0,0,0,-11.299999999999955,45849.0
L53565,L,26.950000000000045,36.450000000000045,90.0,1410.0,49.7,118.0,0,0,0,0,0,0,-9.5,70077.0
M23950,M,24.05000000000001,34.950000000000045,90.0,1363.0,55.7,194.0,0,0,0,0,0,0,-10.900000000000034,75919.1
L54275,L,27.450000000000045,36.950000000000045,90.0,1485.0,47.3,19.0,0,0,0,0,0,0,-9.5,70240.5
H33499,H,28.850000000000023,37.25,90.0,1349.0,52.1,110.0,0,0,0,0,0,0,-8.399999999999977,70282.90000000001
M20518,M,29.150000000000034,38.35000000000002,90.0,1476.0,44.5,9.0,0,0,0,0,0,0,-9.199999999999989,65682.0
L56114,L,24.25,35.05000000000001,90.0,1601.0,39.0,9.0,0,0,0,0,0,0,-10.800000000000011,62439.0
L50854,L,29.05000000000001,38.450000000000045,90.0,1546.0,34.1,98.0,0,0,0,0,0,0,-9.400000000000034,52718.600000000006
L47364,L,25.05000000000001,35.05000000000001,90.0,1380.0,47.0,59.0,0,0,0,0,0,0,-10.0,64860.0
M21404,M,28.25,37.25,90.0,1470.0,46.5,101.0,0,0,0,0,0,0,-9.0,68355.0
L50962,L,29.05000000000001,37.650000000000034,90.0,1543.0,37.8,9.0,0,0,0,0,0,0,-8.600000000000023,58325.399999999994
H35166,H,29.150000000000034,38.650000000000034,90.0,1502.0,40.5,43.0,0,0,0,0,0,0,-9.5,60831.0
L49085,L,24.75,34.450000000000045,90.0,1687.0,28.9,176.0,0,0,0,0,0,0,-9.700000000000045,48754.299999999996
L47309,L,25.350000000000023,35.55000000000001,90.0,1357.0,47.7,171.0,0,0,0,0,0,0,-10.199999999999989,64728.9
L48316,L,23.850000000000023,34.75,90.0,1557.0,41.2,135.0,0,0,0,0,0,0,-10.899999999999977,64148.4
H39206,H,25.350000000000023,36.25,90.0,1573.0,35.8,131.0,0,0,0,0,0,0,-10.899999999999977,56313.399999999994
M21422,M,28.350000000000023,37.55000000000001,90.0,1537.0,38.8,152.0,0,0,0,0,0,0,-9.199999999999989,59635.6
L47912,L,24.150000000000034,35.650000000000034,90.0,1469.0,46.6,163.0,0,0,0,0,0,0,-11.5,68455.40000000001
M22872,M,27.75,38.85000000000002,90.0,1635.0,32.5,79.0,0,0,0,0,0,0,-11.100000000000023,53137.5
L54264,L,27.55000000000001,37.35000000000002,90.0,1492.0,43.9,85.0,0,0,0,0,0,0,-9.800000000000011,65498.799999999996
L50535,L,28.350000000000023,37.450000000000045,90.0,1459.0,40.7,193.0,0,0,0,0,0,0,-9.100000000000023,59381.3
L56253,L,24.05000000000001,34.950000000000045,90.0,1510.0,44.5,156.0,0,0,0,0,0,0,-10.900000000000034,67195.0
L52468,L,30.450000000000045,39.85000000000002,90.0,1759.0,27.0,20.0,0,0,0,0,0,0,-9.399999999999977,47493.0
L49181,L,25.25,35.05000000000001,90.0,1510.0,38.2,11.0,0,0,0,0,0,0,-9.800000000000011,57682.00000000001
L48656,L,25.25,36.35000000000002,90.0,1568.0,34.6,136.0,0,0,0,0,0,0,-11.100000000000023,54252.8
L47330,L,25.150000000000034,35.150000000000034,90.0,1434.0,42.7,186.0,0,0,0,0,0,0,-10.0,61231.8
L51531,L,28.650000000000034,36.650000000000034,90.0,1588.0,32.7,138.0,0,0,0,0,0,0,-8.0,51927.600000000006
L53849,L,28.350000000000023,37.35000000000002,90.0,1436.0,45.9,208.0,0,0,0,0,0,0,-9.0,65912.4
L56724,L,26.650000000000034,38.05000000000001,90.0,1708.0,31.0,122.0,0,0,0,0,0,0,-11.399999999999977,52948.0
L50099,L,27.350000000000023,36.150000000000034,90.0,1578.0,33.3,156.0,0,0,0,0,0,0,-8.800000000000011,52547.399999999994
L51377,L,29.25,37.85000000000002,90.0,1573.0,36.6,193.0,0,0,0,0,0,0,-8.600000000000023,57571.8
L55813,L,24.25,35.35000000000002,90.0,1336.0,53.7,61.0,0,0,0,0,0,0,-11.100000000000023,71743.2
L53312,L,27.950000000000045,37.85000000000002,90.0,1429.0,47.1,123.0,0,0,0,0,0,0,-9.899999999999977,67305.90000000001
M20932,M,27.75,37.650000000000034,90.0,1695.0,30.2,9.0,0,0,0,0,0,0,-9.900000000000034,51189.0
L54245,L,27.650000000000034,37.450000000000045,90.0,1615.0,30.9,175.0,0,0,0,0,0,0,-9.800000000000011,49903.5
L49051,L,25.150000000000034,34.950000000000045,90.0,1767.0,27.7,88.0,0,0,0,0,0,0,-9.800000000000011,48945.9
H37181,H,27.150000000000034,38.25,90.0,1540.0,38.0,33.0,0,0,0,0,0,0,-11.099999999999966,58520.0
L55435,L,25.950000000000045,37.450000000000045,90.0,1339.0,49.2,165.0,0,0,0,0,0,0,-11.5,65878.8
L53199,L,27.55000000000001,37.650000000000034,90.0,1480.0,43.5,55.0,0,0,0,0,0,0,-10.100000000000023,64380.0
L54640,L,26.850000000000023,38.35000000000002,90.0,1445.0,51.4,81.0,0,0,0,0,0,0,-11.5,74273.0
L54807,L,27.350000000000023,38.55000000000001,90.0,1355.0,44.8,155.0,0,0,0,0,0,0,-11.199999999999989,60703.99999999999
M20954,M,27.75,37.650000000000034,90.0,1402.0,48.1,171.0,0,0,0,0,0,0,-9.900000000000034,67436.2
M24217,M,25.05000000000001,35.650000000000034,90.0,1485.0,40.8,37.0,0,0,0,0,0,0,-10.600000000000023,60587.99999999999
L56454,L,25.05000000000001,35.55000000000001,90.0,1418.0,53.6,98.0,0,0,0,0,0,0,-10.5,76004.8
L54415,L,26.75,37.35000000000002,90.0,1471.0,44.8,17.0,0,0,0,0,0,0,-10.600000000000023,65900.8
M20596,M,29.150000000000034,38.650000000000034,90.0,1421.0,44.6,106.0,0,0,0,0,0,0,-9.5,63376.6
L55382,L,26.150000000000034,37.75,90.0,1433.0,40.8,6.0,0,0,0,0,0,0,-11.599999999999966,58466.399999999994
L54713,L,26.850000000000023,38.05000000000001,90.0,1495.0,38.9,168.0,0,0,0,0,0,0,-11.199999999999989,58155.5
L50221,L,27.05000000000001,36.25,90.0,1492.0,42.9,44.0,0,0,0,0,0,0,-9.199999999999989,64006.799999999996
L48984,L,24.950000000000045,34.55000000000001,90.0,1427.0,48.1,111.0,0,0,0,0,0,0,-9.599999999999966,68638.7
L53762,L,28.350000000000023,37.450000000000045,90.0,1503.0,42.7,198.0,0,0,0,0,0,0,-9.100000000000023,64178.100000000006
L52011,L,29.25,37.950000000000045,90.0,1420.0,52.1,137.0,0,0,0,0,0,0,-8.700000000000045,73982.0
M20023,M,31.150000000000034,40.25,90.0,1518.0,42.3,2.0,0,0,0,0,0,0,-9.099999999999966,64211.399999999994
L56464,L,24.950000000000045,35.75,90.0,1367.0,45.9,74.0,0,0,0,0,0,0,-10.799999999999955,62745.299999999996
M16349,M,24.950000000000045,35.75,90.0,1579.0,36.7,5.0,0,0,0,0,0,0,-10.799999999999955,57949.3
L56821,L,26.25,36.85000000000002,90.0,1574.0,38.7,92.0,0,0,0,0,0,0,-10.600000000000023,60913.8
L51572,L,29.05000000000001,36.950000000000045,90.0,1408.0,46.2,20.0,0,0,0,0,0,0,-7.900000000000034,65049.600000000006
L52041,L,30.350000000000023,39.05000000000001,90.0,1494.0,42.0,108.0,0,0,0,0,0,0,-8.699999999999989,62748.0
L51536,L,28.150000000000034,36.650000000000034,90.0,1609.0,36.9,144.0,0,0,0,0,0,0,-8.5,59372.1
L56610,L,24.950000000000045,35.55000000000001,90.0,1671.0,28.8,64.0,0,0,0,0,0,0,-10.599999999999966,48124.8
M15583,M,24.25,35.75,90.0,1725.0,30.8,141.0,0,0,0,0,0,0,-11.5,53130.0
M20910,M,27.75,37.950000000000045,90.0,1457.0,47.5,133.0,0,0,0,0,0,0,-10.200000000000045,69207.5
L50644,L,28.650000000000034,37.450000000000045,90.0,1452.0,43.2,91.0,0,0,0,0,0,0,-8.800000000000011,62726.4
M17832,M,27.450000000000045,36.25,90.0,1432.0,44.2,48.0,0,0,0,0,0,0,-8.799999999999955,63294.4
L50398,L,27.450000000000045,36.35000000000002,90.0,1554.0,34.9,64.0,0,0,0,0,0,0,-8.899999999999977,54234.6
L53627,L,27.450000000000045,36.950000000000045,90.0,1337.0,45.8,15.0,0,0,0,0,0,0,-9.5,61234.6
M15600,M,23.75,35.25,90.0,1535.0,36.7,199.0,0,0,0,0,0,0,-11.5,56334.50000000001
M21251,M,27.05000000000001,36.55000000000001,90.0,1549.0,43.0,137.0,0,0,0,0,0,0,-9.5,66607.0
L55162,L,27.850000000000023,39.150000000000034,90.0,1379.0,52.0,107.0,0,0,0,0,0,0,-11.300000000000011,71708.0
L48709,L,24.950000000000045,35.85000000000002,90.0,1419.0,36.0,56.0,0,0,0,0,0,0,-10.899999999999977,51084.0
M19093,M,29.05000000000001,37.75,90.0,1489.0,41.6,179.0,0,0,0,0,0,0,-8.699999999999989,61942.4
L50000,L,27.05000000000001,36.25,90.0,1436.0,48.8,135.0,0,0,0,0,0,0,-9.199999999999989,70076.8
L55918,L,24.150000000000034,35.55000000000001,90.0,1453.0,38.1,5.0,0,0,0,0,0,0,-11.399999999999977,55359.3
L52627,L,29.850000000000023,39.650000000000034,90.0,1651.0,28.4,109.0,0,0,0,0,0,0,-9.800000000000011,46888.399999999994
L56016,L,24.25,35.75,90.0,1556.0,36.7,44.0,0,0,0,0,0,0,-11.5,57105.200000000004
L56681,L,26.05000000000001,37.150000000000034,90.0,1548.0,40.7,15.0,0,0,0,0,0,0,-11.100000000000023,63003.600000000006
L47739,L,24.350000000000023,36.25,90.0,1503.0,37.2,144.0,0,0,0,0,0,0,-11.899999999999977,55911.600000000006
L53448,L,27.75,37.35000000000002,90.0,1536.0,36.0,25.0,0,0,0,0,0,0,-9.600000000000023,55296.0
L51335,L,29.05000000000001,37.55000000000001,90.0,1372.0,55.4,112.0,1,0,1,0,0,0,-8.5,76008.8
L56488,L,25.150000000000034,35.950000000000045,90.0,1423.0,48.0,101.0,0,0,0,0,0,0,-10.800000000000011,68304.0
M23418,M,25.150000000000034,35.85000000000002,90.0,1547.0,39.9,89.0,0,0,0,0,0,0,-10.699999999999989,61725.299999999996
L54869,L,27.350000000000023,38.55000000000001,90.0,1432.0,39.2,2.0,0,0,0,0,0,0,-11.199999999999989,56134.4
L52330,L,31.150000000000034,40.450000000000045,90.0,1576.0,35.1,21.0,0,0,0,0,0,0,-9.300000000000011,55317.600000000006
M22023,M,26.950000000000045,36.950000000000045,90.0,1487.0,41.2,195.0,0,0,0,0,0,0,-10.0,61264.4
L50079,L,27.450000000000045,36.150000000000034,90.0,1623.0,33.7,15.0,0,0,0,0,0,0,-8.699999999999989,54695.100000000006
L53250,L,27.75,37.75,90.0,1546.0,35.7,104.0,0,0,0,0,0,0,-10.0,55192.200000000004
L53963,L,28.150000000000034,37.650000000000034,90.0,1450.0,47.0,66.0,0,0,0,0,0,0,-9.5,68150.0
L49053,L,24.75,34.85000000000002,90.0,1515.0,42.7,92.0,0,0,0,0,0,0,-10.100000000000023,64690.50000000001
M21804,M,27.55000000000001,37.85000000000002,90.0,1467.0,40.0,49.0,0,0,0,0,0,0,-10.300000000000011,58680.0
M19582,M,30.25,38.55000000000001,90.0,1432.0,41.4,153.0,0,0,0,0,0,0,-8.300000000000011,59284.799999999996
M22398,M,27.150000000000034,38.650000000000034,90.0,1550.0,39.1,70.0,0,0,0,0,0,0,-11.5,60605.0
H38257,H,24.25,35.75,90.0,1540.0,41.3,204.0,0,0,0,0,0,0,-11.5,63601.99999999999
L52116,L,30.350000000000023,39.25,90.0,1635.0,31.8,94.0,0,0,0,0,0,0,-8.899999999999977,51993.0
L47988,L,24.450000000000045,35.650000000000034,90.0,1628.0,35.5,0.0,0,0,0,0,0,0,-11.199999999999989,57794.0
L56149,L,23.850000000000023,34.650000000000034,90.0,1487.0,50.0,96.0,0,0,0,0,0,0,-10.800000000000011,74350.0
L51816,L,29.850000000000023,38.05000000000001,90.0,1513.0,41.0,212.0,0,0,0,0,0,0,-8.199999999999989,62033.0
L47834,L,24.450000000000045,36.05000000000001,90.0,1683.0,30.9,163.0,0,0,0,0,0,0,-11.599999999999966,52004.7
L47941,L,23.55000000000001,34.650000000000034,90.0,1373.0,49.8,210.0,0,0,0,0,0,0,-11.100000000000023,68375.4
M19232,M,28.650000000000034,36.35000000000002,90.0,1430.0,39.6,227.0,0,0,0,0,0,0,-7.699999999999989,56628.0
L48570,L,25.75,37.05000000000001,90.0,1436.0,42.1,138.0,0,0,0,0,0,0,-11.300000000000011,60455.6
H38710,H,24.950000000000045,35.75,90.0,1568.0,39.3,37.0,0,0,0,0,0,0,-10.799999999999955,61622.399999999994
L49216,L,25.850000000000023,35.55000000000001,90.0,1533.0,22.8,26.0,0,0,0,0,0,0,-9.699999999999989,34952.4
L54377,L,26.850000000000023,36.85000000000002,90.0,1459.0,40.7,69.0,0,0,0,0,0,0,-10.0,59381.3
M17597,M,26.55000000000001,35.950000000000045,90.0,1508.0,41.2,143.0,0,0,0,0,0,0,-9.400000000000034,62129.600000000006
L52240,L,30.850000000000023,40.05000000000001,90.0,1394.0,50.1,198.0,0,0,0,0,0,0,-9.199999999999989,69839.40000000001
L53166,L,27.450000000000045,37.55000000000001,90.0,1440.0,52.5,192.0,0,0,0,0,0,0,-10.099999999999966,75600.0
L50677,L,28.75,37.85000000000002,90.0,1608.0,33.0,162.0,0,0,0,0,0,0,-9.100000000000023,53064.0
L49942,L,26.650000000000034,36.05000000000001,90.0,1470.0,40.9,0.0,0,0,0,0,0,0,-9.399999999999977,60123.0
L51117,L,29.150000000000034,38.35000000000002,90.0,1727.0,28.7,192.0,0,0,0,0,0,0,-9.199999999999989,49564.9
L54199,L,27.650000000000034,37.650000000000034,90.0,1568.0,37.1,39.0,0,0,0,0,0,0,-10.0,58172.8
M18682,M,29.150000000000034,37.75,90.0,1798.0,23.5,106.0,0,0,0,0,0,0,-8.599999999999966,42253.0
L55277,L,27.150000000000034,38.55000000000001,90.0,1566.0,31.4,49.0,0,0,0,0,0,0,-11.399999999999977,49172.399999999994
M21251,M,27.05000000000001,36.55000000000001,90.0,1413.0,57.0,20.0,0,0,0,0,0,0,-9.5,80541.0
L50185,L,27.25,36.55000000000001,90.0,1498.0,37.4,98.0,0,0,0,0,0,0,-9.300000000000011,56025.2
L57163,L,25.55000000000001,35.25,90.0,1339.0,52.9,195.0,0,0,0,0,0,0,-9.699999999999989,70833.09999999999
M17624,M,26.75,36.150000000000034,90.0,1422.0,52.8,0.0,0,0,0,0,0,0,-9.400000000000034,75081.59999999999
H33269,H,29.25,37.950000000000045,90.0,1431.0,49.7,124.0,0,0,0,0,0,0,-8.700000000000045,71120.7
M15204,M,24.350000000000023,35.150000000000034,90.0,1432.0,52.1,29.0,0,0,0,0,0,0,-10.800000000000011,74607.2
H30676,H,24.650000000000034,36.05000000000001,90.0,1648.0,40.8,168.0,0,0,0,0,0,0,-11.399999999999977,67238.4
L48965,L,25.150000000000034,34.85000000000002,90.0,1530.0,35.2,59.0,0,0,0,0,0,0,-9.699999999999989,53856.00000000001
L56424,L,25.150000000000034,35.950000000000045,90.0,1767.0,27.3,168.0,0,0,0,0,0,0,-10.800000000000011,48239.1
L54029,L,27.850000000000023,38.150000000000034,90.0,1498.0,37.6,64.0,0,0,0,0,0,0,-10.300000000000011,56324.8
M23683,M,24.150000000000034,35.650000000000034,90.0,1469.0,57.4,131.0,0,0,0,0,0,0,-11.5,84320.59999999999
L49220,L,25.850000000000023,35.75,90.0,1686.0,29.6,212.0,0,0,0,0,0,0,-9.899999999999977,49905.600000000006
L56387,L,24.75,35.650000000000034,90.0,1645.0,32.6,70.0,0,0,0,0,0,0,-10.900000000000034,53627.0
L53140,L,27.350000000000023,37.55000000000001,90.0,1523.0,33.5,71.0,0,0,0,0,0,0,-10.199999999999989,51020.5
H38258,H,24.25,35.35000000000002,90.0,1692.0,27.1,156.0,0,0,0,0,0,0,-11.100000000000023,45853.200000000004
L55972,L,24.25,35.35000000000002,90.0,1418.0,45.6,105.0,0,0,0,0,0,0,-11.100000000000023,64660.8
M17748,M,27.450000000000045,36.35000000000002,90.0,1546.0,36.9,112.0,0,0,0,0,0,0,-8.899999999999977,57047.399999999994
L54358,L,26.950000000000045,37.150000000000034,90.0,1470.0,43.1,23.0,0,0,0,0,0,0,-10.199999999999989,63357.0
L55348,L,26.450000000000045,37.85000000000002,90.0,1336.0,50.7,192.0,0,0,0,0,0,0,-11.399999999999977,67735.2
L47955,L,23.55000000000001,34.650000000000034,90.0,1501.0,38.9,0.0,0,0,0,0,0,0,-11.100000000000023,58388.9
L54998,L,26.650000000000034,38.05000000000001,90.0,1369.0,46.6,144.0,0,0,0,0,0,0,-11.399999999999977,63795.4
L49881,L,26.75,36.05000000000001,90.0,1389.0,54.9,61.0,0,0,0,0,0,0,-9.300000000000011,76256.09999999999
L55868,L,23.950000000000045,35.25,90.0,1551.0,36.5,127.0,0,0,0,0,0,0,-11.299999999999955,56611.5
L55620,L,25.450000000000045,36.75,90.0,1737.0,27.2,0.0,0,0,0,0,0,0,-11.299999999999955,47246.4
H30011,H,24.450000000000045,36.450000000000045,90.0,1530.0,40.4,13.0,0,0,0,0,0,0,-12.0,61812.0
H30515,H,23.450000000000045,34.450000000000045,90.0,1790.0,26.2,38.0,0,0,0,0,0,0,-11.0,46898.0
L55014,L,26.850000000000023,38.25,90.0,1572.0,35.7,185.0,0,0,0,0,0,0,-11.399999999999977,56120.4
M23886,M,24.350000000000023,35.05000000000001,90.0,1485.0,42.6,15.0,0,0,0,0,0,0,-10.699999999999989,63261.0
L54681,L,27.05000000000001,38.55000000000001,90.0,1469.0,30.8,0.0,0,0,0,0,0,0,-11.5,45245.200000000004
L48996,L,24.950000000000045,34.450000000000045,90.0,1479.0,46.5,143.0,0,0,0,0,0,0,-9.5,68773.5
L50419,L,27.850000000000023,36.35000000000002,90.0,1430.0,50.5,122.0,0,0,0,0,0,0,-8.5,72215.0
M17735,M,27.350000000000023,36.35000000000002,90.0,1499.0,47.6,30.0,0,0,0,0,0,0,-9.0,71352.40000000001
L54986,L,27.150000000000034,38.450000000000045,90.0,1671.0,31.6,168.0,0,0,0,0,0,0,-11.300000000000011,52803.600000000006
M19179,M,28.55000000000001,36.950000000000045,90.0,1507.0,45.1,2.0,0,0,0,0,0,0,-8.400000000000034,67965.7
M24734,M,25.450000000000045,36.25,90.0,1488.0,42.8,112.0,0,0,0,0,0,0,-10.799999999999955,63686.399999999994
L48718,L,25.25,35.950000000000045,90.0,1364.0,29.6,57.0,0,0,0,0,0,0,-10.700000000000045,40374.4
M22167,M,26.650000000000034,37.950000000000045,90.0,1456.0,39.4,128.0,0,0,0,0,0,0,-11.300000000000011,57366.4
L54673,L,27.05000000000001,38.55000000000001,90.0,1545.0,41.4,173.0,0,0,0,0,0,0,-11.5,63963.0
M20989,M,27.650000000000034,37.950000000000045,90.0,1508.0,46.9,113.0,0,0,0,0,0,0,-10.300000000000011,70725.2
L49659,L,25.850000000000023,35.35000000000002,90.0,1393.0,47.8,159.0,0,0,0,0,0,0,-9.5,66585.4
L54667,L,27.150000000000034,38.55000000000001,90.0,1707.0,39.8,20.0,0,0,0,0,0,0,-11.399999999999977,67938.59999999999
L53042,L,28.150000000000034,37.85000000000002,90.0,1497.0,45.5,86.0,0,0,0,0,0,0,-9.699999999999989,68113.5
L55961,L,24.350000000000023,35.450000000000045,90.0,1327.0,47.5,24.0,0,0,0,0,0,0,-11.100000000000023,63032.5
M15123,M,24.850000000000023,34.950000000000045,90.0,1563.0,32.2,30.0,0,0,0,0,0,0,-10.100000000000023,50328.600000000006
M19177,M,28.350000000000023,36.950000000000045,90.0,1417.0,39.8,49.0,0,0,0,0,0,0,-8.600000000000023,56396.6
M24672,M,25.05000000000001,35.950000000000045,90.0,1313.0,45.8,157.0,0,0,0,0,0,0,-10.900000000000034,60135.399999999994
L57163,L,25.25,34.55000000000001,90.0,1759.0,25.8,195.0,0,0,0,0,0,0,-9.300000000000011,45382.200000000004
M22923,M,27.150000000000034,38.55000000000001,90.0,1533.0,37.5,100.0,0,0,0,0,0,0,-11.399999999999977,57487.5
H37329,H,27.650000000000034,38.950000000000045,90.0,1535.0,36.8,169.0,0,0,0,0,0,0,-11.300000000000011,56487.99999999999
L47267,L,24.850000000000023,35.85000000000002,90.0,1380.0,47.7,25.0,0,0,0,0,0,0,-11.0,65826.0
L47691,L,24.350000000000023,36.150000000000034,90.0,1564.0,41.8,22.0,0,0,0,0,0,0,-11.800000000000011,65375.2
L53295,L,27.650000000000034,37.75,90.0,1680.0,27.5,91.0,0,0,0,0,0,0,-10.099999999999966,46200.0
L49077,L,24.650000000000034,34.25,90.0,1488.0,39.9,157.0,0,0,0,0,0,0,-9.599999999999966,59371.2
H29767,H,24.450000000000045,35.150000000000034,90.0,1467.0,43.2,84.0,0,0,0,0,0,0,-10.699999999999989,63374.4
L56543,L,24.75,35.35000000000002,90.0,1519.0,34.3,175.0,0,0,0,0,0,0,-10.600000000000023,52101.7
L55190,L,27.650000000000034,38.650000000000034,90.0,1427.0,43.1,178.0,0,0,0,0,0,0,-11.0,61503.700000000004
L51218,L,28.850000000000023,37.650000000000034,90.0,1793.0,25.1,15.0,0,0,0,0,0,0,-8.800000000000011,45004.3
L50526,L,28.150000000000034,37.55000000000001,90.0,1761.0,31.0,174.0,0,0,0,0,0,0,-9.399999999999977,54591.0
L54052,L,27.850000000000023,38.150000000000034,90.0,1391.0,35.3,171.0,0,0,0,0,0,0,-10.300000000000011,49102.299999999996
M23225,M,25.650000000000034,36.650000000000034,90.0,1370.0,56.1,171.0,0,0,0,0,0,0,-11.0,76857.0
M20473,M,29.850000000000023,39.150000000000034,90.0,1480.0,43.6,109.0,0,0,0,0,0,0,-9.300000000000011,64528.0
L54349,L,27.150000000000034,37.05000000000001,90.0,1242.0,56.3,2.0,0,0,0,0,0,0,-9.899999999999977,69924.59999999999
L57022,L,25.25,36.150000000000034,90.0,1395.0,47.6,91.0,0,0,0,0,0,0,-10.900000000000034,66402.0
M16969,M,26.150000000000034,35.85000000000002,90.0,1616.0,30.8,156.0,0,0,0,0,0,0,-9.699999999999989,49772.8
L49909,L,26.55000000000001,36.05000000000001,90.0,1471.0,50.9,131.0,0,0,0,0,0,0,-9.5,74873.9
M18943,M,28.850000000000023,37.650000000000034,90.0,1675.0,29.2,114.0,0,0,0,0,0,0,-8.800000000000011,48910.0
L55679,L,25.350000000000023,36.450000000000045,90.0,1579.0,36.3,146.0,0,0,0,0,0,0,-11.100000000000023,57317.7
L49845,L,26.650000000000034,36.25,90.0,1383.0,52.9,168.0,0,0,0,0,0,0,-9.599999999999966,73160.7
H31220,H,24.850000000000023,34.450000000000045,90.0,1593.0,32.2,49.0,0,0,0,0,0,0,-9.600000000000023,51294.600000000006
L51124,L,29.05000000000001,38.25,90.0,1608.0,35.8,207.0,0,0,0,0,0,0,-9.199999999999989,57566.399999999994
L48446,L,24.850000000000023,36.450000000000045,90.0,1633.0,34.8,20.0,0,0,0,0,0,0,-11.600000000000023,56828.399999999994
H38867,H,24.850000000000023,35.55000000000001,90.0,1402.0,50.6,107.0,0,0,0,0,0,0,-10.699999999999989,70941.2
L55852,L,24.350000000000023,35.650000000000034,90.0,1510.0,38.8,159.0,0,0,0,0,0,0,-11.300000000000011,58587.99999999999
L56922,L,25.75,37.05000000000001,90.0,1435.0,42.0,0.0,0,0,0,0,0,0,-11.300000000000011,60270.0
L50147,L,27.450000000000045,36.25,90.0,1675.0,51.6,48.0,0,0,0,0,0,0,-8.799999999999955,86430.0
L49325,L,26.150000000000034,35.650000000000034,90.0,1550.0,53.0,197.0,0,0,0,0,0,0,-9.5,82150.0
M21755,M,27.650000000000034,38.05000000000001,90.0,1616.0,31.4,137.0,0,0,0,0,0,0,-10.399999999999977,50742.399999999994
L49281,L,26.25,36.150000000000034,90.0,1528.0,37.8,175.0,0,0,0,0,0,0,-9.900000000000034,57758.399999999994
M23763,M,24.25,35.55000000000001,90.0,1483.0,43.2,64.0,0,0,0,0,0,0,-11.300000000000011,64065.600000000006
L48237,L,23.650000000000034,34.650000000000034,90.0,1574.0,37.4,110.0,0,0,0,0,0,0,-11.0,58867.6
L53233,L,27.650000000000034,37.75,90.0,1748.0,41.6,140.0,0,0,0,0,0,0,-10.099999999999966,72716.8
M15167,M,24.650000000000034,35.25,90.0,1584.0,42.5,152.0,0,0,0,0,0,0,-10.599999999999966,67320.0
L54561,L,26.55000000000001,37.150000000000034,90.0,1531.0,43.1,101.0,0,0,0,0,0,0,-10.600000000000023,65986.1
L56685,L,26.05000000000001,36.950000000000045,90.0,1395.0,53.7,137.0,0,0,0,0,0,0,-10.900000000000034,74911.5
L53499,L,27.650000000000034,37.05000000000001,90.0,1529.0,40.0,155.0,0,0,0,0,0,0,-9.399999999999977,61160.0
L48891,L,24.950000000000045,34.650000000000034,90.0,1355.0,51.1,80.0,0,0,0,0,0,0,-9.699999999999989,69240.5
L48306,L,23.650000000000034,34.75,90.0,1413.0,50.7,111.0,0,0,0,0,0,0,-11.099999999999966,71639.1
L51385,L,29.150000000000034,37.650000000000034,90.0,1723.0,29.0,213.0,0,0,0,0,0,0,-8.5,49967.0
M21254,M,27.05000000000001,36.55000000000001,90.0,1408.0,47.1,139.0,0,0,0,0,0,0,-9.5,66316.8
L48361,L,24.150000000000034,35.35000000000002,90.0,1539.0,41.0,5.0,0,0,0,0,0,0,-11.199999999999989,63099.0
L53255,L,27.850000000000023,37.75,90.0,1444.0,46.5,199.0,0,0,0,0,0,0,-9.899999999999977,67146.0
L51203,L,28.950000000000045,37.85000000000002,90.0,1558.0,34.6,204.0,0,0,0,0,0,0,-8.899999999999977,53906.8
M15341,M,24.150000000000034,35.85000000000002,90.0,1556.0,39.5,119.0,0,0,0,0,0,0,-11.699999999999989,61462.0
M15648,M,23.75,34.950000000000045,90.0,1440.0,46.3,92.0,0,0,0,0,0,0,-11.200000000000045,66672.0
L55435,L,25.850000000000023,37.450000000000045,90.0,1390.0,52.1,7.0,0,0,0,0,0,0,-11.600000000000023,72419.0
L54873,L,27.450000000000045,38.55000000000001,90.0,1789.0,24.3,8.0,0,0,0,0,0,0,-11.099999999999966,43472.700000000004
L50535,L,28.150000000000034,37.450000000000045,90.0,1436.0,47.6,193.0,0,0,0,0,0,0,-9.300000000000011,68353.6
L48557,L,25.650000000000034,36.950000000000045,90.0,1461.0,46.7,64.0,0,0,0,0,0,0,-11.300000000000011,68228.7
L53506,L,27.450000000000045,36.450000000000045,90.0,1611.0,40.4,172.0,0,0,0,0,0,0,-9.0,65084.399999999994
L51208,L,28.850000000000023,37.650000000000034,90.0,1581.0,35.2,218.0,0,0,0,0,0,0,-8.800000000000011,55651.200000000004
L52638,L,29.950000000000045,39.450000000000045,90.0,1493.0,42.4,132.0,0,0,0,0,0,0,-9.5,63303.2
L48237,L,23.650000000000034,34.650000000000034,90.0,1457.0,51.4,126.0,0,0,0,0,0,0,-11.0,74889.8
L48409,L,23.950000000000045,35.25,90.0,1304.0,47.3,153.0,0,0,0,0,0,0,-11.299999999999955,61679.2
L49245,L,26.55000000000001,36.450000000000045,90.0,1458.0,37.0,175.0,0,0,0,0,0,0,-9.900000000000034,53946.0
L50410,L,27.25,36.35000000000002,90.0,1471.0,45.4,9.0,0,0,0,0,0,0,-9.100000000000023,66783.4
L49071,L,24.55000000000001,34.25,90.0,1764.0,32.9,139.0,0,0,0,0,0,0,-9.699999999999989,58035.6
L50397,L,27.350000000000023,36.35000000000002,90.0,1460.0,48.1,121.0,0,0,0,0,0,0,-9.0,70226.0
L56037,L,24.55000000000001,35.75,90.0,1333.0,59.1,24.0,0,0,0,0,0,0,-11.199999999999989,78780.3
M15257,M,24.25,35.25,90.0,1759.0,28.9,2.0,0,0,0,0,0,0,-11.0,50835.1
L49135,L,24.75,34.55000000000001,90.0,1308.0,43.8,87.0,0,0,0,0,0,0,-9.800000000000011,57290.399999999994
L52674,L,29.650000000000034,39.25,90.0,1628.0,35.0,16.0,0,0,0,0,0,0,-9.599999999999966,56980.0
M23114,M,25.850000000000023,36.950000000000045,90.0,1490.0,41.8,129.0,0,0,0,0,0,0,-11.100000000000023,62281.99999999999
L55020,L,27.05000000000001,38.450000000000045,90.0,1457.0,44.1,188.0,0,0,0,0,0,0,-11.400000000000034,64253.700000000004
L54325,L,27.350000000000023,36.85000000000002,90.0,1413.0,44.5,148.0,0,0,0,0,0,0,-9.5,62878.5
M14957,M,25.850000000000023,35.75,90.0,1615.0,28.9,50.0,0,0,0,0,0,0,-9.899999999999977,46673.5
L57098,L,25.450000000000045,35.650000000000034,90.0,1352.0,56.7,24.0,0,0,0,0,0,0,-10.199999999999989,76658.40000000001
M20755,M,28.05000000000001,37.75,90.0,1606.0,33.4,166.0,0,0,0,0,0,0,-9.699999999999989,53640.399999999994
H36557,H,27.850000000000023,37.650000000000034,90.0,1462.0,36.5,163.0,0,0,0,0,0,0,-9.800000000000011,53363.0
L48604,L,25.55000000000001,36.55000000000001,90.0,1462.0,41.6,6.0,0,0,0,0,0,0,-11.0,60819.200000000004
L49627,L,26.150000000000034,35.55000000000001,90.0,1408.0,48.8,85.0,0,0,0,0,0,0,-9.399999999999977,68710.4
H30612,H,23.75,34.85000000000002,90.0,1335.0,55.8,71.0,0,0,0,0,0,0,-11.100000000000023,74493.0
L54620,L,26.75,38.25,90.0,1609.0,29.6,30.0,0,0,0,0,0,0,-11.5,47626.4
H35223,H,26.950000000000045,36.450000000000045,90.0,1649.0,29.0,94.0,0,0,0,0,0,0,-9.5,47821.0
L51642,L,29.350000000000023,37.25,90.0,1563.0,32.2,172.0,0,0,0,0,0,0,-7.899999999999977,50328.600000000006
L55966,L,24.350000000000023,35.35000000000002,90.0,1694.0,28.9,38.0,0,0,0,0,0,0,-11.0,48956.6
L55652,L,25.350000000000023,36.450000000000045,90.0,1546.0,36.8,74.0,0,0,0,0,0,0,-11.100000000000023,56892.799999999996
L55899,L,24.05000000000001,35.55000000000001,90.0,1451.0,43.1,68.0,0,0,0,0,0,0,-11.5,62538.1
L48983,L,24.850000000000023,34.55000000000001,90.0,1488.0,40.3,124.0,0,0,0,0,0,0,-9.699999999999989,59966.399999999994
L47853,L,24.450000000000045,35.75,90.0,1449.0,37.1,209.0,0,0,0,0,0,0,-11.299999999999955,53757.9
L54265,L,27.450000000000045,37.35000000000002,90.0,1484.0,41.0,213.0,0,0,0,0,0,0,-9.899999999999977,60844.0
L54139,L,27.450000000000045,37.85000000000002,90.0,1382.0,54.0,89.0,0,0,0,0,0,0,-10.399999999999977,74628.0
L49410,L,26.350000000000023,35.55000000000001,90.0,1553.0,36.6,189.0,0,0,0,0,0,0,-9.199999999999989,56839.8
L53530,L,26.850000000000023,36.450000000000045,90.0,1362.0,49.1,23.0,0,0,0,0,0,0,-9.600000000000023,66874.2
L54928,L,27.55000000000001,38.55000000000001,90.0,1515.0,47.4,170.0,0,0,0,0,0,0,-11.0,71811.0
M24095,M,25.05000000000001,35.75,90.0,1592.0,35.2,155.0,0,0,0,0,0,0,-10.699999999999989,56038.4
L47219,L,25.650000000000034,35.950000000000045,90.0,1529.0,42.5,111.0,0,0,0,0,0,0,-10.300000000000011,64982.5
L49409,L,26.150000000000034,35.55000000000001,90.0,1681.0,30.8,171.0,0,0,0,0,0,0,-9.399999999999977,51774.8
L55258,L,27.150000000000034,38.55000000000001,90.0,1571.0,31.2,121.0,0,0,0,0,0,0,-11.399999999999977,49015.2
H31719,H,26.05000000000001,35.35000000000002,90.0,1418.0,47.5,147.0,0,0,0,0,0,0,-9.300000000000011,67355.0
M16116,M,24.350000000000023,35.75,90.0,1492.0,37.7,12.0,0,0,0,0,0,0,-11.399999999999977,56248.4
L56251,L,24.05000000000001,34.950000000000045,90.0,1426.0,44.2,154.0,0,0,0,0,0,0,-10.900000000000034,63029.200000000004
M20534,M,27.350000000000023,38.55000000000001,90.0,1577.0,37.3,208.0,1,1,0,0,0,0,-11.199999999999989,58822.1
M18334,M,28.75,37.85000000000002,90.0,1377.0,50.4,53.0,0,0,0,0,0,0,-9.100000000000023,69400.8
L52362,L,30.75,39.950000000000045,90.0,1380.0,31.9,108.0,0,0,0,0,0,0,-9.200000000000045,44022.0
L49260,L,26.150000000000034,35.950000000000045,90.0,1483.0,46.2,148.0,0,0,0,0,0,0,-9.800000000000011,68514.6
M18437,M,28.450000000000045,37.25,90.0,1434.0,42.5,118.0,0,0,0,0,0,0,-8.799999999999955,60945.0
L50943,L,29.150000000000034,37.85000000000002,90.0,1447.0,47.9,96.0,0,0,0,0,0,0,-8.699999999999989,69311.3
L49412,L,26.450000000000045,35.35000000000002,90.0,1413.0,42.8,80.0,0,0,0,0,0,0,-8.899999999999977,60476.399999999994
H35963,H,28.150000000000034,37.650000000000034,90.0,1418.0,45.4,59.0,0,0,0,0,0,0,-9.5,64377.2
L54673,L,27.05000000000001,38.55000000000001,90.0,1448.0,54.2,155.0,0,0,0,0,0,0,-11.5,78481.6
L53022,L,28.25,38.05000000000001,90.0,1355.0,51.0,33.0,0,0,0,0,0,0,-9.800000000000011,69105.0
L54648,L,27.150000000000034,38.150000000000034,90.0,1472.0,47.6,107.0,0,0,0,0,0,0,-11.0,70067.2
L51586,L,29.25,36.950000000000045,90.0,1393.0,52.1,52.0,0,0,0,0,0,0,-7.7000000000000455,72575.3
L50342,L,27.150000000000034,36.75,90.0,1570.0,35.0,0.0,0,0,0,0,0,0,-9.599999999999966,54950.0
M23797,M,24.25,35.25,90.0,1531.0,38.7,16.0,0,0,0,0,0,0,-11.0,59249.700000000004
L50929,L,28.950000000000045,37.85000000000002,90.0,1418.0,45.9,166.0,0,0,0,0,0,0,-8.899999999999977,65086.2
M21764,M,27.75,38.35000000000002,90.0,1704.0,31.5,159.0,0,0,0,0,0,0,-10.600000000000023,53676.0
L47537,L,24.25,35.05000000000001,90.0,1335.0,53.2,66.0,0,0,0,0,0,0,-10.800000000000011,71022.0
L54733,L,27.150000000000034,38.150000000000034,90.0,1453.0,40.6,59.0,0,0,0,0,0,0,-11.0,58991.8
L49278,L,26.25,36.35000000000002,90.0,1399.0,47.6,38.0,0,0,0,0,0,0,-10.100000000000023,66592.40000000001
M18951,M,28.850000000000023,37.35000000000002,90.0,1595.0,32.9,191.0,0,0,0,0,0,0,-8.5,52475.5
M17748,M,27.450000000000045,36.450000000000045,90.0,1527.0,37.0,71.0,0,0,0,0,0,0,-9.0,56499.0
L50787,L,28.450000000000045,37.55000000000001,90.0,1756.0,30.7,196.0,0,0,0,0,0,0,-9.099999999999966,53909.2
L56843,L,25.950000000000045,36.950000000000045,90.0,1335.0,48.8,204.0,1,0,0,0,1,0,-11.0,65147.99999999999
M20878,M,27.650000000000034,37.450000000000045,90.0,1372.0,44.1,52.0,0,0,0,0,0,0,-9.800000000000011,60505.200000000004
M23208,M,25.55000000000001,36.35000000000002,90.0,1572.0,33.1,180.0,0,0,0,0,0,0,-10.800000000000011,52033.200000000004
M17825,M,27.55000000000001,36.35000000000002,90.0,1438.0,43.5,187.0,0,0,0,0,0,0,-8.800000000000011,62553.0
L49627,L,25.650000000000034,35.450000000000045,90.0,1540.0,37.7,37.0,0,0,0,0,0,0,-9.800000000000011,58058.00000000001
L52784,L,29.75,39.05000000000001,90.0,1513.0,50.7,92.0,0,0,0,0,0,0,-9.300000000000011,76709.1
L53615,L,27.150000000000034,36.75,90.0,1621.0,36.8,36.0,0,0,0,0,0,0,-9.599999999999966,59652.799999999996
M18790,M,29.450000000000045,38.450000000000045,90.0,1456.0,46.6,174.0,0,0,0,0,0,0,-9.0,67849.6
L52746,L,29.25,38.75,90.0,1609.0,33.7,0.0,0,0,0,0,0,0,-9.5,54223.3
M21192,M,26.850000000000023,36.75,90.0,1488.0,38.2,203.0,0,0,0,0,0,0,-9.899999999999977,56841.600000000006
L56054,L,24.950000000000045,35.950000000000045,90.0,1500.0,40.8,49.0,0,0,0,0,0,0,-11.0,61199.99999999999
H38045,H,24.150000000000034,35.25,90.0,1506.0,37.0,26.0,0,0,0,0,0,0,-11.099999999999966,55722.0
M20194,M,30.25,39.450000000000045,90.0,1452.0,38.5,65.0,0,0,0,0,0,0,-9.200000000000045,55902.0
L53003,L,28.05000000000001,37.950000000000045,90.0,1378.0,39.3,217.0,0,0,0,0,0,0,-9.900000000000034,54155.399999999994
L55417,L,25.950000000000045,37.35000000000002,90.0,1413.0,26.0,90.0,0,0,0,0,0,0,-11.399999999999977,36738.0
M19751,M,30.55000000000001,39.25,90.0,1526.0,41.0,39.0,0,0,0,0,0,0,-8.699999999999989,62566.0
L50872,L,28.950000000000045,38.150000000000034,90.0,1404.0,38.5,202.0,0,0,0,0,0,0,-9.199999999999989,54054.0
L49240,L,26.450000000000045,36.35000000000002,90.0,1803.0,27.7,0.0,0,0,0,0,0,0,-9.899999999999977,49943.1
M16420,M,25.25,35.85000000000002,90.0,1510.0,39.9,189.0,0,0,0,0,0,0,-10.600000000000023,60249.0
M19841,M,30.55000000000001,39.650000000000034,90.0,1355.0,47.0,118.0,0,0,0,0,0,0,-9.100000000000023,63685.0
L54632,L,27.150000000000034,38.55000000000001,90.0,1535.0,37.7,59.0,0,0,0,0,0,0,-11.399999999999977,57869.50000000001
M23798,M,24.25,35.25,90.0,1382.0,43.0,15.0,0,0,0,0,0,0,-11.0,59426.0
L54407,L,26.55000000000001,36.450000000000045,90.0,1499.0,37.8,146.0,0,0,0,0,0,0,-9.900000000000034,56662.2
L50117,L,27.55000000000001,36.450000000000045,90.0,1353.0,47.3,192.0,0,0,0,0,0,0,-8.900000000000034,63996.899999999994
L49560,L,26.05000000000001,35.25,90.0,1398.0,38.2,121.0,0,0,0,0,0,0,-9.199999999999989,53403.600000000006
M23685,M,24.150000000000034,35.650000000000034,90.0,1412.0,41.3,148.0,0,0,0,0,0,0,-11.5,58315.6
L55295,L,27.25,38.650000000000034,90.0,1568.0,36.1,10.0,0,0,0,0,0,0,-11.400000000000034,56604.8
L55736,L,25.05000000000001,35.55000000000001,90.0,1489.0,43.0,78.0,0,0,0,0,0,0,-10.5,64027.0
L53071,L,28.150000000000034,37.85000000000002,90.0,1507.0,43.9,157.0,0,0,0,0,0,0,-9.699999999999989,66157.3
L51688,L,29.25,36.85000000000002,90.0,1611.0,31.0,102.0,0,0,0,0,0,0,-7.600000000000023,49941.0
L47378,L,25.25,35.55000000000001,90.0,1820.0,23.9,130.0,0,0,0,0,0,0,-10.300000000000011,43498.0
L48938,L,24.950000000000045,34.25,90.0,1335.0,51.9,193.0,0,0,0,0,0,0,-9.299999999999955,69286.5
L55230,L,27.450000000000045,38.85000000000002,90.0,1548.0,41.1,54.0,0,0,0,0,0,0,-11.399999999999977,63622.8
M20922,M,28.05000000000001,38.05000000000001,90.0,1407.0,53.0,165.0,0,0,0,0,0,0,-10.0,74571.0
L54275,L,27.450000000000045,37.05000000000001,90.0,1485.0,49.9,19.0,0,0,0,0,0,0,-9.599999999999966,74101.5
L55127,L,27.650000000000034,38.55000000000001,90.0,1495.0,38.8,16.0,0,0,0,0,0,0,-10.899999999999977,58005.99999999999
L53489,L,27.75,37.05000000000001,90.0,1481.0,40.4,131.0,0,0,0,0,0,0,-9.300000000000011,59832.4
L54895,L,27.350000000000023,38.35000000000002,90.0,1302.0,35.5,185.0,0,0,0,0,0,0,-11.0,46221.0
H37528,H,27.25,38.75,90.0,1366.0,54.2,0.0,0,0,0,0,0,0,-11.5,74037.2
M17609,M,26.55000000000001,36.05000000000001,90.0,1450.0,41.4,82.0,0,0,0,0,0,0,-9.5,60030.0
M17108,M,26.05000000000001,35.25,90.0,1497.0,44.6,8.0,0,0,0,0,0,0,-9.199999999999989,66766.2
L52241,L,30.850000000000023,39.85000000000002,90.0,1363.0,54.5,200.0,1,0,0,0,1,0,-9.0,74283.5
L55037,L,27.350000000000023,38.75,90.0,1547.0,36.9,16.0,0,0,0,0,0,0,-11.399999999999977,57084.299999999996
H32928,H,28.75,37.85000000000002,90.0,1430.0,49.8,190.0,0,0,0,0,0,0,-9.100000000000023,71214.0
L56160,L,23.850000000000023,34.450000000000045,90.0,1458.0,43.1,121.0,0,0,0,0,0,0,-10.600000000000023,62839.8
L56572,L,24.450000000000045,34.950000000000045,90.0,1437.0,46.3,192.0,0,0,0,0,0,0,-10.5,66533.09999999999
L52033,L,30.55000000000001,39.05000000000001,90.0,1568.0,34.1,94.0,0,0,0,0,0,0,-8.5,53468.8
H39353,H,25.150000000000034,34.950000000000045,90.0,1654.0,35.0,181.0,0,0,0,0,0,0,-9.800000000000011,57890.0
L56777,L,25.75,36.950000000000045,90.0,1347.0,54.0,52.0,0,0,0,0,0,0,-11.200000000000045,72738.0
L53876,L,28.55000000000001,37.75,90.0,1539.0,39.9,42.0,0,0,0,0,0,0,-9.199999999999989,61406.1
L53965,L,28.05000000000001,37.450000000000045,90.0,1495.0,45.3,64.0,0,0,0,0,0,0,-9.400000000000034,67723.5
L52039,L,30.55000000000001,39.25,90.0,1535.0,54.8,44.0,0,0,0,0,0,0,-8.699999999999989,84118.0
M16354,M,24.850000000000023,35.55000000000001,90.0,1377.0,53.5,181.0,0,0,0,0,0,0,-10.699999999999989,73669.5
M24309,M,24.950000000000045,35.55000000000001,90.0,1434.0,41.8,93.0,0,0,0,0,0,0,-10.599999999999966,59941.2
L54583,L,26.650000000000034,37.650000000000034,90.0,1502.0,38.3,159.0,0,0,0,0,0,0,-11.0,57526.6
L52216,L,30.850000000000023,40.05000000000001,90.0,1394.0,53.8,127.0,0,0,0,0,0,0,-9.199999999999989,74997.2
L47892,L,24.350000000000023,35.55000000000001,90.0,1453.0,37.6,137.0,0,0,0,0,0,0,-11.199999999999989,54632.8
M21202,M,27.150000000000034,36.55000000000001,90.0,1617.0,31.0,114.0,0,0,0,0,0,0,-9.399999999999977,50127.0
L50611,L,28.150000000000034,37.55000000000001,90.0,1435.0,51.1,178.0,0,0,0,0,0,0,-9.399999999999977,73328.5
M24051,M,24.75,35.85000000000002,90.0,1430.0,40.1,37.0,0,0,0,0,0,0,-11.100000000000023,57343.0
L52293,L,30.850000000000023,40.450000000000045,90.0,1365.0,53.7,200.0,1,0,0,0,1,0,-9.600000000000023,73300.5
L56688,L,26.05000000000001,37.25,90.0,1387.0,53.3,114.0,1,0,0,0,1,0,-11.199999999999989,73927.09999999999
L56769,L,26.05000000000001,37.25,90.0,1472.0,42.8,0.0,0,0,0,0,0,0,-11.199999999999989,63001.6
L47967,L,23.75,34.950000000000045,90.0,1454.0,41.3,62.0,0,0,0,0,0,0,-11.200000000000045,60050.2
M17389,M,25.650000000000034,35.450000000000045,90.0,1614.0,32.7,161.0,0,0,0,0,0,0,-9.800000000000011,52777.8
L47792,L,24.950000000000045,36.75,90.0,1609.0,32.8,51.0,0,0,0,0,0,0,-11.799999999999955,52775.2
L51299,L,28.850000000000023,37.35000000000002,90.0,1809.0,26.6,205.0,0,0,0,0,0,0,-8.5,48119.4
L55735,L,24.850000000000023,35.85000000000002,90.0,1489.0,42.0,0.0,0,0,0,0,0,0,-11.0,62538.0
L51448,L,29.55000000000001,37.85000000000002,90.0,1502.0,43.9,152.0,0,0,0,0,0,0,-8.300000000000011,65937.8
L54074,L,27.650000000000034,38.05000000000001,90.0,1422.0,44.2,123.0,0,0,0,0,0,0,-10.399999999999977,62852.4
H37759,H,25.650000000000034,36.650000000000034,90.0,1490.0,35.9,118.0,0,0,0,0,0,0,-11.0,53491.0
M19482,M,29.450000000000045,38.450000000000045,90.0,1542.0,39.5,195.0,0,0,0,0,0,0,-9.0,60909.0
L56470,L,25.05000000000001,35.75,90.0,1418.0,44.2,64.0,0,0,0,0,0,0,-10.699999999999989,62675.600000000006
H35898,H,27.350000000000023,36.55000000000001,90.0,1560.0,30.2,139.0,0,0,0,0,0,0,-9.199999999999989,47112.0
L49989,L,26.75,36.35000000000002,90.0,1392.0,48.6,19.0,0,0,0,0,0,0,-9.600000000000023,67651.2
M21857,M,27.450000000000045,37.55000000000001,90.0,1621.0,36.2,187.0,0,0,0,0,0,0,-10.099999999999966,58680.200000000004
L53887,L,28.150000000000034,37.450000000000045,90.0,1556.0,32.0,72.0,0,0,0,0,0,0,-9.300000000000011,49792.0
L52652,L,29.55000000000001,38.75,90.0,1577.0,36.8,172.0,0,0,0,0,0,0,-9.199999999999989,58033.6
L54886,L,27.350000000000023,38.35000000000002,90.0,1451.0,48.2,77.0,0,0,0,0,0,0,-11.0,69938.2
L47366,L,25.05000000000001,35.25,90.0,1301.0,50.6,54.0,0,0,0,0,0,0,-10.199999999999989,65830.6
L51639,L,29.450000000000045,37.150000000000034,90.0,1446.0,41.2,166.0,0,0,0,0,0,0,-7.699999999999989,59575.200000000004
M21756,M,27.850000000000023,38.450000000000045,90.0,1612.0,32.4,202.0,0,0,0,0,0,0,-10.600000000000023,52228.799999999996
L47319,L,25.650000000000034,35.450000000000045,90.0,1627.0,30.0,155.0,0,0,0,0,0,0,-9.800000000000011,48810.0
L49390,L,26.55000000000001,35.85000000000002,90.0,1609.0,30.5,21.0,0,0,0,0,0,0,-9.300000000000011,49074.5
M19549,M,30.150000000000034,38.35000000000002,90.0,1560.0,30.0,166.0,0,0,0,0,0,0,-8.199999999999989,46800.0
L52559,L,29.75,39.150000000000034,90.0,1471.0,38.2,74.0,0,0,0,0,0,0,-9.400000000000034,56192.200000000004
L56030,L,24.450000000000045,35.85000000000002,90.0,1456.0,47.6,7.0,0,0,0,0,0,0,-11.399999999999977,69305.6
M15067,M,25.150000000000034,35.05000000000001,90.0,1584.0,31.7,172.0,0,0,0,0,0,0,-9.899999999999977,50212.799999999996
L54632,L,27.150000000000034,38.450000000000045,90.0,1579.0,33.6,59.0,0,0,0,0,0,0,-11.300000000000011,53054.4
L47497,L,24.650000000000034,35.25,90.0,1573.0,36.6,181.0,0,0,0,0,0,0,-10.599999999999966,57571.8
L51410,L,29.05000000000001,37.650000000000034,90.0,1657.0,32.9,52.0,0,0,0,0,0,0,-8.600000000000023,54515.299999999996
L47831,L,24.450000000000045,36.05000000000001,90.0,1503.0,38.9,157.0,0,0,0,0,0,0,-11.599999999999966,58466.7
L55013,L,26.850000000000023,38.25,90.0,1604.0,38.7,181.0,0,0,0,0,0,0,-11.399999999999977,62074.8
L49764,L,26.150000000000034,36.05000000000001,90.0,1629.0,31.8,197.0,0,0,0,0,0,0,-9.899999999999977,51802.200000000004
L53361,L,27.850000000000023,37.75,90.0,1527.0,37.9,17.0,0,0,0,0,0,0,-9.899999999999977,57873.299999999996
L53818,L,28.150000000000034,37.35000000000002,90.0,1421.0,44.2,9.0,0,0,0,0,0,0,-9.199999999999989,62808.200000000004
M24332,M,25.55000000000001,36.25,90.0,1523.0,38.0,168.0,0,0,0,0,0,0,-10.699999999999989,57874.0
L56253,L,24.05000000000001,35.25,90.0,1470.0,41.9,96.0,0,0,0,0,0,0,-11.199999999999989,61593.0
M21003,M,27.850000000000023,37.950000000000045,90.0,1435.0,41.5,150.0,0,0,0,0,0,0,-10.100000000000023,59552.5
L53136,L,27.55000000000001,37.55000000000001,90.0,1355.0,51.0,111.0,0,0,0,0,0,0,-10.0,69105.0
L51304,L,28.950000000000045,37.450000000000045,90.0,1419.0,53.6,92.0,0,0,0,0,0,0,-8.5,76058.40000000001
H33541,H,28.850000000000023,37.450000000000045,90.0,1538.0,39.3,12.0,0,0,0,0,0,0,-8.600000000000023,60443.399999999994
L49637,L,25.850000000000023,35.450000000000045,90.0,1787.0,32.2,94.0,0,0,0,0,0,0,-9.600000000000023,57541.4
M17809,M,27.450000000000045,36.450000000000045,90.0,1508.0,35.0,39.0,0,0,0,0,0,0,-9.0,52780.0
L56212,L,24.25,35.150000000000034,90.0,1703.0,27.5,76.0,0,0,0,0,0,0,-10.900000000000034,46832.5
L53245,L,27.75,37.75,90.0,1568.0,38.2,188.0,0,0,0,0,0,0,-10.0,59897.600000000006
H30104,H,24.450000000000045,35.85000000000002,90.0,1356.0,47.4,17.0,0,0,0,0,0,0,-11.399999999999977,64274.4
L49460,L,26.150000000000034,35.55000000000001,90.0,1390.0,57.0,96.0,0,0,0,0,0,0,-9.399999999999977,79230.0
M24450,M,26.05000000000001,37.25,90.0,1325.0,38.7,34.0,0,0,0,0,0,0,-11.199999999999989,51277.50000000001
L54757,L,27.25,37.950000000000045,90.0,1388.0,49.3,188.0,0,0,0,0,0,0,-10.700000000000045,68428.4
M21487,M,28.350000000000023,37.450000000000045,90.0,1421.0,44.4,177.0,0,0,0,0,0,0,-9.100000000000023,63092.4
L52023,L,30.150000000000034,38.650000000000034,90.0,1434.0,44.5,92.0,0,0,0,0,0,0,-8.5,63813.0
L48208,L,23.150000000000034,34.25,90.0,1472.0,43.9,51.0,0,0,0,0,0,0,-11.099999999999966,64620.799999999996
L56850,L,25.850000000000023,36.85000000000002,90.0,1690.0,34.2,244.0,0,0,0,0,0,0,-11.0,57798.00000000001
L48747,L,24.950000000000045,35.05000000000001,90.0,1524.0,39.3,49.0,0,0,0,0,0,0,-10.099999999999966,59893.2
L49613,L,25.75,35.450000000000045,90.0,1699.0,29.8,141.0,0,0,0,0,0,0,-9.700000000000045,50630.200000000004
L56985,L,25.25,36.05000000000001,90.0,1465.0,42.5,141.0,0,0,0,0,0,0,-10.800000000000011,62262.5
L52525,L,30.350000000000023,39.55000000000001,90.0,1534.0,39.4,96.0,0,0,0,0,0,0,-9.199999999999989,60439.6
L52333,L,31.05000000000001,40.25,90.0,1551.0,38.1,36.0,0,0,0,0,0,0,-9.199999999999989,59093.100000000006
M24418,M,26.350000000000023,37.75,90.0,1373.0,50.2,159.0,0,0,0,0,0,0,-11.399999999999977,68924.6
M21465,M,28.350000000000023,37.450000000000045,90.0,1724.0,30.0,38.0,0,0,0,0,0,0,-9.100000000000023,51720.0
L56547,L,24.75,35.35000000000002,90.0,1440.0,42.8,70.0,0,0,0,0,0,0,-10.600000000000023,61631.99999999999
L56747,L,26.650000000000034,37.950000000000045,90.0,1412.0,39.2,171.0,0,0,0,0,0,0,-11.300000000000011,55350.4
L54320,L,27.150000000000034,36.75,90.0,1382.0,52.1,134.0,0,0,0,0,0,0,-9.599999999999966,72002.2
L56669,L,25.75,36.55000000000001,90.0,1523.0,39.2,145.0,0,0,0,0,0,0,-10.800000000000011,59701.600000000006
L56800,L,25.75,36.650000000000034,90.0,1505.0,40.7,13.0,0,0,0,0,0,0,-10.900000000000034,61253.50000000001
L47780,L,24.650000000000034,36.55000000000001,90.0,1281.0,52.3,110.0,0,0,0,0,0,0,-11.899999999999977,66996.3
M24596,M,25.75,36.85000000000002,90.0,1441.0,45.7,163.0,0,0,0,0,0,0,-11.100000000000023,65853.7
L48891,L,25.05000000000001,34.650000000000034,90.0,1543.0,33.3,68.0,0,0,0,0,0,0,-9.600000000000023,51381.899999999994
L56266,L,23.950000000000045,34.650000000000034,90.0,1465.0,43.7,179.0,0,0,0,0,0,0,-10.699999999999989,64020.50000000001
M23843,M,23.850000000000023,34.55000000000001,90.0,1350.0,56.0,130.0,0,0,0,0,0,0,-10.699999999999989,75600.0
M18208,M,28.25,37.450000000000045,90.0,1514.0,40.7,121.0,0,0,0,0,0,0,-9.200000000000045,61619.8
H33499,H,28.850000000000023,37.35000000000002,90.0,1418.0,45.2,119.0,0,0,0,0,0,0,-8.5,64093.600000000006
M18981,M,28.950000000000045,37.55000000000001,90.0,1364.0,51.7,77.0,1,0,1,0,0,0,-8.599999999999966,70518.8
M15095,M,24.950000000000045,35.25,90.0,1680.0,33.7,33.0,1,0,0,1,0,0,-10.299999999999955,56616.00000000001
L47554,L,24.350000000000023,35.25,90.0,1432.0,49.3,59.0,0,0,0,0,0,0,-10.899999999999977,70597.59999999999
L54329,L,26.950000000000045,36.950000000000045,90.0,1619.0,31.3,48.0,0,0,0,0,0,0,-10.0,50674.700000000004
M16334,M,25.350000000000023,36.35000000000002,90.0,1366.0,59.1,130.0,0,0,0,0,0,0,-11.0,80730.6
L52404,L,30.75,40.05000000000001,90.0,1724.0,31.4,5.0,0,0,0,0,0,0,-9.300000000000011,54133.6
L54663,L,26.850000000000023,38.05000000000001,90.0,1486.0,36.7,26.0,0,0,0,0,0,0,-11.199999999999989,54536.200000000004
L48956,L,25.150000000000034,34.85000000000002,90.0,1462.0,47.5,37.0,0,0,0,0,0,0,-9.699999999999989,69445.0
L50584,L,28.150000000000034,37.25,90.0,1560.0,30.9,119.0,0,0,0,0,0,0,-9.099999999999966,48204.0
L53773,L,28.450000000000045,37.450000000000045,90.0,1679.0,29.5,88.0,0,0,0,0,0,0,-9.0,49530.5
H36182,H,27.950000000000045,38.450000000000045,90.0,1454.0,39.4,155.0,0,0,0,0,0,0,-10.5,57287.6
L50097,L,27.450000000000045,36.55000000000001,90.0,1481.0,38.0,142.0,0,0,0,0,0,0,-9.099999999999966,56278.0
L49998,L,27.05000000000001,36.25,90.0,1390.0,28.4,131.0,0,0,0,0,0,0,-9.199999999999989,39476.0
L47317,L,25.650000000000034,35.25,90.0,1539.0,36.1,130.0,0,0,0,0,0,0,-9.599999999999966,55557.9
M20697,M,28.150000000000034,37.85000000000002,90.0,1443.0,41.9,173.0,0,0,0,0,0,0,-9.699999999999989,60461.7
L55784,L,24.25,35.05000000000001,90.0,1297.0,52.1,92.0,0,0,0,0,0,0,-10.800000000000011,67573.7
L53066,L,28.450000000000045,38.05000000000001,90.0,1460.0,43.7,0.0,0,0,0,0,0,0,-9.599999999999966,63802.00000000001
L49903,L,26.850000000000023,36.150000000000034,90.0,1415.0,51.9,61.0,0,0,0,0,0,0,-9.300000000000011,73438.5
L48453,L,24.950000000000045,36.25,90.0,1471.0,45.7,63.0,0,0,0,0,0,0,-11.299999999999955,67224.7
L53379,L,27.75,37.75,90.0,1547.0,33.4,0.0,0,0,0,0,0,0,-10.0,51669.799999999996
L47384,L,25.25,35.450000000000045,90.0,1741.0,32.8,112.0,0,0,0,0,0,0,-10.200000000000045,57104.799999999996
L56250,L,23.950000000000045,34.950000000000045,90.0,1566.0,45.2,136.0,0,0,0,0,0,0,-11.0,70783.20000000001
L49453,L,26.150000000000034,35.35000000000002,90.0,1602.0,32.7,78.0,0,0,0,0,0,0,-9.199999999999989,52385.4
M23020,M,26.450000000000045,37.75,90.0,1394.0,38.5,155.0,0,0,0,0,0,0,-11.299999999999955,53669.0
L53106,L,27.25,37.25,90.0,1740.0,30.9,156.0,0,0,0,0,0,0,-10.0,53766.0
M24492,M,25.850000000000023,36.950000000000045,90.0,1443.0,57.4,89.0,0,0,0,0,0,0,-11.100000000000023,82828.2
L56483,L,25.05000000000001,35.85000000000002,90.0,1491.0,38.3,131.0,0,0,0,0,0,0,-10.800000000000011,57105.299999999996
L56033,L,24.55000000000001,35.75,90.0,1468.0,41.0,12.0,0,0,0,0,0,0,-11.199999999999989,60188.0
M20896,M,27.450000000000045,37.85000000000002,90.0,1401.0,43.7,195.0,0,0,0,0,0,0,-10.399999999999977,61223.700000000004
L48786,L,24.850000000000023,34.55000000000001,90.0,1451.0,42.9,68.0,0,0,0,0,0,0,-9.699999999999989,62247.9
L55018,L,27.05000000000001,38.450000000000045,90.0,1567.0,34.3,195.0,0,0,0,0,0,0,-11.400000000000034,53748.1
M24058,M,24.75,36.05000000000001,90.0,1429.0,43.1,54.0,0,0,0,0,0,0,-11.300000000000011,61589.9
H30617,H,23.75,34.75,90.0,1442.0,41.4,119.0,0,0,0,0,0,0,-11.0,59698.799999999996
L56356,L,24.75,35.75,90.0,1488.0,40.4,2.0,0,0,0,0,0,0,-11.0,60115.2
L53540,L,27.150000000000034,36.650000000000034,90.0,1462.0,51.3,17.0,0,0,0,0,0,0,-9.5,75000.59999999999
L54230,L,27.450000000000045,37.450000000000045,90.0,1546.0,35.4,133.0,0,0,0,0,0,0,-10.0,54728.399999999994
L56243,L,24.05000000000001,35.150000000000034,90.0,1743.0,25.4,115.0,0,0,0,0,0,0,-11.100000000000023,44272.2
L51397,L,28.75,37.450000000000045,90.0,1465.0,43.6,24.0,0,0,0,0,0,0,-8.700000000000045,63874.0
L53992,L,27.75,37.650000000000034,90.0,1621.0,34.5,158.0,0,0,0,0,0,0,-9.900000000000034,55924.5
H31793,H,26.05000000000001,35.05000000000001,90.0,1668.0,27.9,90.0,0,0,0,0,0,0,-9.0,46537.2
L49089,L,24.850000000000023,34.55000000000001,90.0,1616.0,35.6,184.0,0,0,0,0,0,0,-9.699999999999989,57529.600000000006
L54687,L,27.350000000000023,38.75,90.0,1548.0,38.3,207.0,0,0,0,0,0,0,-11.399999999999977,59288.399999999994
L53390,L,27.75,37.75,90.0,1495.0,44.3,93.0,0,0,0,0,0,0,-10.0,66228.5
L54338,L,27.05000000000001,36.85000000000002,90.0,1389.0,52.1,190.0,0,0,0,0,0,0,-9.800000000000011,72366.90000000001
L49578,L,26.150000000000034,35.35000000000002,90.0,1422.0,47.3,158.0,0,0,0,0,0,0,-9.199999999999989,67260.59999999999
L54820,L,27.350000000000023,38.150000000000034,90.0,1608.0,35.1,114.0,0,0,0,0,0,0,-10.800000000000011,56440.8
M16291,M,25.75,36.85000000000002,90.0,1331.0,49.9,20.0,0,0,0,0,0,0,-11.100000000000023,66416.9
L49810,L,26.850000000000023,36.650000000000034,90.0,1446.0,39.6,105.0,0,0,0,0,0,0,-9.800000000000011,57261.6
L52347,L,31.05000000000001,40.35000000000002,90.0,1404.0,40.7,63.0,0,0,0,0,0,0,-9.300000000000011,57142.8
M18457,M,28.55000000000001,37.35000000000002,90.0,1498.0,33.0,171.0,0,0,0,0,0,0,-8.800000000000011,49434.0
L51268,L,28.950000000000045,37.35000000000002,90.0,1455.0,43.9,128.0,0,0,0,0,0,0,-8.399999999999977,63874.5
L55426,L,25.850000000000023,37.150000000000034,90.0,1552.0,39.9,85.0,0,0,0,0,0,0,-11.300000000000011,61924.799999999996
M18438,M,28.55000000000001,37.35000000000002,90.0,1625.0,34.3,121.0,0,0,0,0,0,0,-8.800000000000011,55737.49999999999
M17831,M,27.450000000000045,36.35000000000002,90.0,1388.0,52.5,63.0,0,0,0,0,0,0,-8.899999999999977,72870.0
L51308,L,28.75,37.25,90.0,1402.0,48.8,17.0,0,0,0,0,0,0,-8.5,68417.59999999999
L57124,L,25.150000000000034,34.75,90.0,1528.0,37.9,99.0,0,0,0,0,0,0,-9.599999999999966,57911.2
L54315,L,27.350000000000023,36.650000000000034,90.0,1443.0,48.3,96.0,0,0,0,0,0,0,-9.300000000000011,69696.9
L54557,L,26.350000000000023,36.85000000000002,90.0,1349.0,52.7,148.0,0,0,0,0,0,0,-10.5,71092.3
H35511,H,27.650000000000034,37.55000000000001,90.0,1339.0,54.0,209.0,0,0,0,0,0,0,-9.899999999999977,72306.0
L48010,L,23.450000000000045,34.25,90.0,1544.0,36.9,168.0,0,0,0,0,0,0,-10.799999999999955,56973.6
L54275,L,27.450000000000045,36.950000000000045,90.0,1517.0,49.9,127.0,0,0,0,0,0,0,-9.5,75698.3
M17942,M,26.850000000000023,36.150000000000034,90.0,1530.0,38.3,26.0,0,0,0,0,0,0,-9.300000000000011,58598.99999999999
L50398,L,27.450000000000045,36.450000000000045,90.0,1326.0,53.6,9.0,0,0,0,0,0,0,-9.0,71073.6
L53894,L,28.150000000000034,37.450000000000045,90.0,1440.0,53.8,176.0,0,0,0,0,0,0,-9.300000000000011,77472.0
L53263,L,27.75,37.55000000000001,90.0,1689.0,28.6,214.0,0,0,0,0,0,0,-9.800000000000011,48305.4
L48732,L,25.350000000000023,35.75,90.0,1781.0,27.8,57.0,0,0,0,0,0,0,-10.399999999999977,49511.8
L52692,L,29.650000000000034,39.05000000000001,90.0,1446.0,45.6,58.0,0,0,0,0,0,0,-9.399999999999977,65937.6
M16773,M,24.950000000000045,35.650000000000034,90.0,1621.0,33.8,197.0,0,0,0,0,0,0,-10.699999999999989,54789.799999999996
L54115,L,27.650000000000034,38.25,90.0,1614.0,24.3,24.0,0,0,0,0,0,0,-10.599999999999966,39220.200000000004
L53528,L,27.05000000000001,36.75,90.0,1457.0,41.6,5.0,0,0,0,0,0,0,-9.699999999999989,60611.200000000004
L55934,L,24.25,35.450000000000045,90.0,1540.0,42.2,24.0,0,0,0,0,0,0,-11.200000000000045,64988.00000000001
L48311,L,23.650000000000034,34.75,90.0,1424.0,45.3,123.0,0,0,0,0,0,0,-11.099999999999966,64507.2
L47793,L,24.950000000000045,36.75,90.0,1408.0,44.9,53.0,0,0,0,0,0,0,-11.799999999999955,63219.2
L56796,L,25.75,36.950000000000045,90.0,1450.0,44.1,54.0,0,0,0,0,0,0,-11.200000000000045,63945.0
L56474,L,25.05000000000001,35.55000000000001,90.0,1486.0,39.0,95.0,0,0,0,0,0,0,-10.5,57954.0
H29949,H,24.25,36.25,90.0,1511.0,35.7,134.0,0,0,0,0,0,0,-12.0,53942.700000000004
M19492,M,29.75,38.650000000000034,90.0,1732.0,30.9,12.0,0,0,0,0,0,0,-8.900000000000034,53518.799999999996
L47964,L,23.55000000000001,34.75,90.0,1681.0,28.9,55.0,0,0,0,0,0,0,-11.199999999999989,48580.899999999994
L47948,L,23.75,34.85000000000002,90.0,1490.0,43.9,15.0,0,0,0,0,0,0,-11.100000000000023,65411.0
L56797,L,26.150000000000034,37.150000000000034,90.0,1418.0,49.6,124.0,0,0,0,0,0,0,-11.0,70332.8
L52724,L,29.350000000000023,38.75,90.0,1433.0,42.1,162.0,0,0,0,0,0,0,-9.399999999999977,60329.3
M21853,M,27.55000000000001,37.85000000000002,90.0,1447.0,37.0,104.0,0,0,0,0,0,0,-10.300000000000011,53539.0
L56464,L,25.05000000000001,35.75,90.0,1477.0,42.9,13.0,0,0,0,0,0,0,-10.699999999999989,63363.299999999996
L52673,L,29.75,39.25,90.0,1449.0,53.1,8.0,0,0,0,0,0,0,-9.5,76941.90000000001
L49123,L,24.950000000000045,34.55000000000001,90.0,1501.0,39.4,59.0,0,0,0,0,0,0,-9.599999999999966,59139.4
L51716,L,29.350000000000023,37.05000000000001,90.0,1351.0,47.5,0.0,1,0,1,0,0,0,-7.699999999999989,64172.5
L53338,L,27.950000000000045,38.05000000000001,90.0,1455.0,40.1,63.0,0,0,0,0,0,0,-10.099999999999966,58345.5
L50265,L,26.950000000000045,36.05000000000001,90.0,1441.0,53.2,179.0,0,0,0,0,0,0,-9.099999999999966,76661.2
L50648,L,28.650000000000034,37.450000000000045,90.0,1312.0,56.6,108.0,0,0,0,0,0,0,-8.800000000000011,74259.2
L54990,L,26.950000000000045,38.35000000000002,90.0,1530.0,36.4,123.0,0,0,0,0,0,0,-11.399999999999977,55692.0
L53846,L,28.150000000000034,37.25,90.0,1418.0,46.5,199.0,0,0,0,0,0,0,-9.099999999999966,65937.0
L50092,L,27.450000000000045,36.25,90.0,1462.0,40.6,129.0,0,0,0,0,0,0,-8.799999999999955,59357.200000000004
M18004,M,27.25,36.55000000000001,90.0,1587.0,31.5,95.0,0,0,0,0,0,0,-9.300000000000011,49990.5
L50961,L,29.150000000000034,37.650000000000034,90.0,1596.0,37.8,7.0,0,0,0,0,0,0,-8.5,60328.799999999996
L52594,L,29.450000000000045,39.150000000000034,90.0,1384.0,34.3,31.0,0,0,0,0,0,0,-9.699999999999989,47471.2
H31665,H,25.950000000000045,35.150000000000034,90.0,1449.0,39.4,15.0,0,0,0,0,0,0,-9.199999999999989,57090.6
L48676,L,24.850000000000023,35.55000000000001,90.0,1629.0,35.0,189.0,1,1,0,0,0,0,-10.699999999999989,57015.0
L55571,L,25.450000000000045,36.450000000000045,90.0,1637.0,34.1,77.0,0,0,0,0,0,0,-11.0,55821.700000000004
M22145,M,26.950000000000045,37.25,90.0,1499.0,37.7,146.0,0,0,0,0,0,0,-10.299999999999955,56512.3
L52487,L,30.850000000000023,40.150000000000034,90.0,1453.0,42.8,211.0,0,0,0,0,0,0,-9.300000000000011,62188.399999999994
L51123,L,29.150000000000034,38.25,90.0,1617.0,31.7,205.0,0,0,0,0,0,0,-9.099999999999966,51258.9
L54248,L,27.55000000000001,37.55000000000001,90.0,1411.0,51.2,173.0,0,0,0,0,0,0,-10.0,72243.2
L53071,L,28.25,37.85000000000002,90.0,1334.0,53.4,157.0,0,0,0,0,0,0,-9.600000000000023,71235.59999999999
L51163,L,29.05000000000001,38.150000000000034,90.0,1494.0,40.6,73.0,0,0,0,0,0,0,-9.100000000000023,60656.4
L53576,L,26.850000000000023,36.450000000000045,90.0,1526.0,36.2,166.0,0,0,0,0,0,0,-9.600000000000023,55241.200000000004
L49181,L,25.25,35.05000000000001,90.0,1444.0,46.9,11.0,0,0,0,0,0,0,-9.800000000000011,67723.59999999999
L54920,L,27.350000000000023,38.85000000000002,90.0,1453.0,43.4,96.0,0,0,0,0,0,0,-11.5,63060.2
L52474,L,30.350000000000023,39.650000000000034,90.0,1442.0,48.5,174.0,0,0,0,0,0,0,-9.300000000000011,69937.0
M18362,M,28.650000000000034,37.650000000000034,90.0,1460.0,47.3,166.0,0,0,0,0,0,0,-9.0,69058.0
M17150,M,26.350000000000023,35.55000000000001,90.0,1321.0,40.1,114.0,0,0,0,0,0,0,-9.199999999999989,52972.1
L52874,L,29.350000000000023,38.650000000000034,90.0,1529.0,37.9,108.0,0,0,0,0,0,0,-9.300000000000011,57949.1
L49508,L,25.850000000000023,35.450000000000045,90.0,1446.0,43.4,74.0,0,0,0,0,0,0,-9.600000000000023,62756.4
L55254,L,27.25,38.85000000000002,90.0,1550.0,34.9,50.0,0,0,0,0,0,0,-11.600000000000023,54095.0
M20620,M,28.75,38.150000000000034,90.0,1522.0,37.7,63.0,0,0,0,0,0,0,-9.400000000000034,57379.4
L49364,L,26.650000000000034,36.25,90.0,1475.0,43.4,17.0,0,0,0,0,0,0,-9.599999999999966,64015.0
L54617,L,26.850000000000023,38.25,90.0,1468.0,40.4,28.0,0,0,0,0,0,0,-11.399999999999977,59307.2
M16374,M,24.850000000000023,35.650000000000034,90.0,1616.0,33.7,12.0,0,0,0,0,0,0,-10.800000000000011,54459.200000000004
L47349,L,25.25,35.150000000000034,90.0,1410.0,51.5,22.0,0,0,0,0,0,0,-9.900000000000034,72615.0
L50454,L,28.150000000000034,36.85000000000002,90.0,1477.0,31.4,0.0,0,0,0,0,0,0,-8.699999999999989,46377.799999999996
H38730,H,25.350000000000023,36.35000000000002,90.0,1517.0,41.2,155.0,0,0,0,0,0,0,-11.0,62500.4
L55253,L,27.350000000000023,38.85000000000002,90.0,1456.0,45.5,113.0,0,0,0,0,0,0,-11.5,66248.0
M18058,M,26.850000000000023,36.05000000000001,90.0,1633.0,31.7,11.0,0,0,0,0,0,0,-9.199999999999989,51766.1
H35550,H,27.75,37.650000000000034,90.0,1390.0,31.1,131.0,0,0,0,0,0,0,-9.900000000000034,43229.0
H32791,H,28.350000000000023,37.650000000000034,90.0,1591.0,46.9,36.0,0,0,0,0,0,0,-9.300000000000011,74617.9
L55379,L,26.05000000000001,37.650000000000034,90.0,1429.0,42.4,225.0,0,0,0,0,0,0,-11.600000000000023,60589.6
H39207,H,25.350000000000023,36.25,90.0,1414.0,51.1,102.0,0,0,0,0,0,0,-10.899999999999977,72255.40000000001
L56781,L,25.850000000000023,37.05000000000001,90.0,1472.0,45.1,56.0,0,0,0,0,0,0,-11.199999999999989,66387.2
H35110,H,29.150000000000034,37.950000000000045,90.0,1499.0,38.2,179.0,0,0,0,0,0,0,-8.800000000000011,57261.8
L49051,L,25.150000000000034,34.950000000000045,90.0,1431.0,49.6,88.0,0,0,0,0,0,0,-9.800000000000011,70977.6
L51178,L,28.950000000000045,37.85000000000002,90.0,1513.0,40.1,210.0,0,0,0,0,0,0,-8.899999999999977,60671.3
L56569,L,24.55000000000001,35.35000000000002,90.0,1503.0,38.0,179.0,1,1,0,0,0,0,-10.800000000000011,57114.0
M15455,M,24.350000000000023,36.150000000000034,90.0,1573.0,36.1,209.0,0,0,0,0,0,0,-11.800000000000011,56785.3
L52140,L,30.650000000000034,39.55000000000001,90.0,1503.0,46.7,156.0,0,0,0,0,0,0,-8.899999999999977,70190.1
L50572,L,28.350000000000023,37.55000000000001,90.0,1596.0,38.3,79.0,0,0,0,0,0,0,-9.199999999999989,61126.799999999996
L56636,L,25.350000000000023,36.25,90.0,1630.0,33.3,33.0,0,0,0,0,0,0,-10.899999999999977,54278.99999999999
L49079,L,24.650000000000034,34.35000000000002,90.0,1472.0,40.0,156.0,0,0,0,0,0,0,-9.699999999999989,58880.0
L48345,L,23.950000000000045,34.950000000000045,90.0,1462.0,47.6,2.0,0,0,0,0,0,0,-11.0,69591.2
L56857,L,25.850000000000023,36.950000000000045,90.0,1563.0,35.9,15.0,0,0,0,0,0,0,-11.100000000000023,56111.7
L49304,L,26.150000000000034,35.75,90.0,1457.0,47.4,117.0,0,0,0,0,0,0,-9.599999999999966,69061.8
L50791,L,28.55000000000001,37.75,90.0,1405.0,46.3,146.0,1,1,0,0,0,0,-9.199999999999989,65051.49999999999
M22722,M,27.350000000000023,38.85000000000002,90.0,1382.0,54.1,141.0,0,0,0,0,0,0,-11.5,74766.2
L53773,L,28.450000000000045,37.55000000000001,90.0,1679.0,35.6,10.0,0,0,0,0,0,0,-9.099999999999966,59772.4
L49438,L,26.05000000000001,35.25,90.0,1326.0,55.2,69.0,0,0,0,0,0,0,-9.199999999999989,73195.2
M19069,M,29.05000000000001,37.650000000000034,90.0,1470.0,47.0,3.0,0,0,0,0,0,0,-8.600000000000023,69090.0
L49053,L,25.150000000000034,34.85000000000002,90.0,1553.0,34.6,176.0,0,0,0,0,0,0,-9.699999999999989,53733.8
M19135,M,29.55000000000001,37.35000000000002,90.0,1351.0,48.7,0.0,1,0,1,0,0,0,-7.800000000000011,65793.7
L54561,L,26.650000000000034,37.25,90.0,1595.0,35.9,106.0,0,0,0,0,0,0,-10.599999999999966,57260.5
L49281,L,26.150000000000034,36.150000000000034,90.0,1528.0,43.5,45.0,0,0,0,0,0,0,-10.0,66468.0
L56387,L,24.75,35.650000000000034,90.0,1547.0,36.4,9.0,0,0,0,0,0,0,-10.900000000000034,56310.799999999996
L53345,L,27.850000000000023,37.55000000000001,90.0,1595.0,31.6,181.0,0,0,0,0,0,0,-9.699999999999989,50402.0
M23818,M,24.05000000000001,34.950000000000045,90.0,1531.0,35.9,70.0,0,0,0,0,0,0,-10.900000000000034,54962.9
L56250,L,24.05000000000001,34.950000000000045,90.0,1664.0,29.4,141.0,0,0,0,0,0,0,-10.900000000000034,48921.6
L48229,L,23.450000000000045,34.450000000000045,90.0,1415.0,37.2,106.0,0,0,0,0,0,0,-11.0,52638.00000000001
M19861,M,30.650000000000034,39.85000000000002,90.0,1463.0,41.7,117.0,0,0,0,0,0,0,-9.199999999999989,61007.100000000006
L56786,L,25.75,36.950000000000045,90.0,1470.0,41.3,76.0,0,0,0,0,0,0,-11.200000000000045,60710.99999999999
M17085,M,26.650000000000034,35.85000000000002,90.0,1459.0,42.1,158.0,0,0,0,0,0,0,-9.199999999999989,61423.9
L56548,L,25.05000000000001,35.25,90.0,1789.0,23.8,171.0,0,0,0,0,0,0,-10.199999999999989,42578.200000000004
M24244,M,25.75,36.450000000000045,90.0,1379.0,49.9,197.0,0,0,0,0,0,0,-10.700000000000045,68812.09999999999
H35709,H,27.25,36.75,90.0,1469.0,39.9,119.0,0,0,0,0,0,0,-9.5,58613.1
L49407,L,26.55000000000001,35.950000000000045,90.0,1553.0,33.5,164.0,0,0,0,0,0,0,-9.400000000000034,52025.5
H35270,H,28.150000000000034,37.950000000000045,90.0,1490.0,44.6,181.0,0,0,0,0,0,0,-9.800000000000011,66454.0
M24689,M,25.25,36.25,90.0,1726.0,26.9,205.0,0,0,0,0,0,0,-11.0,46429.399999999994
H32866,H,28.450000000000045,37.35000000000002,90.0,1602.0,31.6,2.0,0,0,0,0,0,0,-8.899999999999977,50623.200000000004
H35378,H,27.350000000000023,37.55000000000001,90.0,1540.0,38.3,121.0,0,0,0,0,0,0,-10.199999999999989,58981.99999999999
L53532,L,26.850000000000023,36.55000000000001,90.0,1496.0,38.0,28.0,0,0,0,0,0,0,-9.699999999999989,56848.0
M23705,M,24.150000000000034,35.75,90.0,1351.0,59.1,201.0,0,0,0,0,0,0,-11.599999999999966,79844.1
L50658,L,28.650000000000034,37.75,90.0,1597.0,30.8,74.0,0,0,0,0,0,0,-9.099999999999966,49187.6
L49730,L,26.150000000000034,35.950000000000045,90.0,1366.0,48.4,2.0,0,0,0,0,0,0,-9.800000000000011,66114.4
L56739,L,26.350000000000023,37.75,90.0,1515.0,44.0,172.0,0,0,0,0,0,0,-11.399999999999977,66660.0
H36364,H,27.55000000000001,38.05000000000001,90.0,1676.0,35.7,66.0,0,0,0,0,0,0,-10.5,59833.200000000004
L49125,L,24.850000000000023,34.85000000000002,90.0,1312.0,59.9,143.0,0,0,0,0,0,0,-10.0,78588.8
L56644,L,25.350000000000023,36.25,90.0,1447.0,40.8,166.0,0,0,0,0,0,0,-10.899999999999977,59037.6
M18373,M,28.75,37.85000000000002,90.0,1540.0,37.5,129.0,0,0,0,0,0,0,-9.100000000000023,57750.0
L49304,L,26.05000000000001,35.75,90.0,1535.0,39.1,117.0,0,0,0,0,0,0,-9.699999999999989,60018.5
L47406,L,25.150000000000034,35.25,90.0,1329.0,60.7,97.0,0,0,0,0,0,0,-10.099999999999966,80670.3
L48345,L,23.950000000000045,34.950000000000045,90.0,1367.0,52.0,208.0,0,0,0,0,0,0,-11.0,71084.0
M18165,M,28.150000000000034,37.05000000000001,90.0,1356.0,54.7,78.0,0,0,0,0,0,0,-8.899999999999977,74173.2
L49071,L,24.75,34.35000000000002,90.0,1415.0,48.0,158.0,0,0,0,0,0,0,-9.600000000000023,67920.0
M15711,M,23.05000000000001,34.05000000000001,90.0,1389.0,42.0,7.0,0,0,0,0,0,0,-11.0,58338.0
L53902,L,28.55000000000001,37.55000000000001,90.0,1376.0,54.9,96.0,0,0,0,0,0,0,-9.0,75542.4
M21644,M,28.150000000000034,37.55000000000001,90.0,1391.0,34.5,61.0,0,0,0,0,0,0,-9.399999999999977,47989.5
H32498,H,26.950000000000045,36.05000000000001,90.0,1329.0,55.2,132.0,0,0,0,0,0,0,-9.099999999999966,73360.8
L56865,L,25.850000000000023,36.85000000000002,90.0,1513.0,36.9,39.0,0,0,0,0,0,0,-11.0,55829.7
L56682,L,26.150000000000034,37.35000000000002,90.0,1578.0,49.2,16.0,0,0,0,0,0,0,-11.199999999999989,77637.6
H38153,H,24.25,35.450000000000045,90.0,1429.0,37.6,98.0,0,0,0,0,0,0,-11.200000000000045,53730.4
L49630,L,26.05000000000001,35.55000000000001,90.0,1492.0,37.8,23.0,0,0,0,0,0,0,-9.5,56397.6
L49410,L,26.450000000000045,35.55000000000001,90.0,1641.0,31.4,173.0,0,0,0,0,0,0,-9.099999999999966,51527.399999999994
L49192,L,25.450000000000045,35.25,90.0,1553.0,44.2,38.0,0,0,0,0,0,0,-9.799999999999955,68642.6
M23803,M,24.150000000000034,35.25,90.0,1666.0,32.4,34.0,0,0,0,0,0,0,-11.099999999999966,53978.399999999994
L50288,L,26.650000000000034,35.950000000000045,90.0,1738.0,27.6,161.0,0,0,0,0,0,0,-9.300000000000011,47968.8
M18943,M,28.950000000000045,37.450000000000045,90.0,1385.0,46.4,208.0,1,1,0,0,0,0,-8.5,64264.0
H36996,H,27.150000000000034,37.950000000000045,90.0,1489.0,45.3,139.0,0,0,0,0,0,0,-10.800000000000011,67451.7
L48836,L,24.650000000000034,34.35000000000002,90.0,1633.0,34.6,154.0,0,0,0,0,0,0,-9.699999999999989,56501.8
M17830,M,27.450000000000045,36.35000000000002,90.0,1466.0,44.7,112.0,0,0,0,0,0,0,-8.899999999999977,65530.200000000004
L53041,L,28.150000000000034,37.85000000000002,90.0,1354.0,55.0,142.0,0,0,0,0,0,0,-9.699999999999989,74470.0
L48338,L,23.75,34.75,90.0,1447.0,44.8,7.0,0,0,0,0,0,0,-11.0,64825.6
L55784,L,24.25,35.05000000000001,90.0,1629.0,30.3,210.0,0,0,0,0,0,0,-10.800000000000011,49358.700000000004
L54263,L,27.450000000000045,37.25,90.0,1416.0,61.8,209.0,1,0,0,0,1,0,-9.799999999999955,87508.8
L56879,L,25.75,36.650000000000034,90.0,1382.0,61.9,69.0,0,0,0,0,0,0,-10.900000000000034,85545.8
M18325,M,28.25,37.150000000000034,90.0,1525.0,41.9,41.0,0,0,0,0,0,0,-8.900000000000034,63897.5
L54167,L,27.55000000000001,37.950000000000045,90.0,1426.0,40.8,163.0,0,0,0,0,0,0,-10.400000000000034,58180.799999999996
L49180,L,25.25,34.950000000000045,90.0,1447.0,45.3,9.0,0,0,0,0,0,0,-9.700000000000045,65549.09999999999
L52757,L,29.25,38.75,90.0,1679.0,31.0,30.0,0,0,0,0,0,0,-9.5,52049.0
L50230,L,27.05000000000001,36.05000000000001,90.0,1431.0,32.6,13.0,0,0,0,0,0,0,-9.0,46650.6
L50342,L,27.05000000000001,36.75,90.0,1498.0,38.9,148.0,0,0,0,0,0,0,-9.699999999999989,58272.2
M18063,M,26.950000000000045,36.150000000000034,90.0,1799.0,23.0,4.0,0,0,0,0,0,0,-9.199999999999989,41377.0
H38235,H,24.25,35.55000000000001,90.0,1623.0,33.8,166.0,0,0,0,0,0,0,-11.300000000000011,54857.399999999994
M16659,M,25.150000000000034,34.35000000000002,90.0,1447.0,45.7,95.0,0,0,0,0,0,0,-9.199999999999989,66127.90000000001
L49998,L,27.05000000000001,36.35000000000002,90.0,1458.0,44.8,131.0,0,0,0,0,0,0,-9.300000000000011,65318.399999999994
L52119,L,30.350000000000023,39.25,90.0,1588.0,31.2,127.0,0,0,0,0,0,0,-8.899999999999977,49545.6
L49923,L,26.55000000000001,36.05000000000001,90.0,1680.0,29.8,5.0,0,0,0,0,0,0,-9.5,50064.0
L53152,L,27.350000000000023,37.55000000000001,90.0,1445.0,46.6,12.0,0,0,0,0,0,0,-10.199999999999989,67337.0
L52759,L,29.450000000000045,38.950000000000045,90.0,1453.0,37.9,32.0,0,0,0,0,0,0,-9.5,55068.7
L50481,L,28.150000000000034,37.35000000000002,90.0,1390.0,48.5,174.0,0,0,0,0,0,0,-9.199999999999989,67415.0
L56360,L,24.75,35.950000000000045,90.0,1507.0,37.1,13.0,0,0,0,0,0,0,-11.200000000000045,55909.700000000004
L55751,L,24.75,35.450000000000045,90.0,1528.0,36.4,125.0,0,0,0,0,0,0,-10.700000000000045,55619.2
M19287,M,29.25,36.950000000000045,90.0,1366.0,47.0,107.0,1,0,1,0,0,0,-7.7000000000000455,64202.0
L50459,L,28.05000000000001,36.650000000000034,90.0,1605.0,31.4,104.0,0,0,0,0,0,0,-8.600000000000023,50397.0
L52853,L,29.05000000000001,38.450000000000045,90.0,1438.0,46.6,41.0,0,0,0,0,0,0,-9.400000000000034,67010.8
L50351,L,27.25,36.450000000000045,90.0,1656.0,32.3,170.0,0,0,0,0,0,0,-9.200000000000045,53488.799999999996
L51746,L,29.55000000000001,37.05000000000001,90.0,1610.0,33.8,70.0,0,0,0,0,0,0,-7.5,54417.99999999999
L54778,L,27.350000000000023,37.950000000000045,90.0,1750.0,28.1,11.0,0,0,0,0,0,0,-10.600000000000023,49175.0
L51459,L,28.850000000000023,36.85000000000002,90.0,1475.0,38.2,174.0,0,0,0,0,0,0,-8.0,56345.00000000001
L53271,L,27.75,37.55000000000001,90.0,1412.0,57.5,16.0,0,0,0,0,0,0,-9.800000000000011,81190.0
L53963,L,28.150000000000034,37.650000000000034,90.0,1450.0,53.4,59.0,0,0,0,0,0,0,-9.5,77430.0
H34854,H,29.850000000000023,39.35000000000002,90.0,1481.0,43.4,57.0,0,0,0,0,0,0,-9.5,64275.4
M17366,M,26.05000000000001,35.950000000000045,90.0,1502.0,34.6,6.0,0,0,0,0,0,0,-9.900000000000034,51969.200000000004
L53140,L,27.350000000000023,37.55000000000001,90.0,1413.0,45.5,121.0,0,0,0,0,0,0,-10.199999999999989,64291.5
H33377,H,29.150000000000034,37.75,90.0,1467.0,48.5,109.0,0,0,0,0,0,0,-8.599999999999966,71149.5
M23547,M,24.150000000000034,35.35000000000002,90.0,1604.0,34.9,73.0,0,0,0,0,0,0,-11.199999999999989,55979.6
L54367,L,27.150000000000034,37.25,90.0,1381.0,50.1,44.0,0,0,0,0,0,0,-10.099999999999966,69188.1
M19841,M,30.55000000000001,39.650000000000034,90.0,1508.0,42.8,203.0,0,0,0,0,0,0,-9.100000000000023,64542.399999999994
M24447,M,26.150000000000034,37.25,90.0,1462.0,40.5,24.0,0,0,0,0,0,0,-11.099999999999966,59211.0
L50634,L,28.350000000000023,37.25,90.0,1691.0,28.4,0.0,0,0,0,0,0,0,-8.899999999999977,48024.399999999994
L52778,L,29.650000000000034,38.950000000000045,90.0,1441.0,54.3,79.0,0,0,0,0,0,0,-9.300000000000011,78246.3
L53537,L,26.950000000000045,36.55000000000001,90.0,1629.0,32.8,39.0,0,0,0,0,0,0,-9.599999999999966,53431.2
L48875,L,24.850000000000023,34.450000000000045,90.0,1664.0,32.7,33.0,0,0,0,0,0,0,-9.600000000000023,54412.8
L53974,L,28.150000000000034,37.650000000000034,90.0,1538.0,35.5,15.0,0,0,0,0,0,0,-9.5,54599.0
M22008,M,27.05000000000001,36.650000000000034,90.0,1391.0,40.8,158.0,0,0,0,0,0,0,-9.600000000000023,56752.799999999996
L51684,L,29.25,36.950000000000045,90.0,1426.0,46.6,93.0,0,0,0,0,0,0,-7.7000000000000455,66451.6
H36467,H,27.55000000000001,37.35000000000002,90.0,1567.0,38.7,181.0,0,0,0,0,0,0,-9.800000000000011,60642.9
M22146,M,26.950000000000045,37.25,90.0,1604.0,34.1,80.0,0,0,0,0,0,0,-10.299999999999955,54696.4
L48598,L,25.75,36.85000000000002,90.0,1471.0,45.1,2.0,0,0,0,0,0,0,-11.100000000000023,66342.1
H39169,H,25.350000000000023,36.55000000000001,90.0,1561.0,41.8,208.0,0,0,0,0,0,0,-11.199999999999989,65249.799999999996
H34989,H,29.25,38.85000000000002,90.0,1477.0,39.7,139.0,0,0,0,0,0,0,-9.600000000000023,58636.9
L52885,L,29.25,38.75,90.0,1351.0,48.0,137.0,0,0,0,0,0,0,-9.5,64848.0
L54794,L,27.25,37.950000000000045,90.0,1487.0,38.1,51.0,0,0,0,0,0,0,-10.700000000000045,56654.700000000004
L55451,L,25.950000000000045,37.650000000000034,90.0,1602.0,31.1,188.0,0,0,0,0,0,0,-11.699999999999989,49822.200000000004
L53999,L,27.75,37.55000000000001,90.0,1559.0,36.0,151.0,0,0,0,0,0,0,-9.800000000000011,56124.0
L55435,L,25.850000000000023,37.25,90.0,1336.0,48.7,168.0,0,0,0,0,0,0,-11.399999999999977,65063.200000000004
L50746,L,28.650000000000034,37.450000000000045,90.0,1603.0,36.6,91.0,0,0,0,0,0,0,-8.800000000000011,58669.8
M16036,M,23.950000000000045,35.05000000000001,90.0,1429.0,35.7,181.0,0,0,0,0,0,0,-11.099999999999966,51015.3
L52815,L,29.450000000000045,39.05000000000001,90.0,1615.0,34.1,171.0,0,0,0,0,0,0,-9.599999999999966,55071.5
M21791,M,27.75,38.35000000000002,90.0,1596.0,33.1,15.0,0,0,0,0,0,0,-10.600000000000023,52827.600000000006
L49316,L,26.05000000000001,35.75,90.0,1491.0,47.5,150.0,0,0,0,0,0,0,-9.699999999999989,70822.5
L52140,L,30.75,39.55000000000001,90.0,1416.0,46.7,154.0,0,0,0,0,0,0,-8.800000000000011,66127.2
H38687,H,25.05000000000001,35.55000000000001,90.0,1411.0,44.6,137.0,0,0,0,0,0,0,-10.5,62930.6
L52279,L,31.05000000000001,40.150000000000034,90.0,1409.0,42.4,100.0,0,0,0,0,0,0,-9.100000000000023,59741.6
L56205,L,24.25,35.150000000000034,90.0,1512.0,37.7,130.0,0,0,0,0,0,0,-10.900000000000034,57002.4
L55081,L,27.650000000000034,39.25,90.0,1434.0,44.5,16.0,0,0,0,0,0,0,-11.599999999999966,63813.0
M20538,M,29.150000000000034,38.55000000000001,90.0,1470.0,39.0,94.0,0,0,0,0,0,0,-9.399999999999977,57330.0
L52399,L,30.650000000000034,39.85000000000002,90.0,1365.0,59.9,205.0,1,1,0,0,0,0,-9.199999999999989,81763.5
M22411,M,27.05000000000001,38.25,90.0,1510.0,47.3,102.0,0,0,0,0,0,0,-11.199999999999989,71423.0
L55265,L,27.05000000000001,38.25,90.0,1523.0,37.8,185.0,0,0,0,0,0,0,-11.199999999999989,57569.399999999994
L50999,L,28.75,37.85000000000002,90.0,1569.0,46.8,146.0,0,0,0,0,0,0,-9.100000000000023,73429.2
M16790,M,24.950000000000045,34.75,90.0,1641.0,33.7,29.0,0,0,0,0,0,0,-9.799999999999955,55301.700000000004
M17161,M,26.05000000000001,35.450000000000045,90.0,1386.0,49.5,138.0,0,0,0,0,0,0,-9.400000000000034,68607.0
L48753,L,25.150000000000034,35.05000000000001,90.0,1495.0,36.6,132.0,0,0,0,0,0,0,-9.899999999999977,54717.0
L56923,L,25.75,37.05000000000001,90.0,1451.0,48.0,37.0,0,0,0,0,0,0,-11.300000000000011,69648.0
L52588,L,29.75,39.35000000000002,90.0,1427.0,49.9,141.0,0,0,0,0,0,0,-9.600000000000023,71207.3
M18261,M,28.150000000000034,37.35000000000002,90.0,1471.0,47.7,70.0,0,0,0,0,0,0,-9.199999999999989,70166.7
L55410,L,25.950000000000045,37.35000000000002,90.0,1736.0,27.9,74.0,0,0,0,0,0,0,-11.399999999999977,48434.399999999994
L54847,L,27.450000000000045,38.55000000000001,90.0,1431.0,43.9,185.0,0,0,0,0,0,0,-11.099999999999966,62820.9
L53172,L,27.450000000000045,37.450000000000045,90.0,1416.0,46.6,216.0,0,0,0,0,0,0,-10.0,65985.6
L52735,L,29.25,38.75,90.0,1476.0,42.1,172.0,0,0,0,0,0,0,-9.5,62139.6
M24550,M,25.75,36.85000000000002,90.0,1387.0,48.6,48.0,0,0,0,0,0,0,-11.100000000000023,67408.2
L47720,L,24.25,36.25,90.0,1497.0,46.9,94.0,0,0,0,0,0,0,-12.0,70209.3
M20176,M,30.450000000000045,39.650000000000034,90.0,1689.0,35.7,16.0,0,0,0,0,0,0,-9.199999999999989,60297.3
L54488,L,26.950000000000045,36.85000000000002,90.0,1513.0,38.1,131.0,0,0,0,0,0,0,-9.899999999999977,57645.3
L47325,L,25.350000000000023,35.450000000000045,90.0,1491.0,35.0,172.0,0,0,0,0,0,0,-10.100000000000023,52185.0
L50634,L,28.350000000000023,37.35000000000002,90.0,1481.0,47.5,9.0,0,0,0,0,0,0,-9.0,70347.5
L53142,L,27.350000000000023,37.650000000000034,90.0,1488.0,26.3,125.0,0,0,0,0,0,0,-10.300000000000011,39134.4
L54620,L,26.850000000000023,38.25,90.0,1453.0,44.8,25.0,0,0,0,0,0,0,-11.399999999999977,65094.399999999994
L48817,L,24.850000000000023,34.450000000000045,90.0,1268.0,62.5,203.0,1,0,0,0,1,0,-9.600000000000023,79250.0
L53292,L,27.75,37.75,90.0,1403.0,47.5,104.0,0,0,0,0,0,0,-10.0,66642.5
L53911,L,28.450000000000045,37.75,90.0,1385.0,51.2,146.0,0,0,0,0,0,0,-9.299999999999955,70912.0
M16137,M,24.950000000000045,36.35000000000002,90.0,1583.0,31.2,76.0,0,0,0,0,0,0,-11.399999999999977,49389.6
L54365,L,27.05000000000001,37.25,90.0,1350.0,59.0,48.0,0,0,0,0,0,0,-10.199999999999989,79650.0
L52362,L,30.75,39.950000000000045,90.0,1486.0,31.9,108.0,0,0,0,0,0,0,-9.200000000000045,47403.4
L55841,L,24.25,35.35000000000002,90.0,1435.0,44.9,130.0,0,0,0,0,0,0,-11.100000000000023,64431.5
L49435,L,26.150000000000034,35.150000000000034,90.0,1459.0,42.9,30.0,0,0,0,0,0,0,-9.0,62591.1
L50526,L,28.350000000000023,37.650000000000034,90.0,1621.0,34.9,174.0,0,0,0,0,0,0,-9.300000000000011,56572.899999999994
L55802,L,24.350000000000023,35.150000000000034,90.0,1437.0,44.9,29.0,0,0,0,0,0,0,-10.800000000000011,64521.299999999996
L51230,L,28.75,37.75,90.0,1599.0,33.6,13.0,0,0,0,0,0,0,-9.0,53726.4
M20490,M,29.55000000000001,39.05000000000001,90.0,1615.0,33.9,155.0,0,0,0,0,0,0,-9.5,54748.5
M20932,M,27.75,37.75,90.0,1418.0,46.2,188.0,0,0,0,0,0,0,-10.0,65511.600000000006
L49079,L,24.650000000000034,34.35000000000002,90.0,1490.0,42.7,159.0,0,0,0,0,0,0,-9.699999999999989,63623.00000000001
L53272,L,27.75,37.55000000000001,90.0,1576.0,30.7,25.0,0,0,0,0,0,0,-9.800000000000011,48383.2
L48892,L,25.05000000000001,34.650000000000034,90.0,1567.0,37.7,70.0,0,0,0,0,0,0,-9.600000000000023,59075.9
L51284,L,28.950000000000045,37.35000000000002,90.0,1389.0,49.7,169.0,0,0,0,0,0,0,-8.399999999999977,69033.3
L54019,L,28.350000000000023,38.05000000000001,90.0,1558.0,34.1,204.0,0,0,0,0,0,0,-9.699999999999989,53127.8
M21012,M,27.950000000000045,38.05000000000001,90.0,1432.0,49.9,9.0,0,0,0,0,0,0,-10.099999999999966,71456.8
M15237,M,24.25,35.05000000000001,90.0,1469.0,51.9,120.0,0,0,0,0,0,0,-10.800000000000011,76241.09999999999
L56196,L,24.150000000000034,34.950000000000045,90.0,1563.0,39.7,212.0,0,0,0,0,0,0,-10.800000000000011,62051.100000000006
L55652,L,25.350000000000023,36.650000000000034,90.0,1634.0,37.8,100.0,0,0,0,0,0,0,-11.300000000000011,61765.2
M21756,M,27.850000000000023,38.450000000000045,90.0,1336.0,47.7,140.0,0,0,0,0,0,0,-10.600000000000023,63727.200000000004
L50608,L,28.450000000000045,37.450000000000045,90.0,1513.0,41.2,107.0,0,0,0,0,0,0,-9.0,62335.600000000006
L53235,L,27.55000000000001,37.650000000000034,90.0,1618.0,32.9,147.0,0,0,0,0,0,0,-10.100000000000023,53232.2
L50299,L,26.950000000000045,36.150000000000034,90.0,1558.0,41.4,124.0,0,0,0,0,0,0,-9.199999999999989,64501.2
L53060,L,28.25,37.85000000000002,90.0,1617.0,31.6,129.0,0,0,0,0,0,0,-9.600000000000023,51097.200000000004
L52117,L,30.25,39.05000000000001,90.0,1540.0,38.7,135.0,0,0,0,0,0,0,-8.800000000000011,59598.00000000001
M23185,M,25.55000000000001,36.35000000000002,90.0,1487.0,41.5,113.0,0,0,0,0,0,0,-10.800000000000011,61710.5
M18584,M,29.150000000000034,38.05000000000001,90.0,1452.0,47.7,70.0,0,0,0,0,0,0,-8.899999999999977,69260.40000000001
L56272,L,24.150000000000034,34.950000000000045,90.0,1568.0,33.8,192.0,0,0,0,0,0,0,-10.800000000000011,52998.399999999994
L56962,L,25.450000000000045,36.650000000000034,90.0,1403.0,52.0,12.0,0,0,0,0,0,0,-11.199999999999989,72956.0
H34780,H,29.950000000000045,39.450000000000045,90.0,1401.0,44.8,152.0,0,0,0,0,0,0,-9.5,62764.799999999996
L55342,L,26.55000000000001,37.950000000000045,90.0,1475.0,40.0,176.0,0,0,0,0,0,0,-11.400000000000034,59000.0
L55071,L,27.650000000000034,39.35000000000002,90.0,1517.0,39.2,74.0,0,0,0,0,0,0,-11.699999999999989,59466.4
L56887,L,25.850000000000023,36.950000000000045,90.0,1699.0,32.9,195.0,0,0,0,0,0,0,-11.100000000000023,55897.1
M22072,M,26.650000000000034,36.55000000000001,90.0,1329.0,56.9,107.0,0,0,0,0,0,0,-9.899999999999977,75620.09999999999
L50157,L,27.25,36.150000000000034,90.0,1413.0,50.3,201.0,0,0,0,0,0,0,-8.900000000000034,71073.9
M21568,M,28.450000000000045,37.450000000000045,90.0,1464.0,45.4,74.0,0,0,0,0,0,0,-9.0,66465.59999999999
L51473,L,28.650000000000034,36.85000000000002,90.0,1494.0,38.1,173.0,0,0,0,0,0,0,-8.199999999999989,56921.4
L47470,L,24.950000000000045,35.25,90.0,1438.0,33.3,0.0,0,0,0,0,0,0,-10.299999999999955,47885.399999999994
L49317,L,26.150000000000034,35.650000000000034,90.0,1568.0,35.6,152.0,0,0,0,0,0,0,-9.5,55820.8
L56226,L,24.25,35.25,90.0,1560.0,35.1,67.0,0,0,0,0,0,0,-11.0,54756.0
M19115,M,29.350000000000023,37.85000000000002,90.0,1387.0,40.2,101.0,0,0,0,0,0,0,-8.5,55757.4
L50731,L,28.650000000000034,37.75,90.0,1699.0,30.4,54.0,0,0,0,0,0,0,-9.099999999999966,51649.6
L56256,L,24.05000000000001,34.950000000000045,90.0,1566.0,36.0,152.0,0,0,0,0,0,0,-10.900000000000034,56376.0
L50252,L,26.850000000000023,35.85000000000002,90.0,1314.0,58.2,114.0,0,0,0,0,0,0,-9.0,76474.8
L49188,L,25.450000000000045,35.150000000000034,90.0,1452.0,42.0,28.0,0,0,0,0,0,0,-9.699999999999989,60984.0
L50862,L,28.950000000000045,38.05000000000001,90.0,1550.0,34.8,108.0,0,0,0,0,0,0,-9.099999999999966,53939.99999999999
H29595,H,25.05000000000001,34.85000000000002,90.0,1429.0,51.3,141.0,0,0,0,0,0,0,-9.800000000000011,73307.7
H34299,H,30.650000000000034,39.450000000000045,90.0,1457.0,39.8,175.0,0,0,0,0,0,0,-8.800000000000011,57988.6
M18995,M,28.650000000000034,37.150000000000034,90.0,1433.0,48.1,168.0,0,0,0,0,0,0,-8.5,68927.3
L52996,L,28.150000000000034,37.85000000000002,90.0,1449.0,38.5,202.0,0,0,0,0,0,0,-9.699999999999989,55786.5
M15024,M,25.350000000000023,34.85000000000002,90.0,1490.0,43.7,5.0,0,0,0,0,0,0,-9.5,65113.00000000001
L53887,L,28.25,37.450000000000045,90.0,1672.0,30.6,148.0,0,0,0,0,0,0,-9.200000000000045,51163.200000000004
L56331,L,24.450000000000045,35.450000000000045,90.0,1523.0,39.8,135.0,0,0,0,0,0,0,-11.0,60615.399999999994
L56911,L,25.75,36.950000000000045,90.0,1619.0,29.2,47.0,0,0,0,0,0,0,-11.200000000000045,47274.799999999996
H30117,H,24.450000000000045,35.75,90.0,1524.0,38.6,87.0,0,0,0,0,0,0,-11.299999999999955,58826.4
L52004,L,30.25,38.75,90.0,1795.0,25.5,16.0,0,0,0,0,0,0,-8.5,45772.5
L50993,L,28.850000000000023,37.450000000000045,90.0,1634.0,31.9,86.0,0,0,0,0,0,0,-8.600000000000023,52124.6
H37262,H,27.05000000000001,38.450000000000045,90.0,1447.0,45.3,217.0,0,0,0,0,0,0,-11.400000000000034,65549.09999999999
L55357,L,26.55000000000001,38.05000000000001,90.0,1439.0,44.9,174.0,0,0,0,0,0,0,-11.5,64611.1
L54158,L,27.55000000000001,37.950000000000045,90.0,1427.0,50.2,137.0,0,0,0,0,0,0,-10.400000000000034,71635.40000000001
L55890,L,23.950000000000045,35.35000000000002,90.0,1487.0,48.1,0.0,0,0,0,0,0,0,-11.399999999999977,71524.7
L47892,L,24.350000000000023,35.55000000000001,90.0,1461.0,50.2,109.0,0,0,0,0,0,0,-11.199999999999989,73342.2
M21844,M,27.55000000000001,37.85000000000002,90.0,1711.0,25.0,153.0,0,0,0,0,0,0,-10.300000000000011,42775.0
H39392,H,25.55000000000001,35.25,90.0,1537.0,35.1,183.0,0,0,0,0,0,0,-9.699999999999989,53948.700000000004
M16341,M,25.05000000000001,36.05000000000001,90.0,1332.0,60.2,86.0,0,0,0,0,0,0,-11.0,80186.40000000001
L50702,L,28.650000000000034,37.85000000000002,90.0,1438.0,32.5,195.0,0,0,0,0,0,0,-9.199999999999989,46735.0
L49753,L,26.350000000000023,36.05000000000001,90.0,1555.0,41.5,175.0,0,0,0,0,0,0,-9.699999999999989,64532.5
L56045,L,24.75,35.85000000000002,90.0,1496.0,38.3,43.0,0,0,0,0,0,0,-11.100000000000023,57296.799999999996
L49734,L,26.150000000000034,36.05000000000001,90.0,1774.0,28.4,118.0,0,0,0,0,0,0,-9.899999999999977,50381.6
L56771,L,26.05000000000001,36.950000000000045,90.0,1523.0,36.8,49.0,0,0,0,0,0,0,-10.900000000000034,56046.399999999994
L52330,L,31.150000000000034,40.35000000000002,90.0,1413.0,46.1,174.0,0,0,0,0,0,0,-9.199999999999989,65139.3
M16584,M,25.25,34.650000000000034,90.0,1557.0,37.9,98.0,0,0,0,0,0,0,-9.400000000000034,59010.299999999996
L55295,L,27.25,38.650000000000034,90.0,1627.0,32.5,10.0,0,0,0,0,0,0,-11.400000000000034,52877.5
H38805,H,24.450000000000045,35.05000000000001,90.0,1363.0,51.0,49.0,0,0,0,0,0,0,-10.599999999999966,69513.0
M20771,M,27.55000000000001,37.25,90.0,1621.0,32.7,3.0,0,0,0,0,0,0,-9.699999999999989,53006.700000000004
L48185,L,23.05000000000001,34.05000000000001,90.0,1286.0,51.1,204.0,0,0,0,0,0,0,-11.0,65714.6
L55981,L,24.25,35.450000000000045,90.0,1444.0,47.4,74.0,0,0,0,0,0,0,-11.200000000000045,68445.59999999999
L55107,L,27.55000000000001,38.55000000000001,90.0,1476.0,43.3,196.0,0,0,0,0,0,0,-11.0,63910.799999999996
M16446,M,25.150000000000034,35.25,90.0,1442.0,43.2,196.0,0,0,0,0,0,0,-10.099999999999966,62294.4
L52900,L,29.150000000000034,38.75,90.0,1427.0,51.9,173.0,0,0,0,0,0,0,-9.599999999999966,74061.3
M22811,M,27.75,38.650000000000034,90.0,1443.0,48.1,25.0,0,0,0,0,0,0,-10.900000000000034,69408.3
M24620,M,25.350000000000023,36.450000000000045,90.0,1509.0,32.7,2.0,0,0,0,0,0,0,-11.100000000000023,49344.3
H32562,H,27.350000000000023,36.650000000000034,90.0,1473.0,42.2,114.0,0,0,0,0,0,0,-9.300000000000011,62160.600000000006
M21650,M,27.950000000000045,37.55000000000001,90.0,1518.0,35.8,160.0,0,0,0,0,0,0,-9.599999999999966,54344.399999999994
L53377,L,27.850000000000023,37.75,90.0,1493.0,45.9,57.0,0,0,0,0,0,0,-9.899999999999977,68528.7
M21756,M,27.650000000000034,37.950000000000045,90.0,1630.0,33.3,140.0,0,0,0,0,0,0,-10.300000000000011,54278.99999999999
L47726,L,24.350000000000023,36.25,90.0,1403.0,43.7,0.0,0,0,0,0,0,0,-11.899999999999977,61311.100000000006
M24403,M,26.350000000000023,37.75,90.0,1657.0,33.8,119.0,0,0,0,0,0,0,-11.399999999999977,56006.6
L53413,L,28.05000000000001,37.75,90.0,1510.0,34.8,153.0,0,0,0,0,0,0,-9.699999999999989,52547.99999999999
L55403,L,25.950000000000045,37.35000000000002,90.0,1390.0,51.7,52.0,0,0,0,0,0,0,-11.399999999999977,71863.0
L49216,L,25.75,35.450000000000045,90.0,1704.0,29.1,96.0,0,0,0,0,0,0,-9.700000000000045,49586.4
L56748,L,26.05000000000001,37.950000000000045,90.0,1588.0,38.0,183.0,0,0,0,0,0,0,-11.900000000000034,60344.0
L55512,L,25.650000000000034,36.55000000000001,90.0,1382.0,48.7,198.0,0,0,0,0,0,0,-10.899999999999977,67303.40000000001
H36188,H,27.950000000000045,37.55000000000001,90.0,1747.0,27.3,0.0,0,0,0,0,0,0,-9.599999999999966,47693.1
L55892,L,24.05000000000001,35.450000000000045,90.0,1553.0,32.1,181.0,0,0,0,0,0,0,-11.400000000000034,49851.3
L56491,L,25.25,36.25,90.0,1564.0,36.8,137.0,0,0,0,0,0,0,-11.0,57555.2
L47664,L,24.25,35.85000000000002,90.0,1553.0,33.7,135.0,0,0,0,0,0,0,-11.600000000000023,52336.100000000006
L50833,L,28.950000000000045,38.25,90.0,1518.0,51.9,102.0,0,0,0,0,0,0,-9.299999999999955,78784.2
L56446,L,25.350000000000023,36.25,90.0,1448.0,43.5,26.0,0,0,0,0,0,0,-10.899999999999977,62988.0
L54782,L,27.25,38.05000000000001,90.0,1803.0,27.7,18.0,0,0,0,0,0,0,-10.800000000000011,49943.1
L47782,L,24.75,36.55000000000001,90.0,1448.0,46.0,64.0,0,0,0,0,0,0,-11.800000000000011,66608.0
L52368,L,30.850000000000023,40.05000000000001,90.0,1452.0,39.0,121.0,0,0,0,0,0,0,-9.199999999999989,56628.0
L51280,L,28.850000000000023,37.75,90.0,1384.0,51.4,157.0,0,0,0,0,0,0,-8.899999999999977,71137.59999999999
L56429,L,25.05000000000001,35.55000000000001,90.0,1467.0,36.6,109.0,0,0,0,0,0,0,-10.5,53692.200000000004
L54115,L,27.55000000000001,38.05000000000001,90.0,1473.0,46.3,24.0,0,0,0,0,0,0,-10.5,68199.9
L47375,L,25.150000000000034,35.450000000000045,90.0,1805.0,25.3,126.0,0,0,0,0,0,0,-10.300000000000011,45666.5
M23466,M,24.350000000000023,35.25,90.0,1505.0,37.2,9.0,0,0,0,0,0,0,-10.899999999999977,55986.00000000001
L51168,L,29.05000000000001,38.150000000000034,90.0,1354.0,55.2,118.0,0,0,0,0,0,0,-9.100000000000023,74740.8
H37132,H,27.55000000000001,38.55000000000001,90.0,1427.0,44.6,87.0,0,0,0,0,0,0,-11.0,63644.200000000004
H29441,H,25.950000000000045,35.950000000000045,90.0,1412.0,24.6,77.0,0,0,0,0,0,0,-10.0,34735.200000000004
L55342,L,26.55000000000001,37.950000000000045,90.0,1586.0,32.3,156.0,0,0,0,0,0,0,-11.400000000000034,51227.799999999996
L56108,L,24.25,35.25,90.0,1447.0,41.8,213.0,0,0,0,0,0,0,-11.0,60484.6
L48448,L,24.950000000000045,36.35000000000002,90.0,1666.0,28.1,146.0,0,0,0,0,0,0,-11.399999999999977,46814.600000000006
L56435,L,25.05000000000001,35.85000000000002,90.0,1408.0,47.3,197.0,0,0,0,0,0,0,-10.800000000000011,66598.4
L50022,L,27.150000000000034,36.35000000000002,90.0,1345.0,53.5,39.0,0,0,0,0,0,0,-9.199999999999989,71957.5
L52413,L,30.55000000000001,39.75,90.0,1450.0,45.3,29.0,0,0,0,0,0,0,-9.199999999999989,65685.0
M15122,M,24.950000000000045,35.25,90.0,1459.0,48.9,146.0,0,0,0,0,0,0,-10.299999999999955,71345.09999999999
M20344,M,29.350000000000023,38.85000000000002,90.0,1510.0,39.8,203.0,0,0,0,0,0,0,-9.5,60097.99999999999
L53340,L,27.850000000000023,37.75,90.0,1617.0,33.0,197.0,0,0,0,0,0,0,-9.899999999999977,53361.0
L54729,L,27.150000000000034,38.25,90.0,1489.0,38.2,97.0,0,0,0,0,0,0,-11.099999999999966,56879.8
L54694,L,26.950000000000045,38.25,90.0,1520.0,45.2,5.0,0,0,0,0,0,0,-11.299999999999955,68704.0
L55017,L,27.05000000000001,38.35000000000002,90.0,1487.0,41.1,193.0,0,0,0,0,0,0,-11.300000000000011,61115.700000000004
M22004,M,27.25,36.650000000000034,90.0,1517.0,40.3,166.0,0,0,0,0,0,0,-9.400000000000034,61135.1
L47753,L,24.75,36.75,90.0,1488.0,39.4,171.0,0,0,0,0,0,0,-12.0,58627.2
L52524,L,29.650000000000034,39.450000000000045,90.0,1506.0,40.9,124.0,0,0,0,0,0,0,-9.800000000000011,61595.4
L56039,L,24.650000000000034,35.950000000000045,90.0,1430.0,44.4,28.0,0,0,0,0,0,0,-11.300000000000011,63492.0
L53530,L,26.850000000000023,36.650000000000034,90.0,1535.0,39.1,23.0,0,0,0,0,0,0,-9.800000000000011,60018.5
M15838,M,23.05000000000001,34.05000000000001,90.0,1526.0,31.1,194.0,0,0,0,0,0,0,-11.0,47458.6
L56553,L,24.55000000000001,35.25,90.0,1453.0,40.6,86.0,0,0,0,0,0,0,-10.699999999999989,58991.8
L48943,L,25.05000000000001,34.450000000000045,90.0,1540.0,31.0,52.0,0,0,0,0,0,0,-9.400000000000034,47740.0
H31531,H,26.150000000000034,35.75,90.0,1513.0,40.8,91.0,0,0,0,0,0,0,-9.599999999999966,61730.399999999994
L53906,L,28.350000000000023,37.650000000000034,90.0,1422.0,41.0,118.0,0,0,0,0,0,0,-9.300000000000011,58302.0
L51626,L,29.350000000000023,37.150000000000034,90.0,1501.0,38.7,59.0,0,0,0,0,0,0,-7.800000000000011,58088.700000000004
M21631,M,28.05000000000001,37.55000000000001,90.0,1457.0,43.4,33.0,0,0,0,0,0,0,-9.5,63233.799999999996
L47334,L,25.25,35.05000000000001,90.0,1528.0,36.2,0.0,0,0,0,0,0,0,-9.800000000000011,55313.600000000006
M16440,M,25.05000000000001,35.150000000000034,90.0,1443.0,47.9,178.0,0,0,0,0,0,0,-10.100000000000023,69119.7
L49193,L,25.450000000000045,35.25,90.0,1356.0,45.1,38.0,0,0,0,0,0,0,-9.799999999999955,61155.6
M20301,M,29.850000000000023,39.650000000000034,90.0,1418.0,42.8,83.0,0,0,0,0,0,0,-9.800000000000011,60690.399999999994
L56828,L,25.950000000000045,37.05000000000001,90.0,1543.0,41.2,51.0,0,0,0,0,0,0,-11.099999999999966,63571.600000000006
M15959,M,23.650000000000034,34.25,90.0,1678.0,30.8,28.0,0,0,0,0,0,0,-10.599999999999966,51682.4
L49642,L,25.75,35.35000000000002,90.0,1462.0,34.5,117.0,0,0,0,0,0,0,-9.600000000000023,50439.0
L47721,L,24.25,36.25,90.0,1296.0,31.9,96.0,0,0,0,0,0,0,-12.0,41342.4
M17830,M,27.55000000000001,36.35000000000002,90.0,1537.0,44.5,85.0,0,0,0,0,0,0,-8.800000000000011,68396.5
H31036,H,24.55000000000001,34.450000000000045,90.0,1538.0,38.3,7.0,0,0,0,0,0,0,-9.900000000000034,58905.399999999994
M24683,M,25.05000000000001,36.150000000000034,90.0,1488.0,39.5,81.0,0,0,0,0,0,0,-11.100000000000023,58776.0
H33341,H,29.450000000000045,38.450000000000045,90.0,1427.0,56.0,161.0,0,0,0,0,0,0,-9.0,79912.0
M24585,M,25.650000000000034,36.75,90.0,1391.0,47.7,187.0,0,0,0,0,0,0,-11.099999999999966,66350.7
L50463,L,28.05000000000001,36.75,90.0,1528.0,45.5,23.0,0,0,0,0,0,0,-8.699999999999989,69524.0
M18147,M,28.05000000000001,36.950000000000045,90.0,1785.0,25.6,34.0,0,0,0,0,0,0,-8.900000000000034,45696.0
L48595,L,25.75,36.950000000000045,90.0,1442.0,53.0,203.0,0,0,0,0,0,0,-11.200000000000045,76426.0
H31543,H,26.25,35.85000000000002,90.0,1759.0,27.9,130.0,0,0,0,0,0,0,-9.600000000000023,49076.1
L55518,L,25.650000000000034,36.55000000000001,90.0,1496.0,28.5,77.0,0,0,0,0,0,0,-10.899999999999977,42636.0
M18333,M,28.650000000000034,37.650000000000034,90.0,1436.0,43.7,85.0,0,0,0,0,0,0,-9.0,62753.200000000004
M20446,M,29.25,38.650000000000034,90.0,1456.0,44.5,166.0,0,0,0,0,0,0,-9.400000000000034,64792.0
M21737,M,27.650000000000034,38.150000000000034,90.0,1548.0,37.3,87.0,0,0,0,0,0,0,-10.5,57740.399999999994
L56528,L,25.05000000000001,35.55000000000001,90.0,1470.0,49.1,26.0,0,0,0,0,0,0,-10.5,72177.0
M23685,M,24.150000000000034,35.650000000000034,90.0,1626.0,31.4,132.0,0,0,0,0,0,0,-11.5,51056.399999999994
L47923,L,23.650000000000034,35.05000000000001,90.0,1361.0,53.8,59.0,0,0,0,0,0,0,-11.399999999999977,73221.8
L54763,L,27.150000000000034,37.85000000000002,90.0,1488.0,40.4,179.0,0,0,0,0,0,0,-10.699999999999989,60115.2
L56962,L,25.650000000000034,36.75,90.0,1404.0,47.1,64.0,0,0,0,0,0,0,-11.099999999999966,66128.40000000001
L53301,L,27.75,37.950000000000045,90.0,1457.0,50.7,100.0,0,0,0,0,0,0,-10.200000000000045,73869.90000000001
L52820,L,29.350000000000023,38.950000000000045,90.0,1420.0,51.6,182.0,0,0,0,0,0,0,-9.600000000000023,73272.0
M20697,M,28.150000000000034,37.950000000000045,90.0,1348.0,57.9,22.0,0,0,0,0,0,0,-9.800000000000011,78049.2
L50474,L,27.950000000000045,37.05000000000001,90.0,1491.0,47.0,119.0,0,0,0,0,0,0,-9.099999999999966,70077.0
L56562,L,24.350000000000023,35.05000000000001,90.0,1399.0,60.7,216.0,1,0,0,0,1,0,-10.699999999999989,84919.3
M22103,M,26.850000000000023,37.05000000000001,90.0,1558.0,51.2,83.0,0,0,0,0,0,0,-10.199999999999989,79769.6
L53777,L,28.350000000000023,37.450000000000045,90.0,1481.0,38.0,20.0,0,0,0,0,0,0,-9.100000000000023,56278.0
L55420,L,25.850000000000023,37.25,90.0,1495.0,52.7,96.0,0,0,0,0,0,0,-11.399999999999977,78786.5
M19840,M,30.55000000000001,39.650000000000034,90.0,1401.0,50.3,209.0,0,0,0,0,0,0,-9.100000000000023,70470.3
L49328,L,26.25,35.75,90.0,1348.0,34.1,176.0,0,0,0,0,0,0,-9.5,45966.8
L50263,L,26.950000000000045,36.150000000000034,90.0,1438.0,42.0,141.0,0,0,0,0,0,0,-9.199999999999989,60396.0
M21934,M,27.55000000000001,37.450000000000045,90.0,1488.0,47.7,189.0,0,0,0,0,0,0,-9.900000000000034,70977.6
L52067,L,30.55000000000001,39.25,90.0,1348.0,33.3,182.0,0,0,0,0,0,0,-8.699999999999989,44888.399999999994
L55532,L,25.450000000000045,36.450000000000045,90.0,1703.0,27.9,192.0,0,0,0,0,0,0,-11.0,47513.7
L53078,L,28.150000000000034,37.55000000000001,90.0,1479.0,41.1,174.0,0,0,0,0,0,0,-9.399999999999977,60786.9
L51574,L,29.05000000000001,36.85000000000002,90.0,1615.0,39.9,20.0,0,0,0,0,0,0,-7.800000000000011,64438.5
L55041,L,27.350000000000023,38.85000000000002,90.0,1498.0,42.9,101.0,0,0,0,0,0,0,-11.5,64264.2
L56350,L,24.55000000000001,35.650000000000034,90.0,1344.0,47.6,188.0,0,0,0,0,0,0,-11.100000000000023,63974.4
L55264,L,27.05000000000001,38.25,90.0,1624.0,29.8,127.0,0,0,0,0,0,0,-11.199999999999989,48395.200000000004
L57156,L,25.350000000000023,35.05000000000001,90.0,1364.0,51.3,10.0,0,0,0,0,0,0,-9.699999999999989,69973.2
L55945,L,24.25,35.650000000000034,90.0,1353.0,46.7,188.0,0,0,0,0,0,0,-11.400000000000034,63185.100000000006
L55943,L,24.150000000000034,35.450000000000045,90.0,1450.0,43.4,9.0,0,0,0,0,0,0,-11.300000000000011,62930.0
L54632,L,27.150000000000034,38.55000000000001,90.0,1484.0,38.7,12.0,0,0,0,0,0,0,-11.399999999999977,57430.8
H34308,H,30.850000000000023,39.55000000000001,90.0,1372.0,52.3,160.0,0,0,0,0,0,0,-8.699999999999989,71755.59999999999
M21228,M,26.850000000000023,36.450000000000045,90.0,1423.0,48.7,76.0,0,0,0,0,0,0,-9.600000000000023,69300.1
M16151,M,25.450000000000045,36.55000000000001,90.0,1596.0,28.4,115.0,0,0,0,0,0,0,-11.099999999999966,45326.399999999994
L51638,L,29.450000000000045,37.25,90.0,1642.0,35.9,189.0,0,0,0,0,0,0,-7.7999999999999545,58947.799999999996
M15455,M,24.450000000000045,35.85000000000002,90.0,1335.0,48.0,64.0,0,0,0,0,0,0,-11.399999999999977,64080.0
L54266,L,27.450000000000045,37.25,90.0,1517.0,40.0,203.0,0,0,0,0,0,0,-9.799999999999955,60680.0
L52986,L,28.25,37.75,90.0,1369.0,49.8,174.0,0,0,0,0,0,0,-9.5,68176.2
H33150,H,29.150000000000034,37.950000000000045,90.0,1394.0,43.7,139.0,0,0,0,0,0,0,-8.800000000000011,60917.8
L47486,L,24.650000000000034,35.25,90.0,1304.0,47.1,64.0,0,0,0,0,0,0,-10.599999999999966,61418.4
H33987,H,29.650000000000034,38.05000000000001,90.0,1432.0,52.4,174.0,0,0,0,0,0,0,-8.399999999999977,75036.8
L49480,L,26.150000000000034,35.450000000000045,90.0,1371.0,39.8,136.0,0,0,0,0,0,0,-9.300000000000011,54565.799999999996
M15872,M,23.05000000000001,34.150000000000034,90.0,1406.0,45.8,32.0,0,0,0,0,0,0,-11.100000000000023,64394.799999999996
L48574,L,25.950000000000045,37.25,90.0,1477.0,44.0,16.0,0,0,0,0,0,0,-11.299999999999955,64988.0
L55467,L,25.75,37.450000000000045,90.0,1636.0,38.1,7.0,0,0,0,0,0,0,-11.700000000000045,62331.600000000006
L55438,L,25.950000000000045,37.450000000000045,90.0,1542.0,38.1,146.0,0,0,0,0,0,0,-11.5,58750.200000000004
L56938,L,25.450000000000045,36.650000000000034,90.0,1637.0,36.2,218.0,1,1,0,0,0,0,-11.199999999999989,59259.4
M20261,M,29.650000000000034,37.950000000000045,90.0,1419.0,40.0,18.0,0,0,0,0,0,0,-8.300000000000011,56760.0
L47884,L,24.55000000000001,35.75,90.0,1424.0,47.3,24.0,0,0,0,0,0,0,-11.199999999999989,67355.2
H29949,H,24.650000000000034,36.650000000000034,90.0,1365.0,52.4,119.0,0,0,0,0,0,0,-12.0,71526.0
L56525,L,25.05000000000001,35.55000000000001,90.0,1536.0,38.0,107.0,0,0,0,0,0,0,-10.5,58368.0
L54859,L,27.55000000000001,38.450000000000045,90.0,1465.0,41.2,213.0,0,0,0,0,0,0,-10.900000000000034,60358.00000000001
L48492,L,25.75,37.05000000000001,90.0,1555.0,36.5,166.0,0,0,0,0,0,0,-11.300000000000011,56757.5
L55006,L,26.650000000000034,37.950000000000045,90.0,1685.0,32.3,167.0,0,0,0,0,0,0,-11.300000000000011,54425.49999999999
L55508,L,25.55000000000001,36.450000000000045,90.0,1502.0,41.3,129.0,0,0,0,0,0,0,-10.900000000000034,62032.6
M16127,M,24.950000000000045,36.450000000000045,90.0,1296.0,52.1,43.0,0,0,0,0,0,0,-11.5,67521.6
L48384,L,23.75,34.85000000000002,90.0,1448.0,48.9,156.0,0,0,0,0,0,0,-11.100000000000023,70807.2
L56059,L,24.850000000000023,36.05000000000001,90.0,1353.0,39.5,85.0,0,0,0,0,0,0,-11.199999999999989,53443.5
M18097,M,27.650000000000034,36.35000000000002,90.0,1382.0,52.3,197.0,0,0,0,0,0,0,-8.699999999999989,72278.59999999999
L56895,L,25.75,36.75,90.0,1618.0,30.0,108.0,0,0,0,0,0,0,-11.0,48540.0
L55551,L,25.55000000000001,36.450000000000045,90.0,1713.0,28.7,29.0,0,0,0,0,0,0,-10.900000000000034,49163.1
L53001,L,27.850000000000023,37.950000000000045,90.0,1593.0,35.9,181.0,0,0,0,0,0,0,-10.100000000000023,57188.7
M17758,M,26.55000000000001,36.05000000000001,90.0,1654.0,31.1,170.0,0,0,0,0,0,0,-9.5,51439.4
H35717,H,28.05000000000001,37.450000000000045,90.0,1395.0,50.5,79.0,0,0,0,0,0,0,-9.400000000000034,70447.5
M20723,M,28.25,37.950000000000045,90.0,1758.0,25.4,59.0,0,0,0,0,0,0,-9.700000000000045,44653.2
L53534,L,26.950000000000045,36.55000000000001,90.0,1565.0,33.9,32.0,0,0,0,0,0,0,-9.599999999999966,53053.5
M22441,M,27.25,38.05000000000001,90.0,1573.0,33.9,127.0,0,0,0,0,0,0,-10.800000000000011,53324.7
H34804,H,29.650000000000034,39.150000000000034,90.0,1288.0,48.1,223.0,0,0,0,0,0,0,-9.5,61952.8
L48224,L,23.350000000000023,34.450000000000045,90.0,1429.0,52.7,92.0,0,0,0,0,0,0,-11.100000000000023,75308.3
L56277,L,24.150000000000034,34.950000000000045,90.0,1452.0,44.5,173.0,0,0,0,0,0,0,-10.800000000000011,64614.0
L50147,L,27.450000000000045,36.25,90.0,1526.0,51.6,71.0,0,0,0,0,0,0,-8.799999999999955,78741.6
M22245,M,26.650000000000034,37.150000000000034,90.0,1483.0,44.4,118.0,0,0,0,0,0,0,-10.5,65845.2
L54676,L,27.05000000000001,38.650000000000034,90.0,1611.0,31.2,179.0,0,0,0,0,0,0,-11.600000000000023,50263.2
L48237,L,23.650000000000034,34.650000000000034,90.0,1399.0,45.4,126.0,0,0,0,0,0,0,-11.0,63514.6
M17382,M,25.650000000000034,35.450000000000045,90.0,1486.0,36.6,44.0,0,0,0,0,0,0,-9.800000000000011,54387.6
H33987,H,29.05000000000001,38.35000000000002,90.0,1432.0,43.9,47.0,0,0,0,0,0,0,-9.300000000000011,62864.799999999996
L53631,L,27.55000000000001,37.150000000000034,90.0,1696.0,29.7,48.0,0,0,0,0,0,0,-9.600000000000023,50371.2
L48567,L,25.350000000000023,37.05000000000001,90.0,1472.0,40.2,2.0,0,0,0,0,0,0,-11.699999999999989,59174.4
L57161,L,25.55000000000001,35.35000000000002,90.0,1508.0,43.8,190.0,0,0,0,0,0,0,-9.800000000000011,66050.4
L51373,L,29.25,37.85000000000002,90.0,1442.0,46.7,201.0,0,0,0,0,0,0,-8.600000000000023,67341.40000000001
M17688,M,27.25,36.150000000000034,90.0,1544.0,41.5,155.0,0,0,0,0,0,0,-8.900000000000034,64076.0
L56018,L,24.25,35.85000000000002,90.0,1447.0,54.7,179.0,0,0,0,0,0,0,-11.600000000000023,79150.90000000001
L55973,L,24.25,35.450000000000045,90.0,1362.0,45.7,54.0,0,0,0,0,0,0,-11.200000000000045,62243.4
M21563,M,28.450000000000045,37.35000000000002,90.0,1610.0,34.1,114.0,0,0,0,0,0,0,-8.899999999999977,54901.0
M19808,M,30.650000000000034,39.55000000000001,90.0,1500.0,41.7,128.0,0,0,0,0,0,0,-8.899999999999977,62550.00000000001
M22253,M,26.75,37.35000000000002,90.0,1574.0,34.9,134.0,0,0,0,0,0,0,-10.600000000000023,54932.6
L49508,L,26.150000000000034,35.35000000000002,90.0,1579.0,41.3,211.0,0,0,0,0,0,0,-9.199999999999989,65212.7
M23600,M,24.25,35.55000000000001,90.0,1573.0,38.6,123.0,0,0,0,0,0,0,-11.300000000000011,60717.8
L47378,L,25.25,35.450000000000045,90.0,1423.0,44.7,99.0,0,0,0,0,0,0,-10.200000000000045,63608.100000000006
L52774,L,29.55000000000001,38.75,90.0,1517.0,41.9,67.0,0,0,0,0,0,0,-9.199999999999989,63562.299999999996
L55961,L,24.350000000000023,35.35000000000002,90.0,1419.0,40.6,27.0,0,0,0,0,0,0,-11.0,57611.4
L53128,L,27.350000000000023,37.35000000000002,90.0,1366.0,46.9,75.0,0,0,0,0,0,0,-10.0,64065.4
L48952,L,25.350000000000023,34.85000000000002,90.0,1477.0,40.4,2.0,0,0,0,0,0,0,-9.5,59670.799999999996
M19269,M,29.25,36.950000000000045,90.0,1563.0,34.6,61.0,0,0,0,0,0,0,-7.7000000000000455,54079.8
M20202,M,30.350000000000023,39.650000000000034,90.0,1533.0,38.9,55.0,0,0,0,0,0,0,-9.300000000000011,59633.7
L47981,L,23.75,34.650000000000034,90.0,1585.0,34.6,100.0,0,0,0,0,0,0,-10.900000000000034,54841.0
L56474,L,25.350000000000023,35.85000000000002,90.0,1537.0,37.0,17.0,0,0,0,0,0,0,-10.5,56869.0
L52120,L,30.450000000000045,39.55000000000001,90.0,1429.0,58.9,108.0,0,0,0,0,0,0,-9.099999999999966,84168.09999999999
L51738,L,29.55000000000001,37.35000000000002,90.0,1442.0,45.7,11.0,0,0,0,0,0,0,-7.800000000000011,65899.40000000001
L50575,L,28.25,37.55000000000001,90.0,1416.0,47.3,197.0,0,0,0,0,0,0,-9.300000000000011,66976.8
L47319,L,25.650000000000034,35.650000000000034,90.0,1369.0,47.9,155.0,0,0,0,0,0,0,-10.0,65575.09999999999
M24735,M,25.650000000000034,36.75,90.0,1607.0,33.6,136.0,0,0,0,0,0,0,-11.099999999999966,53995.200000000004
L56161,L,23.850000000000023,34.55000000000001,90.0,1498.0,39.4,126.0,0,0,0,0,0,0,-10.699999999999989,59021.2
L49662,L,25.75,35.55000000000001,90.0,1348.0,57.0,166.0,0,0,0,0,0,0,-9.800000000000011,76836.0
L48876,L,24.75,34.450000000000045,90.0,1602.0,39.0,35.0,0,0,0,0,0,0,-9.700000000000045,62478.0
L56002,L,24.25,35.650000000000034,90.0,1499.0,41.8,179.0,0,0,0,0,0,0,-11.400000000000034,62658.2
L53679,L,27.450000000000045,36.650000000000034,90.0,1516.0,45.7,199.0,0,0,0,0,0,0,-9.199999999999989,69281.2
L48210,L,23.25,34.35000000000002,90.0,1372.0,55.6,56.0,0,0,0,0,0,0,-11.100000000000023,76283.2
M24021,M,24.55000000000001,35.450000000000045,90.0,1439.0,42.0,159.0,0,0,0,0,0,0,-10.900000000000034,60438.0
L52401,L,30.75,39.85000000000002,90.0,1469.0,40.6,209.0,0,0,0,0,0,0,-9.100000000000023,59641.4
L54298,L,27.850000000000023,37.35000000000002,90.0,1563.0,37.7,81.0,0,0,0,0,0,0,-9.5,58925.100000000006
L55230,L,27.05000000000001,38.35000000000002,90.0,1401.0,41.4,50.0,0,0,0,0,0,0,-11.300000000000011,58001.4
L55424,L,25.850000000000023,37.25,90.0,1447.0,47.6,109.0,0,0,0,0,0,0,-11.399999999999977,68877.2
L56513,L,25.350000000000023,35.85000000000002,90.0,1495.0,40.5,192.0,0,0,0,0,0,0,-10.5,60547.5
L52599,L,29.55000000000001,39.150000000000034,90.0,1432.0,42.9,112.0,0,0,0,0,0,0,-9.600000000000023,61432.799999999996
M24842,M,25.55000000000001,35.25,90.0,1507.0,45.6,192.0,0,0,0,0,0,0,-9.699999999999989,68719.2
L55631,L,25.450000000000045,36.75,90.0,1636.0,35.7,25.0,0,0,0,0,0,0,-11.299999999999955,58405.200000000004
M23117,M,26.05000000000001,37.450000000000045,90.0,1336.0,54.8,7.0,0,0,0,0,0,0,-11.400000000000034,73212.8
M24486,M,25.850000000000023,36.85000000000002,90.0,1341.0,55.4,126.0,0,0,0,0,0,0,-11.0,74291.4
L53792,L,28.25,37.450000000000045,90.0,1596.0,30.3,168.0,0,0,0,0,0,0,-9.200000000000045,48358.8
M18128,M,28.150000000000034,37.25,90.0,1426.0,52.0,124.0,0,0,0,0,0,0,-9.099999999999966,74152.0
M21554,M,28.55000000000001,37.75,90.0,1412.0,47.3,32.0,0,0,0,0,0,0,-9.199999999999989,66787.59999999999
L48477,L,25.55000000000001,36.75,90.0,1304.0,47.6,132.0,0,0,0,0,0,0,-11.199999999999989,62070.4
L48793,L,24.650000000000034,34.85000000000002,90.0,1415.0,46.9,119.0,0,0,0,0,0,0,-10.199999999999989,66363.5
M17455,M,25.650000000000034,35.05000000000001,90.0,1385.0,48.9,0.0,0,0,0,0,0,0,-9.399999999999977,67726.5
L53971,L,28.05000000000001,37.55000000000001,90.0,1555.0,41.2,101.0,0,0,0,0,0,0,-9.5,64066.00000000001
M15711,M,23.150000000000034,34.25,90.0,1767.0,25.3,7.0,0,0,0,0,0,0,-11.099999999999966,44705.1
H30675,H,24.450000000000045,35.85000000000002,90.0,1615.0,31.4,24.0,0,0,0,0,0,0,-11.399999999999977,50711.0
L55418,L,26.05000000000001,37.35000000000002,90.0,1418.0,49.1,72.0,0,0,0,0,0,0,-11.300000000000011,69623.8
L56258,L,24.150000000000034,34.950000000000045,90.0,1491.0,35.7,156.0,0,0,0,0,0,0,-10.800000000000011,53228.700000000004
L53257,L,27.75,37.55000000000001,90.0,1694.0,26.0,199.0,0,0,0,0,0,0,-9.800000000000011,44044.0
M22119,M,27.25,37.35000000000002,90.0,1500.0,43.0,124.0,0,0,0,0,0,0,-10.100000000000023,64500.0
M15871,M,23.150000000000034,34.150000000000034,90.0,1451.0,41.5,210.0,0,0,0,0,0,0,-11.0,60216.5
M23333,M,25.450000000000045,36.650000000000034,90.0,1430.0,40.9,80.0,0,0,0,0,0,0,-11.199999999999989,58487.0
L50544,L,28.25,37.35000000000002,90.0,1683.0,32.3,0.0,0,0,0,0,0,0,-9.100000000000023,54360.899999999994
L49372,L,26.450000000000045,35.950000000000045,90.0,1493.0,38.2,57.0,0,0,0,0,0,0,-9.5,57032.600000000006
H30649,H,23.950000000000045,35.35000000000002,90.0,1422.0,50.8,84.0,0,0,0,0,0,0,-11.399999999999977,72237.59999999999
L55807,L,24.25,35.450000000000045,90.0,1570.0,37.9,43.0,0,0,0,0,0,0,-11.200000000000045,59503.0
L50442,L,28.150000000000034,36.85000000000002,90.0,1558.0,36.3,186.0,0,0,0,0,0,0,-8.699999999999989,56555.399999999994
L55289,L,27.150000000000034,38.650000000000034,90.0,1821.0,26.3,202.0,0,0,0,0,0,0,-11.5,47892.3
L48683,L,24.850000000000023,35.55000000000001,90.0,1540.0,36.8,206.0,0,0,0,0,0,0,-10.699999999999989,56671.99999999999
L51515,L,28.55000000000001,36.75,90.0,1479.0,42.5,74.0,0,0,0,0,0,0,-8.199999999999989,62857.5
L49325,L,26.150000000000034,35.650000000000034,90.0,1672.0,30.2,148.0,0,0,0,0,0,0,-9.5,50494.4
L53802,L,28.55000000000001,37.55000000000001,90.0,1493.0,40.7,0.0,0,0,0,0,0,0,-9.0,60765.100000000006
L56756,L,26.55000000000001,37.55000000000001,90.0,1362.0,50.6,192.0,1,0,0,0,1,0,-11.0,68917.2
L56985,L,25.25,36.05000000000001,90.0,1539.0,41.5,141.0,0,0,0,0,0,0,-10.800000000000011,63868.5
L51023,L,29.25,37.950000000000045,90.0,1548.0,38.5,7.0,0,0,0,0,0,0,-8.700000000000045,59598.0
L51618,L,29.25,37.05000000000001,90.0,1363.0,51.9,140.0,1,0,1,0,0,0,-7.800000000000011,70739.7
L48260,L,23.850000000000023,34.650000000000034,90.0,1375.0,55.2,192.0,0,0,0,0,0,0,-10.800000000000011,75900.0
L54158,L,27.55000000000001,37.950000000000045,90.0,1378.0,47.8,164.0,0,0,0,0,0,0,-10.400000000000034,65868.4
M17618,M,26.55000000000001,36.05000000000001,90.0,1694.0,45.3,205.0,0,0,0,0,0,0,-9.5,76738.2
L50722,L,28.650000000000034,37.75,90.0,1431.0,24.7,31.0,0,0,0,0,0,0,-9.099999999999966,35345.7
L50405,L,27.450000000000045,36.450000000000045,90.0,1469.0,40.7,87.0,0,0,0,0,0,0,-9.0,59788.3
L47783,L,24.650000000000034,36.650000000000034,90.0,1519.0,37.1,29.0,0,0,0,0,0,0,-12.0,56354.9
M18759,M,28.950000000000045,37.85000000000002,90.0,1710.0,33.3,83.0,0,0,0,0,0,0,-8.899999999999977,56942.99999999999
M21452,M,28.450000000000045,37.55000000000001,90.0,1485.0,47.8,192.0,0,0,0,0,0,0,-9.099999999999966,70983.0
M21355,M,27.450000000000045,36.650000000000034,90.0,1394.0,53.9,117.0,0,0,0,0,0,0,-9.199999999999989,75136.59999999999
M24678,M,24.950000000000045,36.35000000000002,90.0,1633.0,33.1,39.0,0,0,0,0,0,0,-11.399999999999977,54052.3
M21201,M,27.25,36.650000000000034,90.0,1484.0,36.4,96.0,0,0,0,0,0,0,-9.400000000000034,54017.6
M16856,M,25.25,34.85000000000002,90.0,1463.0,42.4,185.0,0,0,0,0,0,0,-9.600000000000023,62031.2
L48686,L,25.05000000000001,35.650000000000034,90.0,1668.0,33.3,212.0,0,0,0,0,0,0,-10.600000000000023,55544.399999999994
M15206,M,24.350000000000023,35.25,90.0,1512.0,40.0,34.0,0,0,0,0,0,0,-10.899999999999977,60480.0
L49628,L,26.25,35.75,90.0,1347.0,55.0,85.0,0,0,0,0,0,0,-9.5,74085.0
L50477,L,28.05000000000001,37.150000000000034,90.0,1563.0,33.5,72.0,0,0,0,0,0,0,-9.100000000000023,52360.5
L54262,L,27.55000000000001,37.25,90.0,1557.0,39.0,212.0,0,0,0,0,0,0,-9.699999999999989,60723.0
M16056,M,23.75,34.75,90.0,1493.0,34.6,156.0,0,0,0,0,0,0,-11.0,51657.8
L49602,L,25.75,35.05000000000001,90.0,1601.0,35.9,21.0,0,0,0,0,0,0,-9.300000000000011,57475.899999999994
L56367,L,24.75,35.85000000000002,90.0,1685.0,31.5,24.0,0,0,0,0,0,0,-11.100000000000023,53077.5
M15586,M,24.25,35.55000000000001,90.0,1546.0,43.8,7.0,0,0,0,0,0,0,-11.300000000000011,67714.79999999999
L49055,L,25.150000000000034,34.950000000000045,90.0,1471.0,45.7,96.0,0,0,0,0,0,0,-9.800000000000011,67224.7
L50029,L,27.25,36.150000000000034,90.0,1766.0,28.2,96.0,0,0,0,0,0,0,-8.900000000000034,49801.2
L53375,L,27.850000000000023,37.75,90.0,1470.0,43.1,53.0,0,0,0,0,0,0,-9.899999999999977,63357.0
L55255,L,27.25,38.85000000000002,90.0,1566.0,31.1,117.0,0,0,0,0,0,0,-11.600000000000023,48702.600000000006
M24412,M,26.55000000000001,37.950000000000045,90.0,1675.0,29.9,174.0,0,0,0,0,0,0,-11.400000000000034,50082.5
L55232,L,27.350000000000023,38.75,90.0,1403.0,45.7,204.0,0,0,0,0,0,0,-11.399999999999977,64117.100000000006
M16854,M,24.850000000000023,34.35000000000002,90.0,1650.0,30.9,193.0,0,0,0,0,0,0,-9.5,50985.0
H35348,H,27.450000000000045,37.35000000000002,90.0,1454.0,51.2,110.0,0,0,0,0,0,0,-9.899999999999977,74444.8
L49523,L,26.05000000000001,35.25,90.0,1620.0,31.9,17.0,0,0,0,0,0,0,-9.199999999999989,51678.0
L49409,L,26.25,35.450000000000045,90.0,1455.0,45.9,26.0,0,0,0,0,0,0,-9.200000000000045,66784.5
L47480,L,24.650000000000034,35.25,90.0,1550.0,36.8,0.0,0,0,0,0,0,0,-10.599999999999966,57039.99999999999
L56372,L,24.75,35.85000000000002,90.0,1672.0,35.8,40.0,0,0,0,0,0,0,-11.100000000000023,59857.6
L53814,L,28.450000000000045,37.35000000000002,90.0,1456.0,46.5,75.0,0,0,0,0,0,0,-8.899999999999977,67704.0
L50474,L,27.950000000000045,36.85000000000002,90.0,1441.0,48.1,9.0,0,0,0,0,0,0,-8.899999999999977,69312.1
L48512,L,25.850000000000023,36.75,90.0,1467.0,36.6,221.0,0,0,0,0,0,0,-10.899999999999977,53692.200000000004
L51690,L,29.450000000000045,37.25,90.0,1447.0,43.4,109.0,0,0,0,0,0,0,-7.7999999999999545,62799.799999999996
L53433,L,27.75,37.25,90.0,1519.0,40.9,200.0,0,0,0,0,0,0,-9.5,62127.1
M18468,M,28.55000000000001,37.650000000000034,90.0,1685.0,29.8,201.0,0,0,0,0,0,0,-9.100000000000023,50213.0
H37581,H,26.55000000000001,37.950000000000045,90.0,1353.0,44.5,143.0,0,0,0,0,0,0,-11.400000000000034,60208.5
L53071,L,28.350000000000023,37.650000000000034,90.0,1643.0,32.6,159.0,0,0,0,0,0,0,-9.300000000000011,53561.8
L57070,L,25.650000000000034,36.35000000000002,90.0,1536.0,38.6,157.0,0,0,0,0,0,0,-10.699999999999989,59289.600000000006
L47962,L,23.650000000000034,34.75,90.0,1453.0,50.8,48.0,0,0,0,0,0,0,-11.099999999999966,73812.4
L48645,L,25.75,37.25,90.0,1546.0,41.4,101.0,0,0,0,0,0,0,-11.5,64004.399999999994
M23268,M,25.25,36.35000000000002,90.0,1610.0,33.0,127.0,0,0,0,0,0,0,-11.100000000000023,53130.0
L48703,L,25.05000000000001,35.85000000000002,90.0,1515.0,35.9,92.0,0,0,0,0,0,0,-10.800000000000011,54388.5
L48836,L,24.75,34.75,90.0,1612.0,35.9,7.0,0,0,0,0,0,0,-10.0,57870.799999999996
L56073,L,24.350000000000023,35.55000000000001,90.0,1459.0,45.1,121.0,0,0,0,0,0,0,-11.199999999999989,65800.90000000001
M21405,M,28.350000000000023,37.55000000000001,90.0,1759.0,26.6,106.0,0,0,0,0,0,0,-9.199999999999989,46789.4
H39336,H,25.350000000000023,36.25,90.0,1435.0,43.7,189.0,0,0,0,0,0,0,-10.899999999999977,62709.50000000001
M18004,M,27.450000000000045,36.85000000000002,90.0,1478.0,36.3,156.0,0,0,0,0,0,0,-9.399999999999977,53651.399999999994
L47359,L,25.150000000000034,35.05000000000001,90.0,1471.0,44.1,45.0,0,0,0,0,0,0,-9.899999999999977,64871.1
L53049,L,28.25,37.950000000000045,90.0,1605.0,34.9,119.0,0,0,0,0,0,0,-9.700000000000045,56014.5
H33908,H,29.450000000000045,37.25,90.0,1507.0,36.0,63.0,0,0,0,0,0,0,-7.7999999999999545,54252.0
L51096,L,29.350000000000023,38.35000000000002,90.0,1545.0,35.1,44.0,0,0,0,0,0,0,-9.0,54229.5
L50928,L,29.25,37.950000000000045,90.0,1566.0,39.0,98.0,0,0,0,0,0,0,-8.700000000000045,61074.0
L54333,L,27.05000000000001,36.85000000000002,90.0,1546.0,40.3,172.0,0,0,0,0,0,0,-9.800000000000011,62303.799999999996
L50286,L,26.650000000000034,35.950000000000045,90.0,1485.0,46.2,207.0,0,0,0,0,0,0,-9.300000000000011,68607.0
M21006,M,27.950000000000045,37.950000000000045,90.0,1570.0,40.1,159.0,0,0,0,0,0,0,-10.0,62957.0
L54121,L,27.650000000000034,38.25,90.0,1548.0,35.0,43.0,0,0,0,0,0,0,-10.599999999999966,54180.0
L56405,L,24.850000000000023,35.85000000000002,90.0,1537.0,35.4,120.0,0,0,0,0,0,0,-11.0,54409.799999999996
M15857,M,23.150000000000034,34.05000000000001,90.0,1753.0,25.8,180.0,0,0,0,0,0,0,-10.899999999999977,45227.4
H30932,H,24.950000000000045,35.85000000000002,90.0,1435.0,42.7,23.0,0,0,0,0,0,0,-10.899999999999977,61274.50000000001
L51876,L,30.350000000000023,38.450000000000045,90.0,1449.0,41.7,132.0,0,0,0,0,0,0,-8.100000000000023,60423.3
L51119,L,29.25,38.450000000000045,90.0,1400.0,54.0,196.0,0,0,0,0,0,0,-9.200000000000045,75600.0
L50703,L,28.650000000000034,37.75,90.0,1384.0,53.8,197.0,0,0,0,0,0,0,-9.099999999999966,74459.2
L55232,L,27.350000000000023,38.85000000000002,90.0,1431.0,46.0,54.0,0,0,0,0,0,0,-11.5,65826.0
L55669,L,25.25,36.25,90.0,1461.0,45.3,121.0,0,0,0,0,0,0,-11.0,66183.3
L50740,L,28.650000000000034,37.650000000000034,90.0,1487.0,45.9,202.0,0,0,0,0,0,0,-9.0,68253.3
M18192,M,28.55000000000001,37.650000000000034,90.0,1459.0,31.6,137.0,0,0,0,0,0,0,-9.100000000000023,46104.4
M16375,M,24.75,36.05000000000001,90.0,1364.0,58.5,0.0,0,0,0,0,0,0,-11.300000000000011,79794.0
L49255,L,26.350000000000023,36.150000000000034,90.0,1355.0,58.8,222.0,1,0,0,0,1,0,-9.800000000000011,79674.0
L56332,L,24.350000000000023,35.450000000000045,90.0,1526.0,36.5,137.0,0,0,0,0,0,0,-11.100000000000023,55699.0
M22526,M,27.450000000000045,38.55000000000001,90.0,1424.0,50.3,173.0,0,0,0,0,0,0,-11.099999999999966,71627.2
L55886,L,24.05000000000001,35.35000000000002,90.0,1755.0,31.1,39.0,0,0,0,0,0,0,-11.300000000000011,54580.5
M21740,M,27.75,38.150000000000034,90.0,1564.0,24.6,100.0,0,0,0,0,0,0,-10.400000000000034,38474.4
M18903,M,28.850000000000023,37.75,90.0,1587.0,36.3,43.0,0,0,0,0,0,0,-8.899999999999977,57608.1
L49797,L,26.25,35.950000000000045,90.0,1407.0,50.3,143.0,0,0,0,0,0,0,-9.700000000000045,70772.09999999999
M22016,M,27.05000000000001,36.85000000000002,90.0,1466.0,47.6,53.0,0,0,0,0,0,0,-9.800000000000011,69781.6
L48894,L,25.25,34.75,90.0,1569.0,36.2,72.0,0,0,0,0,0,0,-9.5,56797.8
L53383,L,27.850000000000023,37.650000000000034,90.0,1404.0,45.4,82.0,0,0,0,0,0,0,-9.800000000000011,63741.6
L47955,L,23.55000000000001,34.650000000000034,90.0,1460.0,48.7,37.0,0,0,0,0,0,0,-11.100000000000023,71102.0
L51592,L,29.450000000000045,37.35000000000002,90.0,1638.0,29.8,94.0,0,0,0,0,0,0,-7.899999999999977,48812.4
M20111,M,30.650000000000034,39.75,90.0,1307.0,54.3,68.0,0,0,0,0,0,0,-9.099999999999966,70970.09999999999
L48231,L,23.450000000000045,34.55000000000001,90.0,1487.0,37.7,110.0,0,0,0,0,0,0,-11.099999999999966,56059.9
L53468,L,27.850000000000023,37.35000000000002,90.0,1396.0,45.9,75.0,0,0,0,0,0,0,-9.5,64076.4
L56314,L,24.55000000000001,35.55000000000001,90.0,1254.0,40.2,0.0,0,0,0,0,0,0,-11.0,50410.8
L55962,L,24.350000000000023,35.55000000000001,90.0,1510.0,43.8,17.0,0,0,0,0,0,0,-11.199999999999989,66138.0
L50582,L,28.25,37.450000000000045,90.0,1377.0,49.2,47.0,0,0,0,0,0,0,-9.200000000000045,67748.40000000001
L49863,L,26.650000000000034,36.35000000000002,90.0,1335.0,50.5,18.0,0,0,0,0,0,0,-9.699999999999989,67417.5
L56679,L,26.05000000000001,36.950000000000045,90.0,1611.0,34.5,10.0,0,0,0,0,0,0,-10.900000000000034,55579.5
L56791,L,25.850000000000023,37.05000000000001,90.0,1550.0,35.8,91.0,0,0,0,0,0,0,-11.199999999999989,55489.99999999999
M19098,M,29.150000000000034,37.85000000000002,90.0,1511.0,37.5,72.0,0,0,0,0,0,0,-8.699999999999989,56662.5
M16381,M,25.150000000000034,35.75,90.0,1585.0,41.7,153.0,0,0,0,0,0,0,-10.599999999999966,66094.5
L56424,L,25.150000000000034,35.650000000000034,90.0,1547.0,36.9,155.0,0,0,0,0,0,0,-10.5,57084.299999999996
H30008,H,24.450000000000045,36.450000000000045,90.0,1228.0,50.2,2.0,0,0,0,0,0,0,-12.0,61645.600000000006
L50722,L,28.650000000000034,37.75,90.0,1365.0,46.2,67.0,0,0,0,0,0,0,-9.099999999999966,63063.00000000001
L55112,L,27.55000000000001,38.650000000000034,90.0,1553.0,32.7,207.0,0,0,0,0,0,0,-11.100000000000023,50783.100000000006
L47977,L,23.650000000000034,34.55000000000001,90.0,1565.0,40.6,89.0,0,0,0,0,0,0,-10.899999999999977,63539.0
M23050,M,26.25,37.75,90.0,1290.0,52.9,143.0,0,0,0,0,0,0,-11.5,68241.0
L48869,L,24.650000000000034,34.25,90.0,1608.0,32.6,52.0,0,0,0,0,0,0,-9.599999999999966,52420.8
L56073,L,24.350000000000023,35.55000000000001,90.0,1449.0,46.5,121.0,0,0,0,0,0,0,-11.199999999999989,67378.5
L48368,L,24.150000000000034,35.25,90.0,1339.0,38.5,36.0,0,0,0,0,0,0,-11.099999999999966,51551.5
L51820,L,30.150000000000034,38.150000000000034,90.0,1419.0,41.7,162.0,0,0,0,0,0,0,-8.0,59172.3
L53376,L,27.75,37.650000000000034,90.0,1493.0,45.4,55.0,0,0,0,0,0,0,-9.900000000000034,67782.2
L53987,L,27.950000000000045,37.450000000000045,90.0,1556.0,37.9,121.0,0,0,0,0,0,0,-9.5,58972.399999999994
L48808,L,24.75,34.650000000000034,90.0,1533.0,38.5,126.0,0,0,0,0,0,0,-9.900000000000034,59020.5
L51441,L,29.450000000000045,37.85000000000002,90.0,1520.0,35.2,2.0,0,0,0,0,0,0,-8.399999999999977,53504.00000000001
L48506,L,25.650000000000034,37.150000000000034,90.0,1411.0,41.5,26.0,0,0,0,0,0,0,-11.5,58556.5
L54719,L,26.950000000000045,38.150000000000034,90.0,1489.0,41.4,71.0,0,0,0,0,0,0,-11.199999999999989,61644.6
M18317,M,28.25,37.25,90.0,1607.0,33.5,21.0,0,0,0,0,0,0,-9.0,53834.5
L50345,L,27.25,36.55000000000001,90.0,1532.0,35.3,166.0,0,0,0,0,0,0,-9.300000000000011,54079.6
L53482,L,28.05000000000001,37.35000000000002,90.0,1464.0,44.4,74.0,0,0,0,0,0,0,-9.300000000000011,65001.6
L47884,L,23.75,34.650000000000034,90.0,1458.0,48.0,109.0,0,0,0,0,0,0,-10.900000000000034,69984.0
H35511,H,27.75,37.650000000000034,90.0,1604.0,38.4,31.0,0,0,0,0,0,0,-9.900000000000034,61593.6
H35545,H,27.450000000000045,37.650000000000034,90.0,1546.0,39.6,80.0,0,0,0,0,0,0,-10.199999999999989,61221.600000000006
L56257,L,24.150000000000034,34.950000000000045,90.0,1474.0,42.3,154.0,0,0,0,0,0,0,-10.800000000000011,62350.2
L53407,L,28.05000000000001,37.650000000000034,90.0,1541.0,37.6,108.0,0,0,0,0,0,0,-9.600000000000023,57941.600000000006
L51974,L,30.450000000000045,39.450000000000045,90.0,1514.0,35.9,164.0,0,0,0,0,0,0,-9.0,54352.6
M18425,M,28.450000000000045,37.650000000000034,90.0,1466.0,46.4,5.0,0,0,0,0,0,0,-9.199999999999989,68022.4
L50164,L,27.450000000000045,36.35000000000002,90.0,1623.0,34.5,84.0,0,0,0,0,0,0,-8.899999999999977,55993.5
M17209,M,26.150000000000034,35.35000000000002,90.0,1750.0,23.9,30.0,0,0,0,0,0,0,-9.199999999999989,41825.0
L50102,L,27.450000000000045,36.450000000000045,90.0,1481.0,38.1,153.0,0,0,0,0,0,0,-9.0,56426.1
L50661,L,28.850000000000023,37.650000000000034,90.0,1349.0,56.8,137.0,0,0,0,0,0,0,-8.800000000000011,76623.2
L56434,L,25.150000000000034,35.85000000000002,90.0,1486.0,31.1,195.0,0,0,0,0,0,0,-10.699999999999989,46214.6
L53113,L,27.25,37.25,90.0,1412.0,43.0,56.0,0,0,0,0,0,0,-10.0,60716.0
L47258,L,25.75,35.75,90.0,1408.0,47.6,0.0,0,0,0,0,0,0,-10.0,67020.8
L55224,L,27.450000000000045,38.85000000000002,90.0,1399.0,46.4,54.0,0,0,0,0,0,0,-11.399999999999977,64913.6
L48286,L,23.650000000000034,34.450000000000045,90.0,1621.0,32.7,114.0,0,0,0,0,0,0,-10.800000000000011,53006.700000000004
L52140,L,30.75,39.55000000000001,90.0,1438.0,62.3,156.0,0,0,0,0,0,0,-8.800000000000011,89587.4
L53853,L,28.450000000000045,37.25,90.0,1416.0,51.7,214.0,0,0,0,0,0,0,-8.799999999999955,73207.2
M17643,M,27.05000000000001,36.450000000000045,90.0,1430.0,49.8,53.0,0,0,0,0,0,0,-9.400000000000034,71214.0
L55897,L,24.05000000000001,35.55000000000001,90.0,1546.0,36.0,64.0,0,0,0,0,0,0,-11.5,55656.0
L52345,L,31.05000000000001,40.35000000000002,90.0,1459.0,43.4,56.0,0,0,0,0,0,0,-9.300000000000011,63320.6
L54424,L,26.650000000000034,36.55000000000001,90.0,1472.0,42.3,193.0,0,0,0,0,0,0,-9.899999999999977,62265.6
L53466,L,27.850000000000023,37.35000000000002,90.0,1519.0,37.3,70.0,0,0,0,0,0,0,-9.5,56658.7
L50096,L,27.450000000000045,36.450000000000045,90.0,1603.0,31.6,140.0,0,0,0,0,0,0,-9.0,50654.8
L48685,L,24.850000000000023,35.55000000000001,90.0,1530.0,37.0,210.0,0,0,0,0,0,0,-10.699999999999989,56610.0
L49680,L,25.950000000000045,35.650000000000034,90.0,1613.0,32.7,223.0,0,0,0,0,0,0,-9.699999999999989,52745.100000000006
L49079,L,24.650000000000034,34.35000000000002,90.0,1348.0,53.0,159.0,0,0,0,0,0,0,-9.699999999999989,71444.0
M18104,M,27.850000000000023,36.450000000000045,90.0,1397.0,30.0,168.0,0,0,0,0,0,0,-8.600000000000023,41910.0
M19056,M,29.350000000000023,37.950000000000045,90.0,1563.0,41.2,156.0,0,0,0,0,0,0,-8.600000000000023,64395.600000000006
L50629,L,28.450000000000045,37.35000000000002,90.0,1551.0,35.0,166.0,0,0,0,0,0,0,-8.899999999999977,54285.0
L51673,L,29.55000000000001,37.35000000000002,90.0,1511.0,37.8,146.0,0,0,0,0,0,0,-7.800000000000011,57115.799999999996
M24370,M,26.05000000000001,37.35000000000002,90.0,1523.0,34.9,21.0,0,0,0,0,0,0,-11.300000000000011,53152.7
L52594,L,30.450000000000045,39.05000000000001,90.0,1604.0,31.6,35.0,0,0,0,0,0,0,-8.599999999999966,50686.4
L51317,L,29.25,37.05000000000001,90.0,1504.0,38.9,42.0,0,0,0,0,0,0,-7.800000000000011,58505.6
M15867,M,23.05000000000001,34.05000000000001,90.0,1633.0,31.1,139.0,0,0,0,0,0,0,-11.0,50786.3
L50756,L,28.450000000000045,37.25,90.0,1532.0,39.6,108.0,0,0,0,0,0,0,-8.799999999999955,60667.200000000004
L48992,L,24.950000000000045,34.650000000000034,90.0,1388.0,36.8,134.0,0,0,0,0,0,0,-9.699999999999989,51078.399999999994
L54227,L,27.55000000000001,37.35000000000002,90.0,1389.0,49.2,79.0,0,0,0,0,0,0,-9.800000000000011,68338.8
M23843,M,23.850000000000023,34.55000000000001,90.0,1541.0,42.8,130.0,0,0,0,0,0,0,-10.699999999999989,65954.79999999999
L47677,L,24.450000000000045,36.450000000000045,90.0,1435.0,49.1,209.0,0,0,0,0,0,0,-12.0,70458.5
H36467,H,27.55000000000001,37.35000000000002,90.0,1548.0,42.7,129.0,0,0,0,0,0,0,-9.800000000000011,66099.6
L49528,L,26.05000000000001,35.25,90.0,1411.0,41.8,28.0,0,0,0,0,0,0,-9.199999999999989,58979.799999999996
M17096,M,26.150000000000034,35.35000000000002,90.0,1474.0,42.8,188.0,0,0,0,0,0,0,-9.199999999999989,63087.2
L54684,L,27.25,38.55000000000001,90.0,1495.0,42.0,174.0,0,0,0,0,0,0,-11.300000000000011,62790.0
L56642,L,25.350000000000023,36.150000000000034,90.0,1471.0,44.9,135.0,0,0,0,0,0,0,-10.800000000000011,66047.9
L49285,L,26.150000000000034,36.05000000000001,90.0,1495.0,49.0,0.0,0,0,0,0,0,0,-9.899999999999977,73255.0
M21809,M,27.55000000000001,38.25,90.0,1708.0,30.2,63.0,0,0,0,0,0,0,-10.699999999999989,51581.6
L54789,L,27.25,38.150000000000034,90.0,1674.0,30.4,45.0,0,0,0,0,0,0,-10.900000000000034,50889.6
L50259,L,26.950000000000045,36.150000000000034,90.0,1719.0,28.9,61.0,0,0,0,0,0,0,-9.199999999999989,49679.1
M16400,M,25.25,35.950000000000045,90.0,1525.0,39.3,100.0,0,0,0,0,0,0,-10.700000000000045,59932.49999999999
L54690,L,27.350000000000023,38.650000000000034,90.0,1524.0,47.3,111.0,1,1,0,0,0,0,-11.300000000000011,72085.2
M24026,M,24.450000000000045,35.450000000000045,90.0,1527.0,53.4,175.0,0,0,0,0,0,0,-11.0,81541.8
L56725,L,26.450000000000045,37.950000000000045,90.0,1818.0,23.7,139.0,0,0,0,0,0,0,-11.5,43086.6
M15682,M,23.450000000000045,34.450000000000045,90.0,1416.0,47.7,152.0,0,0,0,0,0,0,-11.0,67543.2
L55124,L,27.650000000000034,38.55000000000001,90.0,1556.0,38.2,10.0,0,0,0,0,0,0,-10.899999999999977,59439.200000000004
L55521,L,25.650000000000034,36.650000000000034,90.0,1478.0,41.6,160.0,0,0,0,0,0,0,-11.0,61484.8
L55626,L,25.350000000000023,36.85000000000002,90.0,1472.0,41.4,139.0,0,0,0,0,0,0,-11.5,60940.799999999996
M16036,M,24.05000000000001,35.25,90.0,1565.0,34.6,152.0,0,0,0,0,0,0,-11.199999999999989,54149.0
L49140,L,24.650000000000034,34.55000000000001,90.0,1446.0,42.8,105.0,0,0,0,0,0,0,-9.899999999999977,61888.799999999996
L55721,L,25.450000000000045,36.35000000000002,90.0,1425.0,45.4,49.0,0,0,0,0,0,0,-10.899999999999977,64695.0
L56142,L,24.150000000000034,34.75,90.0,1429.0,49.8,80.0,0,0,0,0,0,0,-10.599999999999966,71164.2
M15721,M,22.450000000000045,33.05000000000001,90.0,1444.0,48.7,81.0,0,0,0,0,0,0,-10.599999999999966,70322.8
M15455,M,24.450000000000045,35.85000000000002,90.0,1394.0,50.0,155.0,0,0,0,0,0,0,-11.399999999999977,69700.0
L53640,L,27.450000000000045,36.85000000000002,90.0,1816.0,25.3,93.0,0,0,0,0,0,0,-9.399999999999977,45944.8
L50529,L,28.350000000000023,37.75,90.0,1589.0,34.3,172.0,0,0,0,0,0,0,-9.399999999999977,54502.7
M17737,M,27.350000000000023,36.25,90.0,1779.0,28.3,37.0,0,0,0,0,0,0,-8.899999999999977,50345.700000000004
L55253,L,27.350000000000023,38.85000000000002,90.0,1446.0,43.2,98.0,0,0,0,0,0,0,-11.5,62467.200000000004
L47863,L,24.450000000000045,36.450000000000045,90.0,1619.0,28.8,7.0,0,0,0,0,0,0,-12.0,46627.200000000004
M19740,M,30.650000000000034,39.450000000000045,90.0,1527.0,40.7,159.0,0,0,0,0,0,0,-8.800000000000011,62148.9
L56142,L,24.150000000000034,34.75,90.0,1479.0,40.8,90.0,0,0,0,0,0,0,-10.599999999999966,60343.2
L51408,L,28.950000000000045,37.55000000000001,90.0,1596.0,36.1,171.0,0,0,0,0,0,0,-8.599999999999966,57615.600000000006
L53142,L,27.55000000000001,37.650000000000034,90.0,1472.0,45.5,125.0,0,0,0,0,0,0,-10.100000000000023,66976.0
M23255,M,25.350000000000023,36.35000000000002,90.0,1392.0,44.8,92.0,0,0,0,0,0,0,-11.0,62361.6
L49480,L,26.25,35.450000000000045,90.0,1431.0,48.7,136.0,0,0,0,0,0,0,-9.200000000000045,69689.7
L53033,L,28.150000000000034,37.85000000000002,90.0,1555.0,33.1,64.0,0,0,0,0,0,0,-9.699999999999989,51470.5
M17084,M,26.55000000000001,35.85000000000002,90.0,1609.0,31.0,100.0,0,0,0,0,0,0,-9.300000000000011,49879.0
L51772,L,29.75,37.85000000000002,90.0,1507.0,45.4,96.0,0,0,0,0,0,0,-8.100000000000023,68417.8
M15268,M,24.150000000000034,35.55000000000001,90.0,1605.0,33.6,176.0,0,0,0,0,0,0,-11.399999999999977,53928.0
M21957,M,27.450000000000045,37.05000000000001,90.0,1453.0,42.6,23.0,0,0,0,0,0,0,-9.599999999999966,61897.8
L54312,L,27.350000000000023,36.75,90.0,1723.0,26.4,114.0,0,0,0,0,0,0,-9.399999999999977,45487.2
L49193,L,25.450000000000045,35.25,90.0,1469.0,42.9,38.0,0,0,0,0,0,0,-9.799999999999955,63020.1
L57078,L,25.55000000000001,35.85000000000002,90.0,1513.0,44.8,2.0,0,0,0,0,0,0,-10.300000000000011,67782.4
L55044,L,27.350000000000023,38.75,90.0,1431.0,49.7,33.0,0,0,0,0,0,0,-11.399999999999977,71120.7
L56161,L,23.850000000000023,34.55000000000001,90.0,1502.0,37.0,126.0,0,0,0,0,0,0,-10.699999999999989,55574.0
L49890,L,26.450000000000045,36.05000000000001,90.0,1774.0,23.6,83.0,0,0,0,0,0,0,-9.599999999999966,41866.4
H38752,H,25.25,35.85000000000002,90.0,1725.0,26.0,135.0,0,0,0,0,0,0,-10.600000000000023,44850.0
M17863,M,27.25,36.450000000000045,90.0,1540.0,38.2,143.0,0,0,0,0,0,0,-9.200000000000045,58828.00000000001
L52286,L,30.850000000000023,40.150000000000034,90.0,1413.0,46.5,104.0,0,0,0,0,0,0,-9.300000000000011,65704.5
H33987,H,29.650000000000034,38.450000000000045,90.0,1356.0,54.1,30.0,0,0,0,0,0,0,-8.800000000000011,73359.6
M17684,M,27.25,36.150000000000034,90.0,1578.0,35.0,140.0,0,0,0,0,0,0,-8.900000000000034,55230.0
M15568,M,24.450000000000045,35.650000000000034,90.0,1622.0,37.1,101.0,0,0,0,0,0,0,-11.199999999999989,60176.200000000004
M16308,M,25.850000000000023,37.150000000000034,90.0,1375.0,31.0,70.0,0,0,0,0,0,0,-11.300000000000011,42625.0
L50697,L,28.850000000000023,37.85000000000002,90.0,1550.0,38.5,127.0,0,0,0,0,0,0,-9.0,59675.0
M17878,M,27.350000000000023,36.55000000000001,90.0,1448.0,46.9,141.0,0,0,0,0,0,0,-9.199999999999989,67911.2
L48516,L,25.75,37.150000000000034,90.0,1583.0,36.8,230.0,0,0,0,0,0,0,-11.400000000000034,58254.399999999994
L52555,L,29.55000000000001,39.05000000000001,90.0,1326.0,58.7,171.0,0,0,0,0,0,0,-9.5,77836.2
M23977,M,24.450000000000045,35.55000000000001,90.0,1353.0,48.0,54.0,0,0,0,0,0,0,-11.099999999999966,64944.0
L53249,L,27.75,37.75,90.0,1384.0,44.9,181.0,0,0,0,0,0,0,-10.0,62141.6
M23199,M,25.650000000000034,36.55000000000001,90.0,1499.0,40.3,104.0,0,0,0,0,0,0,-10.899999999999977,60409.7
L49724,L,26.150000000000034,35.85000000000002,90.0,1498.0,37.0,102.0,0,0,0,0,0,0,-9.699999999999989,55426.0
L54368,L,27.25,37.25,90.0,1611.0,56.8,46.0,0,0,0,0,0,0,-10.0,91504.79999999999
L52600,L,29.450000000000045,39.35000000000002,90.0,1512.0,34.2,17.0,0,0,0,0,0,0,-9.899999999999977,51710.4
M18731,M,29.55000000000001,38.650000000000034,90.0,1471.0,40.9,12.0,0,0,0,0,0,0,-9.100000000000023,60163.9
L49814,L,26.850000000000023,36.55000000000001,90.0,1556.0,32.4,117.0,0,0,0,0,0,0,-9.699999999999989,50414.399999999994
L55058,L,27.650000000000034,39.150000000000034,90.0,1452.0,47.9,68.0,0,0,0,0,0,0,-11.5,69550.8
M19191,M,28.450000000000045,36.650000000000034,90.0,1376.0,51.4,131.0,0,0,0,0,0,0,-8.199999999999989,70726.4
L47434,L,24.850000000000023,35.05000000000001,90.0,1497.0,40.8,17.0,0,0,0,0,0,0,-10.199999999999989,61077.6
M20644,M,28.650000000000034,37.950000000000045,90.0,1419.0,41.8,179.0,0,0,0,0,0,0,-9.300000000000011,59314.2
L56129,L,24.25,35.150000000000034,90.0,1487.0,41.2,48.0,0,0,0,0,0,0,-10.900000000000034,61264.4
L48667,L,25.05000000000001,35.950000000000045,90.0,1529.0,38.0,188.0,0,0,0,0,0,0,-10.900000000000034,58102.0
L49858,L,26.650000000000034,36.25,90.0,1456.0,47.9,12.0,0,0,0,0,0,0,-9.599999999999966,69742.4
L48988,L,25.150000000000034,34.55000000000001,90.0,1376.0,47.3,197.0,0,0,0,0,0,0,-9.399999999999977,65084.799999999996
L49407,L,26.350000000000023,35.650000000000034,90.0,1647.0,30.5,164.0,0,0,0,0,0,0,-9.300000000000011,50233.5
H30570,H,23.850000000000023,34.75,90.0,1427.0,45.6,168.0,0,0,0,0,0,0,-10.899999999999977,65071.200000000004
L49095,L,24.850000000000023,34.55000000000001,90.0,1389.0,52.7,202.0,0,0,0,0,0,0,-9.699999999999989,73200.3
L48612,L,25.650000000000034,36.75,90.0,1429.0,42.8,23.0,0,0,0,0,0,0,-11.099999999999966,61161.2
M21853,M,27.55000000000001,37.85000000000002,90.0,1523.0,44.6,59.0,0,0,0,0,0,0,-10.300000000000011,67925.8
M15421,M,24.350000000000023,36.25,90.0,1378.0,53.0,168.0,0,0,0,0,0,0,-11.899999999999977,73034.0
L50240,L,26.950000000000045,36.05000000000001,90.0,1428.0,45.7,86.0,0,0,0,0,0,0,-9.099999999999966,65259.600000000006
L50169,L,27.450000000000045,36.650000000000034,90.0,1502.0,48.2,133.0,0,0,0,0,0,0,-9.199999999999989,72396.40000000001
L54707,L,26.950000000000045,38.150000000000034,90.0,1486.0,46.0,47.0,0,0,0,0,0,0,-11.199999999999989,68356.0
M17181,M,25.950000000000045,34.950000000000045,90.0,1550.0,38.8,204.0,0,0,0,0,0,0,-9.0,60139.99999999999
M20109,M,30.25,39.75,90.0,1596.0,31.4,103.0,0,0,0,0,0,0,-9.5,50114.399999999994
L49571,L,26.05000000000001,35.25,90.0,1242.0,58.2,144.0,0,0,0,0,0,0,-9.199999999999989,72284.40000000001
L55604,L,25.950000000000045,37.450000000000045,90.0,1546.0,37.3,170.0,0,0,0,0,0,0,-11.5,57665.799999999996
L56358,L,24.650000000000034,35.85000000000002,90.0,1518.0,40.9,6.0,0,0,0,0,0,0,-11.199999999999989,62086.2
L53303,L,27.75,36.950000000000045,90.0,1648.0,30.4,100.0,0,0,0,0,0,0,-9.200000000000045,50099.2
L53185,L,27.350000000000023,37.25,90.0,1490.0,41.9,128.0,0,0,0,0,0,0,-9.899999999999977,62431.0
L53890,L,28.25,37.55000000000001,90.0,1336.0,50.9,79.0,0,0,0,0,0,0,-9.300000000000011,68002.4
L49306,L,26.150000000000034,35.85000000000002,90.0,1508.0,40.5,121.0,0,0,0,0,0,0,-9.699999999999989,61074.0
M21594,M,28.450000000000045,37.85000000000002,90.0,1606.0,40.1,139.0,0,0,0,0,0,0,-9.399999999999977,64400.600000000006
H36162,H,27.850000000000023,37.75,90.0,1447.0,40.6,180.0,0,0,0,0,0,0,-9.899999999999977,58748.200000000004
L55863,L,24.450000000000045,35.55000000000001,90.0,1369.0,51.8,78.0,0,0,0,0,0,0,-11.099999999999966,70914.2
L53955,L,28.05000000000001,37.450000000000045,90.0,1469.0,30.0,40.0,0,0,0,0,0,0,-9.400000000000034,44070.0
M22031,M,27.05000000000001,37.05000000000001,90.0,1438.0,51.5,166.0,0,0,0,0,0,0,-10.0,74057.0
L48683,L,25.05000000000001,35.55000000000001,90.0,1671.0,30.8,206.0,0,0,0,0,0,0,-10.5,51466.8
M21697,M,27.950000000000045,38.05000000000001,90.0,1601.0,32.3,114.0,0,0,0,0,0,0,-10.099999999999966,51712.299999999996
L53782,L,28.350000000000023,37.450000000000045,90.0,1355.0,47.7,40.0,0,0,0,0,0,0,-9.100000000000023,64633.50000000001
L55647,L,25.650000000000034,36.650000000000034,90.0,1397.0,42.5,23.0,0,0,0,0,0,0,-11.0,59372.5
L53535,L,26.950000000000045,36.450000000000045,90.0,1606.0,33.5,192.0,0,0,0,0,0,0,-9.5,53801.0
L49013,L,24.650000000000034,34.05000000000001,90.0,1688.0,31.3,186.0,0,0,0,0,0,0,-9.399999999999977,52834.4
M23208,M,25.55000000000001,36.450000000000045,90.0,1452.0,46.3,45.0,0,0,0,0,0,0,-10.900000000000034,67227.59999999999
L52184,L,30.55000000000001,39.650000000000034,90.0,1364.0,53.5,50.0,0,0,0,0,0,0,-9.100000000000023,72974.0
L55776,L,24.350000000000023,34.950000000000045,90.0,1596.0,33.4,189.0,0,0,0,0,0,0,-10.600000000000023,53306.399999999994
L47423,L,24.850000000000023,35.05000000000001,90.0,1442.0,36.7,202.0,0,0,0,0,0,0,-10.199999999999989,52921.4
M21005,M,27.950000000000045,37.950000000000045,90.0,1436.0,41.8,137.0,0,0,0,0,0,0,-10.0,60024.799999999996
L53041,L,28.150000000000034,37.85000000000002,90.0,1554.0,47.7,57.0,0,0,0,0,0,0,-9.699999999999989,74125.8
L54562,L,26.650000000000034,37.25,90.0,1455.0,43.4,105.0,0,0,0,0,0,0,-10.599999999999966,63147.0
M16424,M,24.850000000000023,34.950000000000045,90.0,1378.0,47.3,0.0,0,0,0,0,0,0,-10.100000000000023,65179.399999999994
L48013,L,24.350000000000023,34.25,90.0,1628.0,37.7,175.0,0,0,0,0,0,0,-9.899999999999977,61375.600000000006
L52528,L,30.150000000000034,39.450000000000045,90.0,1758.0,25.8,107.0,0,0,0,0,0,0,-9.300000000000011,45356.4
H29571,H,25.25,35.25,90.0,1708.0,30.8,206.0,0,0,0,0,0,0,-10.0,52606.4
M22929,M,27.350000000000023,38.85000000000002,90.0,1465.0,41.2,98.0,0,0,0,0,0,0,-11.5,60358.00000000001
L55789,L,24.25,35.150000000000034,90.0,1414.0,47.0,51.0,0,0,0,0,0,0,-10.900000000000034,66458.0
M22839,M,27.850000000000023,38.85000000000002,90.0,1492.0,41.3,59.0,0,0,0,0,0,0,-11.0,61619.6
L53255,L,27.850000000000023,37.75,90.0,1663.0,31.0,174.0,0,0,0,0,0,0,-9.899999999999977,51553.0
L54631,L,27.150000000000034,38.450000000000045,90.0,1508.0,43.1,199.0,0,0,0,0,0,0,-11.300000000000011,64994.8
L53265,L,27.75,37.450000000000045,90.0,1481.0,38.2,188.0,0,0,0,0,0,0,-9.700000000000045,56574.200000000004
L50054,L,27.450000000000045,36.450000000000045,90.0,1471.0,49.6,29.0,0,0,0,0,0,0,-9.0,72961.6
L48886,L,24.950000000000045,34.55000000000001,90.0,1430.0,44.8,113.0,0,0,0,0,0,0,-9.599999999999966,64063.99999999999
L47967,L,23.650000000000034,34.950000000000045,90.0,1372.0,45.3,62.0,0,0,0,0,0,0,-11.300000000000011,62151.6
M17459,M,25.950000000000045,35.75,90.0,1436.0,53.0,22.0,0,0,0,0,0,0,-9.799999999999955,76108.0
L50486,L,28.150000000000034,37.450000000000045,90.0,1466.0,46.7,85.0,0,0,0,0,0,0,-9.300000000000011,68462.2
M19249,M,28.850000000000023,36.950000000000045,90.0,1455.0,39.7,5.0,0,0,0,0,0,0,-8.100000000000023,57763.50000000001
M19801,M,30.450000000000045,39.55000000000001,90.0,1332.0,52.0,140.0,0,0,0,0,0,0,-9.099999999999966,69264.0
L54112,L,27.55000000000001,37.950000000000045,90.0,1553.0,33.4,12.0,0,0,0,0,0,0,-10.400000000000034,51870.2
L47784,L,24.75,36.75,90.0,1542.0,43.5,70.0,0,0,0,0,0,0,-12.0,67077.0
L56332,L,24.450000000000045,35.450000000000045,90.0,1539.0,36.4,137.0,0,0,0,0,0,0,-11.0,56019.6
H37370,H,27.350000000000023,38.75,90.0,1433.0,52.9,10.0,0,0,0,0,0,0,-11.399999999999977,75805.7
L53263,L,27.75,37.55000000000001,90.0,1389.0,50.0,139.0,0,0,0,0,0,0,-9.800000000000011,69450.0
M18132,M,28.25,36.85000000000002,90.0,1534.0,38.3,210.0,0,0,0,0,0,0,-8.600000000000023,58752.2
H33674,H,29.55000000000001,37.450000000000045,90.0,1557.0,36.8,0.0,0,0,0,0,0,0,-7.900000000000034,57297.6
L55900,L,24.150000000000034,35.35000000000002,90.0,1554.0,36.1,70.0,0,0,0,0,0,0,-11.199999999999989,56099.4
M22165,M,26.850000000000023,37.35000000000002,90.0,1603.0,35.7,123.0,0,0,0,0,0,0,-10.5,57227.100000000006
L49910,L,26.55000000000001,36.05000000000001,90.0,1542.0,37.7,199.0,0,0,0,0,0,0,-9.5,58133.4
M22318,M,27.05000000000001,38.450000000000045,90.0,1433.0,51.4,76.0,0,0,0,0,0,0,-11.400000000000034,73656.2
L56257,L,24.150000000000034,34.950000000000045,90.0,1662.0,31.2,154.0,0,0,0,0,0,0,-10.800000000000011,51854.4
L47523,L,24.25,35.25,90.0,1398.0,51.2,28.0,0,0,0,0,0,0,-11.0,71577.6
L48973,L,24.950000000000045,34.650000000000034,90.0,1650.0,31.8,76.0,0,0,0,0,0,0,-9.699999999999989,52470.0
L55605,L,25.950000000000045,37.25,90.0,1547.0,35.1,98.0,0,0,0,0,0,0,-11.299999999999955,54299.700000000004
M20689,M,28.05000000000001,37.950000000000045,90.0,1450.0,40.7,17.0,0,0,0,0,0,0,-9.900000000000034,59015.00000000001
L54230,L,27.55000000000001,37.25,90.0,1640.0,31.0,120.0,0,0,0,0,0,0,-9.699999999999989,50840.0
L55605,L,26.05000000000001,37.450000000000045,90.0,1567.0,42.9,172.0,0,0,0,0,0,0,-11.400000000000034,67224.3
L51112,L,29.05000000000001,38.25,90.0,1386.0,50.9,182.0,0,0,0,0,0,0,-9.199999999999989,70547.4
L54658,L,26.950000000000045,38.05000000000001,90.0,1755.0,28.3,42.0,0,0,0,0,0,0,-11.099999999999966,49666.5
L48682,L,24.850000000000023,35.650000000000034,90.0,1462.0,54.5,46.0,0,0,0,0,0,0,-10.800000000000011,79679.0
L56227,L,24.25,35.450000000000045,90.0,1486.0,46.3,110.0,0,0,0,0,0,0,-11.200000000000045,68801.8
M17553,M,26.950000000000045,36.450000000000045,90.0,1532.0,38.1,61.0,0,0,0,0,0,0,-9.5,58369.200000000004
L50983,L,29.05000000000001,37.650000000000034,90.0,1615.0,32.8,59.0,0,0,0,0,0,0,-8.600000000000023,52971.99999999999
M17988,M,26.950000000000045,36.35000000000002,90.0,1511.0,39.8,50.0,0,0,0,0,0,0,-9.399999999999977,60137.799999999996
L55966,L,24.350000000000023,35.35000000000002,90.0,1306.0,57.8,38.0,0,0,0,0,0,0,-11.0,75486.8
L47297,L,25.650000000000034,35.450000000000045,90.0,1599.0,43.1,9.0,0,0,0,0,0,0,-9.800000000000011,68916.90000000001
L56714,L,26.150000000000034,37.450000000000045,90.0,1429.0,47.7,97.0,0,0,0,0,0,0,-11.300000000000011,68163.3
L48490,L,25.75,37.150000000000034,90.0,1616.0,32.3,98.0,0,0,0,0,0,0,-11.400000000000034,52196.799999999996
M19191,M,28.450000000000045,36.650000000000034,90.0,1746.0,31.1,173.0,0,0,0,0,0,0,-8.199999999999989,54300.600000000006
M23124,M,25.950000000000045,37.450000000000045,90.0,1525.0,45.3,165.0,0,0,0,0,0,0,-11.5,69082.5
L55897,L,23.950000000000045,35.55000000000001,90.0,1474.0,42.3,137.0,0,0,0,0,0,0,-11.599999999999966,62350.2
L50227,L,26.950000000000045,36.150000000000034,90.0,1512.0,38.3,51.0,0,0,0,0,0,0,-9.199999999999989,57909.6
L52912,L,28.150000000000034,37.85000000000002,90.0,1564.0,38.7,204.0,0,0,0,0,0,0,-9.699999999999989,60526.8
L52661,L,29.850000000000023,39.450000000000045,90.0,1373.0,51.2,196.0,0,0,0,0,0,0,-9.600000000000023,70297.6
L53940,L,28.350000000000023,37.75,90.0,1422.0,44.3,213.0,0,0,0,0,0,0,-9.399999999999977,62994.6
M24019,M,24.350000000000023,35.450000000000045,90.0,1582.0,29.7,196.0,0,0,0,0,0,0,-11.100000000000023,46985.4
M22193,M,26.650000000000034,37.25,90.0,1436.0,43.6,9.0,0,0,0,0,0,0,-10.599999999999966,62609.6
L48871,L,24.75,34.35000000000002,90.0,1602.0,34.6,179.0,0,0,0,0,0,0,-9.600000000000023,55429.200000000004
L55969,L,24.25,35.35000000000002,90.0,1517.0,39.0,53.0,0,0,0,0,0,0,-11.100000000000023,59163.0
L55125,L,27.650000000000034,38.55000000000001,90.0,1453.0,32.2,173.0,0,0,0,0,0,0,-10.899999999999977,46786.600000000006
L54167,L,27.55000000000001,37.950000000000045,90.0,1492.0,41.0,163.0,0,0,0,0,0,0,-10.400000000000034,61172.0
L55018,L,27.05000000000001,38.450000000000045,90.0,1372.0,49.2,176.0,0,0,0,0,0,0,-11.400000000000034,67502.40000000001
M18662,M,28.950000000000045,37.650000000000034,90.0,1446.0,43.2,57.0,0,0,0,0,0,0,-8.699999999999989,62467.200000000004
L51688,L,29.25,37.25,90.0,1555.0,32.1,202.0,0,0,0,0,0,0,-8.0,49915.5
M16097,M,23.950000000000045,35.35000000000002,90.0,1564.0,39.2,96.0,0,0,0,0,0,0,-11.399999999999977,61308.8
L49781,L,26.55000000000001,36.55000000000001,90.0,1443.0,54.6,29.0,0,0,0,0,0,0,-10.0,78787.8
L55073,L,27.75,39.55000000000001,90.0,1376.0,43.8,112.0,0,0,0,0,0,0,-11.800000000000011,60268.799999999996
L47345,L,25.450000000000045,35.25,90.0,1489.0,40.0,94.0,0,0,0,0,0,0,-9.799999999999955,59560.0
L54848,L,27.450000000000045,38.450000000000045,90.0,1370.0,51.0,187.0,0,0,0,0,0,0,-11.0,69870.0
M15227,M,24.350000000000023,35.25,90.0,1569.0,38.3,93.0,0,0,0,0,0,0,-10.899999999999977,60092.7
L47977,L,23.650000000000034,34.55000000000001,90.0,1664.0,27.3,101.0,0,0,0,0,0,0,-10.899999999999977,45427.200000000004
M16981,M,26.05000000000001,35.650000000000034,90.0,1503.0,40.7,109.0,0,0,0,0,0,0,-9.600000000000023,61172.100000000006
L49451,L,26.05000000000001,35.35000000000002,90.0,1821.0,39.0,91.0,0,0,0,0,0,0,-9.300000000000011,71019.0
L49623,L,25.950000000000045,35.450000000000045,90.0,1431.0,35.0,74.0,0,0,0,0,0,0,-9.5,50085.0
H33389,H,29.05000000000001,38.25,90.0,1540.0,43.7,81.0,0,0,0,0,0,0,-9.199999999999989,67298.0
L50422,L,27.75,36.450000000000045,90.0,1384.0,59.2,131.0,0,0,0,0,0,0,-8.700000000000045,81932.8
L48997,L,24.950000000000045,34.55000000000001,90.0,1364.0,46.6,176.0,0,0,0,0,0,0,-9.599999999999966,63562.4
L56367,L,24.75,35.75,90.0,1579.0,33.2,24.0,0,0,0,0,0,0,-11.0,52422.8
L52999,L,28.25,37.85000000000002,90.0,1641.0,33.1,17.0,0,0,0,0,0,0,-9.600000000000023,54317.100000000006
L56592,L,24.850000000000023,35.35000000000002,90.0,1470.0,44.7,48.0,0,0,0,0,0,0,-10.5,65709.0
L48602,L,25.450000000000045,36.55000000000001,90.0,1430.0,44.8,20.0,0,0,0,0,0,0,-11.099999999999966,64063.99999999999
H33896,H,28.950000000000045,37.75,90.0,1485.0,36.6,28.0,0,0,0,0,0,0,-8.799999999999955,54351.0
M23473,M,24.350000000000023,35.35000000000002,90.0,1671.0,27.7,44.0,0,0,0,0,0,0,-11.0,46286.7
L56674,L,26.05000000000001,36.75,90.0,1526.0,41.4,219.0,0,0,0,0,0,0,-10.699999999999989,63176.4
M18084,M,27.450000000000045,36.35000000000002,90.0,1685.0,33.8,84.0,0,0,0,0,0,0,-8.899999999999977,56952.99999999999
L57110,L,25.150000000000034,35.05000000000001,90.0,1355.0,57.2,127.0,0,0,0,0,0,0,-9.899999999999977,77506.0
L50490,L,28.150000000000034,37.150000000000034,90.0,1445.0,46.2,92.0,0,0,0,0,0,0,-9.0,66759.0
L54248,L,27.650000000000034,37.55000000000001,90.0,1461.0,42.8,158.0,0,0,0,0,0,0,-9.899999999999977,62530.799999999996
M19202,M,28.55000000000001,37.35000000000002,90.0,1685.0,32.2,111.0,0,0,0,0,0,0,-8.800000000000011,54257.00000000001
H36466,H,27.450000000000045,37.25,90.0,1644.0,32.7,0.0,0,0,0,0,0,0,-9.799999999999955,53758.8
L51623,L,29.350000000000023,37.150000000000034,90.0,1638.0,36.0,152.0,0,0,0,0,0,0,-7.800000000000011,58968.0
L51977,L,30.450000000000045,39.35000000000002,90.0,1523.0,39.2,94.0,0,0,0,0,0,0,-8.899999999999977,59701.600000000006
L54248,L,27.55000000000001,37.25,90.0,1498.0,41.7,179.0,0,0,0,0,0,0,-9.699999999999989,62466.600000000006
M21835,M,27.55000000000001,37.85000000000002,90.0,1378.0,46.6,130.0,0,0,0,0,0,0,-10.300000000000011,64214.8
M21829,M,27.450000000000045,37.85000000000002,90.0,1497.0,44.0,109.0,0,0,0,0,0,0,-10.399999999999977,65868.0
L54309,L,27.55000000000001,36.85000000000002,90.0,1398.0,49.0,73.0,0,0,0,0,0,0,-9.300000000000011,68502.0
L56474,L,25.05000000000001,35.85000000000002,90.0,1537.0,38.0,95.0,0,0,0,0,0,0,-10.800000000000011,58406.0
M21151,M,28.05000000000001,37.35000000000002,90.0,1381.0,58.6,61.0,0,0,0,0,0,0,-9.300000000000011,80926.6
L52891,L,29.05000000000001,38.75,90.0,1408.0,50.1,154.0,0,0,0,0,0,0,-9.699999999999989,70540.8
L48266,L,23.850000000000023,34.75,90.0,1442.0,48.0,204.0,0,0,0,0,0,0,-10.899999999999977,69216.0
M16795,M,24.650000000000034,34.25,90.0,1452.0,39.1,43.0,0,0,0,0,0,0,-9.599999999999966,56773.200000000004
M24776,M,25.350000000000023,35.75,90.0,1553.0,44.4,29.0,0,0,0,0,0,0,-10.399999999999977,68953.2
M16375,M,25.05000000000001,35.75,90.0,1479.0,43.7,2.0,0,0,0,0,0,0,-10.699999999999989,64632.3
L50247,L,26.950000000000045,36.05000000000001,90.0,1533.0,37.0,98.0,0,0,0,0,0,0,-9.099999999999966,56721.0
L48366,L,24.150000000000034,35.25,90.0,1559.0,47.8,47.0,0,0,0,0,0,0,-11.099999999999966,74520.2
L55524,L,25.75,36.55000000000001,90.0,1609.0,40.4,169.0,0,0,0,0,0,0,-10.800000000000011,65003.6
L49344,L,26.450000000000045,35.85000000000002,90.0,1567.0,36.1,44.0,0,0,0,0,0,0,-9.399999999999977,56568.700000000004
L51219,L,28.850000000000023,37.650000000000034,90.0,1448.0,45.0,9.0,0,0,0,0,0,0,-8.800000000000011,65160.0
L55778,L,24.450000000000045,35.150000000000034,90.0,1812.0,28.3,193.0,0,0,0,0,0,0,-10.699999999999989,51279.6
L48524,L,25.350000000000023,36.950000000000045,90.0,1809.0,30.5,43.0,0,0,0,0,0,0,-11.600000000000023,55174.5
L56255,L,24.150000000000034,34.950000000000045,90.0,1506.0,45.1,150.0,0,0,0,0,0,0,-10.800000000000011,67920.6
L53060,L,28.450000000000045,37.85000000000002,90.0,1434.0,49.6,129.0,0,0,0,0,0,0,-9.399999999999977,71126.40000000001
L54305,L,27.450000000000045,36.950000000000045,90.0,1261.0,50.2,98.0,0,0,0,0,0,0,-9.5,63302.200000000004
L55230,L,27.05000000000001,38.35000000000002,90.0,1401.0,51.1,50.0,0,0,0,0,0,0,-11.300000000000011,71591.1
H38694,H,25.05000000000001,35.650000000000034,90.0,1567.0,31.6,64.0,0,0,0,0,0,0,-10.600000000000023,49517.200000000004
M23087,M,25.950000000000045,37.25,90.0,1419.0,51.4,35.0,0,0,0,0,0,0,-11.299999999999955,72936.59999999999
L50747,L,28.650000000000034,37.75,90.0,1548.0,37.3,176.0,0,0,0,0,0,0,-9.099999999999966,57740.399999999994
L50341,L,27.25,36.650000000000034,90.0,1314.0,37.2,127.0,0,0,0,0,0,0,-9.400000000000034,48880.8
L55017,L,27.150000000000034,38.05000000000001,90.0,1381.0,44.4,202.0,1,0,0,0,1,0,-10.899999999999977,61316.4
L56317,L,24.55000000000001,35.35000000000002,90.0,1731.0,37.6,104.0,0,0,0,0,0,0,-10.800000000000011,65085.600000000006
M21006,M,27.950000000000045,38.05000000000001,90.0,1470.0,40.6,173.0,0,0,0,0,0,0,-10.099999999999966,59682.0
L53271,L,27.75,37.55000000000001,90.0,1402.0,51.1,179.0,0,0,0,0,0,0,-9.800000000000011,71642.2
L48961,L,25.350000000000023,34.950000000000045,90.0,1662.0,28.6,16.0,0,0,0,0,0,0,-9.600000000000023,47533.200000000004
L56876,L,25.75,36.75,90.0,1716.0,30.8,62.0,0,0,0,0,0,0,-11.0,52852.8
L49273,L,26.25,36.150000000000034,90.0,1564.0,39.0,26.0,0,0,0,0,0,0,-9.900000000000034,60996.0
L50079,L,27.450000000000045,36.25,90.0,1738.0,24.4,94.0,0,0,0,0,0,0,-8.799999999999955,42407.2
L50597,L,28.25,37.55000000000001,90.0,1621.0,39.4,171.0,0,0,0,0,0,0,-9.300000000000011,63867.399999999994
L49948,L,26.850000000000023,36.35000000000002,90.0,1712.0,30.1,11.0,0,0,0,0,0,0,-9.5,51531.200000000004
L50594,L,28.450000000000045,37.450000000000045,90.0,1717.0,30.6,107.0,0,0,0,0,0,0,-9.0,52540.200000000004
L49718,L,25.950000000000045,35.650000000000034,90.0,1633.0,34.3,81.0,0,0,0,0,0,0,-9.699999999999989,56011.899999999994
L52706,L,29.350000000000023,38.75,90.0,1520.0,44.9,2.0,0,0,0,0,0,0,-9.399999999999977,68248.0
L47786,L,24.75,36.650000000000034,90.0,1635.0,33.5,38.0,0,0,0,0,0,0,-11.900000000000034,54772.5
L49855,L,26.650000000000034,36.25,90.0,1479.0,41.4,17.0,0,0,0,0,0,0,-9.599999999999966,61230.6
L51970,L,30.650000000000034,39.650000000000034,90.0,1410.0,47.7,161.0,0,0,0,0,0,0,-9.0,67257.0
L49840,L,26.650000000000034,36.150000000000034,90.0,1494.0,42.5,188.0,0,0,0,0,0,0,-9.5,63495.0
H35717,H,28.05000000000001,37.450000000000045,90.0,1606.0,50.5,114.0,0,0,0,0,0,0,-9.400000000000034,81103.0
M18671,M,28.950000000000045,37.55000000000001,90.0,1466.0,45.1,0.0,0,0,0,0,0,0,-8.599999999999966,66116.6
L56307,L,24.25,35.25,90.0,1462.0,53.8,81.0,0,0,0,0,0,0,-11.0,78655.59999999999
L54140,L,27.55000000000001,37.85000000000002,90.0,1621.0,34.0,133.0,0,0,0,0,0,0,-10.300000000000011,55114.0
L56922,L,25.75,37.05000000000001,90.0,1555.0,37.2,174.0,0,0,0,0,0,0,-11.300000000000011,57846.00000000001
L53076,L,27.950000000000045,37.650000000000034,90.0,1441.0,43.0,169.0,0,0,0,0,0,0,-9.699999999999989,61963.0
L55863,L,24.05000000000001,35.35000000000002,90.0,1447.0,44.2,188.0,0,0,0,0,0,0,-11.300000000000011,63957.4
L56182,L,24.05000000000001,34.85000000000002,90.0,1498.0,42.1,7.0,0,0,0,0,0,0,-10.800000000000011,63065.8
M19585,M,30.25,38.650000000000034,90.0,1469.0,45.7,212.0,0,0,0,0,0,0,-8.400000000000034,67133.3
L51268,L,28.75,37.35000000000002,90.0,1577.0,35.6,128.0,0,0,0,0,0,0,-8.600000000000023,56141.200000000004
M21254,M,27.05000000000001,36.55000000000001,90.0,1408.0,44.0,136.0,0,0,0,0,0,0,-9.5,61952.0
L49700,L,25.650000000000034,35.450000000000045,90.0,1535.0,36.6,40.0,0,0,0,0,0,0,-9.800000000000011,56181.0
L48488,L,25.650000000000034,36.85000000000002,90.0,1667.0,30.3,156.0,0,0,0,0,0,0,-11.199999999999989,50510.1
H31859,H,26.05000000000001,35.650000000000034,90.0,1432.0,44.2,33.0,0,0,0,0,0,0,-9.600000000000023,63294.4
L53866,L,28.55000000000001,37.75,90.0,1715.0,24.3,91.0,0,0,0,0,0,0,-9.199999999999989,41674.5
L54820,L,27.25,38.25,90.0,1542.0,35.1,34.0,0,0,0,0,0,0,-11.0,54124.200000000004
L53256,L,27.850000000000023,37.75,90.0,1492.0,36.5,61.0,0,0,0,0,0,0,-9.899999999999977,54458.0
L51337,L,29.05000000000001,37.35000000000002,90.0,1330.0,54.6,9.0,1,0,1,0,0,0,-8.300000000000011,72618.0
M16675,M,24.950000000000045,34.55000000000001,90.0,1465.0,50.4,140.0,0,0,0,0,0,0,-9.599999999999966,73836.0
M15656,M,23.75,34.75,90.0,1541.0,34.9,80.0,0,0,0,0,0,0,-11.0,53780.899999999994
L47586,L,24.25,35.25,90.0,1703.0,28.4,130.0,0,0,0,0,0,0,-11.0,48365.2
M20883,M,27.55000000000001,37.650000000000034,90.0,1369.0,46.3,94.0,0,0,0,0,0,0,-10.100000000000023,63384.7
L52603,L,29.55000000000001,39.150000000000034,90.0,1453.0,43.4,52.0,0,0,0,0,0,0,-9.600000000000023,63060.2
L50179,L,27.350000000000023,36.650000000000034,90.0,1395.0,61.0,157.0,0,0,0,0,0,0,-9.300000000000011,85095.0
L56490,L,25.150000000000034,36.25,90.0,1554.0,41.2,141.0,0,0,0,0,0,0,-11.099999999999966,64024.8
L47271,L,24.950000000000045,35.650000000000034,90.0,1616.0,34.2,58.0,0,0,0,0,0,0,-10.699999999999989,55267.200000000004
L52566,L,29.650000000000034,39.05000000000001,90.0,1501.0,37.0,214.0,0,0,0,0,0,0,-9.399999999999977,55537.0
L50705,L,28.650000000000034,37.650000000000034,90.0,1469.0,44.1,199.0,0,0,0,0,0,0,-9.0,64782.9
H39210,H,25.25,36.150000000000034,90.0,1412.0,30.9,111.0,0,0,0,0,0,0,-10.900000000000034,43630.799999999996
L53963,L,28.05000000000001,37.650000000000034,90.0,1453.0,39.9,176.0,0,0,0,0,0,0,-9.600000000000023,57974.7
L52792,L,29.850000000000023,39.150000000000034,90.0,1486.0,42.4,148.0,0,0,0,0,0,0,-9.300000000000011,63006.4
M21610,M,28.55000000000001,37.85000000000002,90.0,1755.0,26.1,190.0,0,0,0,0,0,0,-9.300000000000011,45805.5
L53636,L,27.55000000000001,37.05000000000001,90.0,1642.0,32.6,146.0,0,0,0,0,0,0,-9.5,53529.200000000004
L55319,L,26.350000000000023,37.650000000000034,90.0,1524.0,37.1,74.0,0,0,0,0,0,0,-11.300000000000011,56540.4
L48621,L,25.650000000000034,36.75,90.0,1601.0,35.7,53.0,0,0,0,0,0,0,-11.099999999999966,57155.700000000004
H34298,H,29.75,39.55000000000001,90.0,1297.0,62.3,183.0,0,0,0,0,0,0,-9.800000000000011,80803.09999999999
L53937,L,28.650000000000034,37.55000000000001,90.0,1822.0,26.2,204.0,0,0,0,0,0,0,-8.899999999999977,47736.4
L52723,L,29.25,38.650000000000034,90.0,1453.0,40.7,74.0,0,0,0,0,0,0,-9.400000000000034,59137.100000000006
M16078,M,23.75,34.650000000000034,90.0,1663.0,28.5,7.0,0,0,0,0,0,0,-10.900000000000034,47395.5
M18584,M,29.150000000000034,37.950000000000045,90.0,1460.0,43.5,74.0,0,0,0,0,0,0,-8.800000000000011,63510.0
L55304,L,27.05000000000001,38.25,90.0,1568.0,31.4,32.0,0,0,0,0,0,0,-11.199999999999989,49235.2
L50810,L,29.150000000000034,38.35000000000002,90.0,1634.0,31.6,45.0,0,0,0,0,0,0,-9.199999999999989,51634.4
L50830,L,28.950000000000045,38.150000000000034,90.0,1642.0,30.9,148.0,0,0,0,0,0,0,-9.199999999999989,50737.799999999996
L48799,L,24.75,34.650000000000034,90.0,1490.0,42.8,114.0,0,0,0,0,0,0,-9.900000000000034,63771.99999999999
L49671,L,25.850000000000023,35.450000000000045,90.0,1564.0,37.2,59.0,0,0,0,0,0,0,-9.600000000000023,58180.8
L55983,L,24.25,35.450000000000045,90.0,1486.0,38.1,60.0,0,0,0,0,0,0,-11.200000000000045,56616.6
L56205,L,24.25,35.25,90.0,1478.0,38.2,153.0,0,0,0,0,0,0,-11.0,56459.600000000006
H31096,H,24.75,34.25,90.0,1604.0,36.1,225.0,0,0,0,0,0,0,-9.5,57904.4
L56317,L,24.55000000000001,35.55000000000001,90.0,1462.0,39.4,96.0,0,0,0,0,0,0,-11.0,57602.799999999996
M20689,M,28.05000000000001,37.950000000000045,90.0,1574.0,44.5,4.0,0,0,0,0,0,0,-9.900000000000034,70043.0
L51278,L,28.850000000000023,37.150000000000034,90.0,1648.0,45.5,49.0,0,0,0,0,0,0,-8.300000000000011,74984.0
M18666,M,29.150000000000034,37.75,90.0,1609.0,36.7,66.0,0,0,0,0,0,0,-8.599999999999966,59050.3
L54630,L,27.150000000000034,38.25,90.0,1571.0,34.3,55.0,0,0,0,0,0,0,-11.099999999999966,53885.299999999996
L54107,L,27.950000000000045,37.950000000000045,90.0,1472.0,40.2,5.0,0,0,0,0,0,0,-10.0,59174.4
L54533,L,26.650000000000034,37.150000000000034,90.0,1491.0,42.9,33.0,0,0,0,0,0,0,-10.5,63963.9
M24336,M,25.650000000000034,36.450000000000045,90.0,1692.0,31.9,139.0,0,0,0,0,0,0,-10.800000000000011,53974.799999999996
L55234,L,27.25,38.650000000000034,90.0,1405.0,47.7,143.0,0,0,0,0,0,0,-11.400000000000034,67018.5
L50489,L,28.150000000000034,37.25,90.0,1385.0,52.4,92.0,0,0,0,0,0,0,-9.099999999999966,72574.0
L55006,L,26.650000000000034,37.950000000000045,90.0,1300.0,35.0,165.0,0,0,0,0,0,0,-11.300000000000011,45500.0
L47391,L,25.350000000000023,35.450000000000045,90.0,1575.0,40.4,128.0,0,0,0,0,0,0,-10.100000000000023,63630.0
M22363,M,27.150000000000034,38.450000000000045,90.0,1467.0,45.3,149.0,0,0,0,0,0,0,-11.300000000000011,66455.09999999999
L47809,L,25.150000000000034,36.950000000000045,90.0,1444.0,45.2,92.0,0,0,0,0,0,0,-11.800000000000011,65268.8
H35945,H,28.05000000000001,37.450000000000045,90.0,1429.0,44.4,53.0,0,0,0,0,0,0,-9.400000000000034,63447.6
L49371,L,26.450000000000045,36.05000000000001,90.0,1589.0,32.8,0.0,0,0,0,0,0,0,-9.599999999999966,52119.2
M19947,M,30.850000000000023,39.85000000000002,90.0,1514.0,40.2,66.0,0,0,0,0,0,0,-9.0,60862.8
L48429,L,24.150000000000034,35.55000000000001,90.0,1620.0,31.6,216.0,0,0,0,0,0,0,-11.399999999999977,51192.0
L53137,L,27.55000000000001,37.650000000000034,90.0,1463.0,44.0,115.0,0,0,0,0,0,0,-10.100000000000023,64372.0
L50967,L,29.150000000000034,37.75,90.0,1555.0,37.5,22.0,0,0,0,0,0,0,-8.599999999999966,58312.5
L56226,L,24.25,35.25,90.0,1348.0,49.6,65.0,0,0,0,0,0,0,-11.0,66860.8
L53193,L,27.55000000000001,37.650000000000034,90.0,1546.0,30.5,38.0,0,0,0,0,0,0,-10.100000000000023,47153.0
L47821,L,24.75,36.35000000000002,90.0,1390.0,47.7,127.0,0,0,0,0,0,0,-11.600000000000023,66303.0
L56448,L,25.05000000000001,35.650000000000034,90.0,1385.0,45.9,139.0,0,0,0,0,0,0,-10.600000000000023,63571.5
L48524,L,25.650000000000034,36.950000000000045,90.0,1343.0,54.9,20.0,0,0,0,0,0,0,-11.300000000000011,73730.7
M18355,M,28.75,37.85000000000002,90.0,1602.0,37.3,121.0,0,0,0,0,0,0,-9.100000000000023,59754.6
L54297,L,27.75,37.35000000000002,90.0,1540.0,40.1,79.0,0,0,0,0,0,0,-9.600000000000023,61754.0
L52597,L,29.450000000000045,39.150000000000034,90.0,1532.0,45.8,32.0,0,0,0,0,0,0,-9.699999999999989,70165.59999999999
L54338,L,27.25,37.25,90.0,1429.0,53.6,59.0,0,0,0,0,0,0,-10.0,76594.40000000001
M19068,M,29.150000000000034,37.75,90.0,1609.0,32.3,0.0,0,0,0,0,0,0,-8.599999999999966,51970.7
L47320,L,25.650000000000034,35.25,90.0,1511.0,36.1,157.0,0,0,0,0,0,0,-9.599999999999966,54547.1
L48490,L,25.75,36.950000000000045,90.0,1587.0,37.4,130.0,0,0,0,0,0,0,-11.200000000000045,59353.799999999996
L55927,L,24.150000000000034,35.35000000000002,90.0,1683.0,29.5,142.0,0,0,0,0,0,0,-11.199999999999989,49648.5
L54847,L,27.350000000000023,38.55000000000001,90.0,1530.0,43.9,137.0,0,0,0,0,0,0,-11.199999999999989,67167.0
L56243,L,24.05000000000001,35.150000000000034,90.0,1419.0,44.3,28.0,0,0,0,0,0,0,-11.100000000000023,62861.7
L52563,L,29.650000000000034,39.150000000000034,90.0,1549.0,36.5,198.0,0,0,0,0,0,0,-9.5,56538.5
L50166,L,27.450000000000045,36.450000000000045,90.0,1455.0,48.0,119.0,0,0,0,0,0,0,-9.0,69840.0
L55562,L,25.75,36.85000000000002,90.0,1719.0,27.3,51.0,0,0,0,0,0,0,-11.100000000000023,46928.700000000004
L52990,L,28.150000000000034,37.85000000000002,90.0,1335.0,55.0,189.0,0,0,0,0,0,0,-9.699999999999989,73425.0
H36051,H,28.350000000000023,37.450000000000045,90.0,1453.0,40.5,2.0,0,0,0,0,0,0,-9.100000000000023,58846.5
L47766,L,24.450000000000045,36.450000000000045,90.0,1531.0,42.7,98.0,0,0,0,0,0,0,-12.0,65373.700000000004
L53593,L,27.25,36.950000000000045,90.0,1589.0,33.5,146.0,0,0,0,0,0,0,-9.700000000000045,53231.5
H35511,H,27.75,37.650000000000034,90.0,1434.0,42.5,31.0,0,0,0,0,0,0,-9.900000000000034,60945.0
M23194,M,25.55000000000001,36.650000000000034,90.0,1433.0,47.3,76.0,0,0,0,0,0,0,-11.100000000000023,67780.9
L53258,L,27.650000000000034,37.55000000000001,90.0,1461.0,43.5,199.0,0,0,0,0,0,0,-9.899999999999977,63553.5
L56714,L,26.150000000000034,37.450000000000045,90.0,1571.0,35.1,195.0,0,0,0,0,0,0,-11.300000000000011,55142.100000000006
M17851,M,27.55000000000001,36.55000000000001,90.0,1688.0,32.7,137.0,0,0,0,0,0,0,-9.0,55197.600000000006
L49690,L,25.950000000000045,35.85000000000002,90.0,1412.0,53.6,18.0,0,0,0,0,0,0,-9.899999999999977,75683.2
M23970,M,24.450000000000045,35.35000000000002,90.0,1616.0,32.2,29.0,0,0,0,0,0,0,-10.899999999999977,52035.200000000004
L54716,L,26.850000000000023,38.05000000000001,90.0,1493.0,41.2,60.0,0,0,0,0,0,0,-11.199999999999989,61511.600000000006
L47962,L,23.650000000000034,34.75,90.0,1419.0,48.7,48.0,0,0,0,0,0,0,-11.099999999999966,69105.3
L48345,L,23.850000000000023,34.950000000000045,90.0,1487.0,34.6,208.0,0,0,0,0,0,0,-11.100000000000023,51450.200000000004
H39297,H,25.650000000000034,36.650000000000034,90.0,1654.0,34.3,126.0,0,0,0,0,0,0,-11.0,56732.2
M18132,M,28.150000000000034,36.85000000000002,90.0,1593.0,36.0,210.0,0,0,0,0,0,0,-8.699999999999989,57348.0
L48366,L,24.150000000000034,35.25,90.0,1379.0,47.7,31.0,0,0,0,0,0,0,-11.099999999999966,65778.3
H36867,H,27.25,38.55000000000001,90.0,1525.0,47.7,142.0,0,0,0,0,0,0,-11.300000000000011,72742.5
L48025,L,23.150000000000034,34.150000000000034,90.0,1416.0,47.5,208.0,0,0,0,0,0,0,-11.0,67260.0
M16969,M,26.150000000000034,35.85000000000002,90.0,1511.0,35.8,71.0,0,0,0,0,0,0,-9.699999999999989,54093.799999999996
L54586,L,26.55000000000001,37.25,90.0,1604.0,33.7,160.0,0,0,0,0,0,0,-10.699999999999989,54054.8
L49789,L,26.25,35.85000000000002,90.0,1627.0,34.5,48.0,0,0,0,0,0,0,-9.600000000000023,56131.5
L53297,L,27.650000000000034,37.85000000000002,90.0,1578.0,44.4,33.0,0,0,0,0,0,0,-10.199999999999989,70063.2
M20391,M,29.25,38.55000000000001,90.0,1463.0,44.0,0.0,0,0,0,0,0,0,-9.300000000000011,64372.0
H30402,H,23.05000000000001,33.650000000000034,90.0,1645.0,32.2,154.0,0,0,0,0,0,0,-10.600000000000023,52969.00000000001
M20387,M,29.350000000000023,38.75,90.0,1617.0,31.6,96.0,0,0,0,0,0,0,-9.399999999999977,51097.200000000004
L48323,L,23.75,34.75,90.0,1541.0,39.4,149.0,0,0,0,0,0,0,-11.0,60715.399999999994
L53889,L,28.25,37.55000000000001,90.0,1448.0,43.7,83.0,0,0,0,0,0,0,-9.300000000000011,63277.600000000006
L57026,L,25.350000000000023,36.150000000000034,90.0,1527.0,36.8,24.0,0,0,0,0,0,0,-10.800000000000011,56193.6
M23254,M,25.650000000000034,36.75,90.0,1376.0,55.4,49.0,0,0,0,0,0,0,-11.099999999999966,76230.4
M24312,M,24.950000000000045,35.55000000000001,90.0,1422.0,51.0,0.0,0,0,0,0,0,0,-10.599999999999966,72522.0
L56777,L,25.75,36.950000000000045,90.0,1510.0,38.0,59.0,0,0,0,0,0,0,-11.200000000000045,57380.0
L51681,L,29.25,37.05000000000001,90.0,1307.0,39.6,5.0,0,0,0,0,0,0,-7.800000000000011,51757.200000000004
M23563,M,24.150000000000034,34.85000000000002,90.0,1488.0,43.4,59.0,0,0,0,0,0,0,-10.699999999999989,64579.2
L50572,L,28.350000000000023,37.450000000000045,90.0,1408.0,47.3,79.0,0,0,0,0,0,0,-9.100000000000023,66598.4
L53014,L,28.05000000000001,38.150000000000034,90.0,1418.0,49.3,62.0,0,0,0,0,0,0,-10.100000000000023,69907.4
L56584,L,24.55000000000001,35.55000000000001,90.0,1412.0,50.6,177.0,0,0,0,0,0,0,-11.0,71447.2
L55256,L,27.150000000000034,38.650000000000034,90.0,1571.0,31.2,119.0,0,0,0,0,0,0,-11.5,49015.2
L51675,L,29.450000000000045,37.25,90.0,1479.0,57.2,67.0,0,0,0,0,0,0,-7.7999999999999545,84598.8
L50854,L,28.950000000000045,38.35000000000002,90.0,1504.0,37.7,157.0,0,0,0,0,0,0,-9.399999999999977,56700.8
L55013,L,26.850000000000023,38.25,90.0,1604.0,38.7,18.0,0,0,0,0,0,0,-11.399999999999977,62074.8
L53372,L,27.850000000000023,37.75,90.0,1427.0,45.4,0.0,0,0,0,0,0,0,-9.899999999999977,64785.799999999996
L49863,L,26.650000000000034,36.35000000000002,90.0,1395.0,48.5,23.0,0,0,0,0,0,0,-9.699999999999989,67657.5
M21932,M,27.55000000000001,37.35000000000002,90.0,1439.0,41.7,184.0,0,0,0,0,0,0,-9.800000000000011,60006.3
M20197,M,30.150000000000034,39.450000000000045,90.0,1482.0,46.4,73.0,0,0,0,0,0,0,-9.300000000000011,68764.8
L49237,L,26.350000000000023,36.25,90.0,1480.0,38.2,12.0,0,0,0,0,0,0,-9.899999999999977,56536.00000000001
L56345,L,24.450000000000045,35.55000000000001,90.0,1681.0,28.9,0.0,0,0,0,0,0,0,-11.099999999999966,48580.899999999994
L54121,L,27.650000000000034,38.25,90.0,1316.0,47.7,48.0,0,0,0,0,0,0,-10.599999999999966,62773.200000000004
M19751,M,30.55000000000001,39.150000000000034,90.0,1525.0,43.9,203.0,0,0,0,0,0,0,-8.600000000000023,66947.5
L56949,L,25.55000000000001,36.650000000000034,90.0,1608.0,33.7,25.0,0,0,0,0,0,0,-11.100000000000023,54189.600000000006
L56469,L,25.05000000000001,35.85000000000002,90.0,1589.0,34.1,81.0,0,0,0,0,0,0,-10.800000000000011,54184.9
L48808,L,24.75,34.650000000000034,90.0,1451.0,27.5,80.0,0,0,0,0,0,0,-9.900000000000034,39902.5
M17255,M,25.950000000000045,35.35000000000002,90.0,1329.0,48.5,150.0,0,0,0,0,0,0,-9.399999999999977,64456.5
M21927,M,27.450000000000045,37.25,90.0,1386.0,42.1,121.0,0,0,0,0,0,0,-9.799999999999955,58350.6
L55411,L,25.950000000000045,37.150000000000034,90.0,1450.0,48.8,86.0,0,0,0,0,0,0,-11.199999999999989,70760.0
M17473,M,26.150000000000034,36.35000000000002,90.0,1571.0,43.7,64.0,0,0,0,0,0,0,-10.199999999999989,68652.70000000001
L52007,L,30.150000000000034,38.650000000000034,90.0,1707.0,29.0,210.0,0,0,0,0,0,0,-8.5,49503.0
L50505,L,28.350000000000023,37.35000000000002,90.0,1408.0,45.5,156.0,0,0,0,0,0,0,-9.0,64064.0
L47476,L,24.950000000000045,35.05000000000001,90.0,1732.0,28.9,64.0,0,0,0,0,0,0,-10.099999999999966,50054.799999999996
M19651,M,30.55000000000001,39.450000000000045,90.0,1584.0,35.9,94.0,0,0,0,0,0,0,-8.900000000000034,56865.6
H36467,H,27.55000000000001,37.35000000000002,90.0,1378.0,38.7,129.0,0,0,0,0,0,0,-9.800000000000011,53328.600000000006
L47955,L,23.55000000000001,34.650000000000034,90.0,1353.0,46.0,33.0,0,0,0,0,0,0,-11.100000000000023,62238.0
L49558,L,25.950000000000045,35.35000000000002,90.0,1348.0,47.2,110.0,0,0,0,0,0,0,-9.399999999999977,63625.600000000006
L52957,L,28.450000000000045,37.950000000000045,90.0,1395.0,52.1,106.0,0,0,0,0,0,0,-9.5,72679.5
L54928,L,27.25,38.55000000000001,90.0,1496.0,37.3,168.0,0,0,0,0,0,0,-11.300000000000011,55800.799999999996
L47407,L,25.150000000000034,35.35000000000002,90.0,1439.0,46.2,168.0,0,0,0,0,0,0,-10.199999999999989,66481.8
L48364,L,24.150000000000034,35.35000000000002,90.0,1426.0,47.5,27.0,0,0,0,0,0,0,-11.199999999999989,67735.0
M17717,M,27.25,36.150000000000034,90.0,1710.0,27.1,228.0,0,0,0,0,0,0,-8.900000000000034,46341.0
L50117,L,27.55000000000001,36.450000000000045,90.0,1391.0,51.3,2.0,0,0,0,0,0,0,-8.900000000000034,71358.3
M20954,M,27.75,37.650000000000034,90.0,1387.0,48.1,171.0,0,0,0,0,0,0,-9.900000000000034,66714.7
L53782,L,28.350000000000023,37.450000000000045,90.0,1364.0,49.7,32.0,0,0,0,0,0,0,-9.100000000000023,67790.8
M17286,M,25.75,35.05000000000001,90.0,1587.0,37.1,28.0,0,0,0,0,0,0,-9.300000000000011,58877.700000000004
L53556,L,26.850000000000023,36.450000000000045,90.0,1479.0,45.7,54.0,0,0,0,0,0,0,-9.600000000000023,67590.3
L53768,L,28.450000000000045,37.55000000000001,90.0,1413.0,48.0,213.0,0,0,0,0,0,0,-9.099999999999966,67824.0
L54265,L,27.450000000000045,37.25,90.0,1484.0,47.0,0.0,0,0,0,0,0,0,-9.799999999999955,69748.0
L48453,L,24.950000000000045,35.35000000000002,90.0,1506.0,46.4,63.0,0,0,0,0,0,0,-10.399999999999977,69878.4
M20918,M,27.650000000000034,37.75,90.0,1723.0,27.2,153.0,0,0,0,0,0,0,-10.099999999999966,46865.6
L53562,L,27.05000000000001,36.650000000000034,90.0,1481.0,45.4,106.0,0,0,0,0,0,0,-9.600000000000023,67237.4
L54824,L,27.25,38.25,90.0,1694.0,29.6,127.0,0,0,0,0,0,0,-11.0,50142.4
L56615,L,24.850000000000023,35.55000000000001,90.0,1484.0,46.0,181.0,0,0,0,0,0,0,-10.699999999999989,68264.0
L55685,L,25.25,36.55000000000001,90.0,1564.0,35.3,161.0,0,0,0,0,0,0,-11.300000000000011,55209.2
L54855,L,27.350000000000023,38.55000000000001,90.0,1447.0,38.3,204.0,0,0,0,0,0,0,-11.199999999999989,55420.1
L48345,L,23.950000000000045,34.950000000000045,90.0,1487.0,34.6,9.0,0,0,0,0,0,0,-11.0,51450.200000000004
L51738,L,29.55000000000001,37.55000000000001,90.0,1417.0,47.5,156.0,0,0,0,0,0,0,-8.0,67307.5
H35389,H,27.350000000000023,37.650000000000034,90.0,1654.0,28.6,161.0,0,0,0,0,0,0,-10.300000000000011,47304.4
M15822,M,25.05000000000001,34.75,90.0,1596.0,32.7,143.0,0,0,0,0,0,0,-9.699999999999989,52189.200000000004
M21147,M,27.75,37.450000000000045,90.0,1389.0,46.7,129.0,0,0,0,0,0,0,-9.700000000000045,64866.3
L49211,L,25.650000000000034,35.450000000000045,90.0,1429.0,52.5,35.0,0,0,0,0,0,0,-9.800000000000011,75022.5
L52998,L,28.150000000000034,37.75,90.0,1492.0,45.6,175.0,0,0,0,0,0,0,-9.599999999999966,68035.2
M23193,M,25.55000000000001,36.55000000000001,90.0,1393.0,46.3,119.0,0,0,0,0,0,0,-11.0,64495.899999999994
L54562,L,26.55000000000001,37.25,90.0,1698.0,31.6,103.0,0,0,0,0,0,0,-10.699999999999989,53656.8
L49891,L,26.350000000000023,35.950000000000045,90.0,1433.0,51.4,87.0,0,0,0,0,0,0,-9.600000000000023,73656.2
L47434,L,24.850000000000023,35.150000000000034,90.0,1550.0,38.4,103.0,0,0,0,0,0,0,-10.300000000000011,59520.0
L52681,L,29.55000000000001,38.950000000000045,90.0,1363.0,53.5,33.0,0,0,0,0,0,0,-9.400000000000034,72920.5
M24019,M,24.350000000000023,35.55000000000001,90.0,1288.0,62.4,64.0,0,0,0,0,0,0,-11.199999999999989,80371.2
L56697,L,25.75,36.950000000000045,90.0,1539.0,39.1,53.0,0,0,0,0,0,0,-11.200000000000045,60174.9
L48987,L,24.950000000000045,34.55000000000001,90.0,1654.0,39.4,123.0,0,0,0,0,0,0,-9.599999999999966,65167.6
L55237,L,27.05000000000001,38.35000000000002,90.0,1433.0,50.2,138.0,0,0,0,0,0,0,-11.300000000000011,71936.6
M23593,M,24.05000000000001,35.55000000000001,90.0,1487.0,40.7,119.0,0,0,0,0,0,0,-11.5,60520.9
L55912,L,24.25,35.450000000000045,90.0,1431.0,43.0,103.0,0,0,0,0,0,0,-11.200000000000045,61533.0
M19221,M,29.450000000000045,37.35000000000002,90.0,1551.0,38.8,199.0,0,0,0,0,0,0,-7.899999999999977,60178.799999999996
M19704,M,30.25,38.75,90.0,1298.0,61.0,59.0,1,0,1,0,0,0,-8.5,79178.0
L53408,L,28.05000000000001,37.75,90.0,1413.0,47.3,141.0,0,0,0,0,0,0,-9.699999999999989,66834.9
M24370,M,26.05000000000001,37.35000000000002,90.0,1504.0,36.2,37.0,0,0,0,0,0,0,-11.300000000000011,54444.8
L55076,L,27.650000000000034,39.450000000000045,90.0,1545.0,32.4,119.0,0,0,0,0,0,0,-11.800000000000011,50058.0
L49124,L,24.950000000000045,34.85000000000002,90.0,1447.0,43.5,146.0,0,0,0,0,0,0,-9.899999999999977,62944.5
M18728,M,29.55000000000001,38.55000000000001,90.0,1759.0,29.9,146.0,0,0,0,0,0,0,-9.0,52594.1
L53625,L,27.55000000000001,37.05000000000001,90.0,1662.0,37.6,57.0,0,0,0,0,0,0,-9.5,62491.200000000004
L55742,L,24.950000000000045,35.75,90.0,1491.0,42.4,199.0,0,0,0,0,0,0,-10.799999999999955,63218.4
L55258,L,27.150000000000034,38.55000000000001,90.0,1341.0,31.2,123.0,0,0,0,0,0,0,-11.399999999999977,41839.2
H32714,H,28.150000000000034,37.450000000000045,90.0,1538.0,46.5,65.0,0,0,0,0,0,0,-9.300000000000011,71517.0
M19871,M,30.650000000000034,39.75,90.0,1634.0,33.8,63.0,0,0,0,0,0,0,-9.099999999999966,55229.2
L49719,L,25.950000000000045,35.450000000000045,90.0,1629.0,34.6,7.0,0,0,0,0,0,0,-9.5,56363.4
L54886,L,27.350000000000023,38.35000000000002,90.0,1708.0,37.9,57.0,0,0,0,0,0,0,-11.0,64733.2
L57022,L,25.150000000000034,35.85000000000002,90.0,1488.0,38.9,27.0,0,0,0,0,0,0,-10.699999999999989,57883.2
L49344,L,26.450000000000045,35.950000000000045,90.0,1642.0,36.7,221.0,0,0,0,0,0,0,-9.5,60261.4
L53427,L,27.850000000000023,37.05000000000001,90.0,1492.0,46.3,17.0,0,0,0,0,0,0,-9.199999999999989,69079.59999999999
L47574,L,24.350000000000023,35.35000000000002,90.0,1472.0,44.7,2.0,0,0,0,0,0,0,-11.0,65798.40000000001
H34790,H,29.75,39.25,90.0,1539.0,36.8,17.0,0,0,0,0,0,0,-9.5,56635.2
L53204,L,27.55000000000001,37.75,90.0,1521.0,34.3,66.0,0,0,0,0,0,0,-10.199999999999989,52170.299999999996
M24082,M,24.75,35.950000000000045,90.0,1425.0,47.7,113.0,0,0,0,0,0,0,-11.200000000000045,67972.5
L50195,L,27.25,36.650000000000034,90.0,1533.0,38.8,177.0,0,0,0,0,0,0,-9.400000000000034,59480.399999999994
H34790,H,29.650000000000034,39.150000000000034,90.0,1336.0,57.0,64.0,0,0,0,0,0,0,-9.5,76152.0
L56691,L,25.950000000000045,37.150000000000034,90.0,1488.0,40.7,40.0,0,0,0,0,0,0,-11.199999999999989,60561.600000000006
L50023,L,27.150000000000034,36.05000000000001,90.0,1479.0,39.4,194.0,0,0,0,0,0,0,-8.899999999999977,58272.6
L51856,L,30.350000000000023,38.450000000000045,90.0,1544.0,36.1,78.0,0,0,0,0,0,0,-8.100000000000023,55738.4
M23720,M,24.75,36.55000000000001,90.0,1488.0,37.3,199.0,0,0,0,0,0,0,-11.800000000000011,55502.399999999994
M19622,M,30.55000000000001,38.85000000000002,90.0,1436.0,45.7,166.0,0,0,0,0,0,0,-8.300000000000011,65625.2
L50462,L,28.05000000000001,36.35000000000002,90.0,1518.0,36.0,21.0,0,0,0,0,0,0,-8.300000000000011,54648.0
L53139,L,27.450000000000045,37.650000000000034,90.0,1378.0,43.4,119.0,0,0,0,0,0,0,-10.199999999999989,59805.2
L54018,L,27.950000000000045,37.950000000000045,90.0,1570.0,29.2,202.0,0,0,0,0,0,0,-10.0,45844.0
L56334,L,24.350000000000023,35.450000000000045,90.0,1596.0,44.8,141.0,0,0,0,0,0,0,-11.100000000000023,71500.79999999999
H38675,H,25.05000000000001,35.950000000000045,90.0,1420.0,40.2,134.0,0,0,0,0,0,0,-10.900000000000034,57084.00000000001
M15111,M,24.850000000000023,35.05000000000001,90.0,1708.0,27.8,83.0,0,0,0,0,0,0,-10.199999999999989,47482.4
M19436,M,29.75,37.950000000000045,90.0,1555.0,34.3,58.0,0,0,0,0,0,0,-8.200000000000045,53336.49999999999
L55299,L,27.150000000000034,38.55000000000001,90.0,1333.0,44.8,18.0,0,0,0,0,0,0,-11.399999999999977,59718.399999999994
H34318,H,30.450000000000045,39.25,90.0,1484.0,37.2,215.0,0,0,0,0,0,0,-8.799999999999955,55204.8
L50678,L,28.75,37.85000000000002,90.0,1566.0,43.9,128.0,0,0,0,0,0,0,-9.100000000000023,68747.4
M20414,M,29.950000000000045,39.25,90.0,1636.0,29.5,174.0,0,0,0,0,0,0,-9.299999999999955,48262.0
M17218,M,26.05000000000001,35.25,90.0,1381.0,42.5,0.0,0,0,0,0,0,0,-9.199999999999989,58692.5
L55386,L,26.150000000000034,37.75,90.0,1557.0,36.9,15.0,0,0,0,0,0,0,-11.599999999999966,57453.299999999996
H32395,H,27.55000000000001,36.25,90.0,1530.0,40.4,24.0,0,0,0,0,0,0,-8.699999999999989,61812.0
L51506,L,28.450000000000045,36.950000000000045,90.0,1362.0,55.8,70.0,0,0,0,0,0,0,-8.5,75999.59999999999
L55708,L,25.25,36.150000000000034,90.0,1448.0,46.7,166.0,0,0,0,0,0,0,-10.900000000000034,67621.6
M22502,M,27.25,38.25,90.0,1501.0,43.6,129.0,0,0,0,0,0,0,-11.0,65443.6
M16346,M,25.05000000000001,35.75,90.0,1524.0,34.6,190.0,0,0,0,0,0,0,-10.699999999999989,52730.4
L55600,L,25.75,37.25,90.0,1546.0,32.4,159.0,0,0,0,0,0,0,-11.5,50090.399999999994
M17893,M,27.55000000000001,36.450000000000045,90.0,1541.0,37.2,5.0,0,0,0,0,0,0,-8.900000000000034,57325.200000000004
M16716,M,24.55000000000001,34.75,90.0,1470.0,39.2,54.0,0,0,0,0,0,0,-10.199999999999989,57624.00000000001
L56162,L,23.850000000000023,34.55000000000001,90.0,1477.0,38.9,128.0,0,0,0,0,0,0,-10.699999999999989,57455.299999999996
L47895,L,24.450000000000045,35.75,90.0,1485.0,44.1,85.0,0,0,0,0,0,0,-11.299999999999955,65488.5
L53572,L,26.950000000000045,36.450000000000045,90.0,1680.0,33.8,140.0,0,0,0,0,0,0,-9.5,56783.99999999999
L52885,L,29.25,38.75,90.0,1408.0,45.5,121.0,0,0,0,0,0,0,-9.5,64064.0
L50397,L,27.450000000000045,36.35000000000002,90.0,1449.0,40.3,64.0,0,0,0,0,0,0,-8.899999999999977,58394.7
L47390,L,25.25,35.55000000000001,90.0,1523.0,36.1,73.0,0,0,0,0,0,0,-10.300000000000011,54980.3
L53621,L,27.55000000000001,37.05000000000001,90.0,1469.0,31.4,73.0,0,0,0,0,0,0,-9.5,46126.6
L54805,L,27.350000000000023,38.35000000000002,90.0,1476.0,34.2,76.0,0,0,0,0,0,0,-11.0,50479.200000000004
L54697,L,27.150000000000034,38.55000000000001,90.0,1629.0,30.8,15.0,0,0,0,0,0,0,-11.399999999999977,50173.200000000004
M17832,M,27.450000000000045,36.25,90.0,1558.0,44.2,84.0,0,0,0,0,0,0,-8.799999999999955,68863.6
L49680,L,25.950000000000045,35.75,90.0,1465.0,43.9,223.0,0,0,0,0,0,0,-9.799999999999955,64313.5
L48984,L,24.950000000000045,34.55000000000001,90.0,1452.0,47.6,105.0,0,0,0,0,0,0,-9.599999999999966,69115.2
M21983,M,27.75,37.25,90.0,1403.0,40.4,92.0,0,0,0,0,0,0,-9.5,56681.2
L55708,L,25.25,36.150000000000034,90.0,1429.0,35.8,97.0,0,0,0,0,0,0,-10.900000000000034,51158.2
M16135,M,25.450000000000045,36.35000000000002,90.0,1359.0,53.0,70.0,0,0,0,0,0,0,-10.899999999999977,72027.0
L53992,L,27.75,37.450000000000045,90.0,1609.0,35.2,110.0,0,0,0,0,0,0,-9.700000000000045,56636.8
L49422,L,26.05000000000001,35.25,90.0,1494.0,37.3,196.0,0,0,0,0,0,0,-9.199999999999989,55726.2
L57133,L,24.950000000000045,34.650000000000034,90.0,1565.0,37.7,119.0,0,0,0,0,0,0,-9.699999999999989,59000.50000000001
L52780,L,29.650000000000034,38.85000000000002,90.0,1519.0,35.9,146.0,0,0,0,0,0,0,-9.199999999999989,54532.1
L53312,L,27.950000000000045,37.950000000000045,90.0,1429.0,42.5,100.0,0,0,0,0,0,0,-10.0,60732.5
M22921,M,27.05000000000001,38.450000000000045,90.0,1366.0,54.1,84.0,0,0,0,0,0,0,-11.400000000000034,73900.6
M17361,M,25.950000000000045,35.75,90.0,1532.0,42.7,225.0,0,0,0,0,0,0,-9.799999999999955,65416.4
L56446,L,25.05000000000001,35.75,90.0,1737.0,25.5,197.0,0,0,0,0,0,0,-10.699999999999989,44293.5
L48886,L,25.05000000000001,34.650000000000034,90.0,1445.0,44.4,68.0,0,0,0,0,0,0,-9.600000000000023,64158.0
M16272,M,25.75,37.05000000000001,90.0,1366.0,46.1,166.0,0,0,0,0,0,0,-11.300000000000011,62972.6
M20187,M,30.55000000000001,39.55000000000001,90.0,1403.0,51.0,150.0,0,0,0,0,0,0,-9.0,71553.0
L52612,L,29.950000000000045,39.450000000000045,90.0,1421.0,46.4,70.0,0,0,0,0,0,0,-9.5,65934.4
L47958,L,23.55000000000001,34.85000000000002,90.0,1413.0,52.1,41.0,0,0,0,0,0,0,-11.300000000000011,73617.3
L55146,L,27.850000000000023,38.950000000000045,90.0,1465.0,40.7,67.0,0,0,0,0,0,0,-11.100000000000023,59625.50000000001
L54614,L,26.850000000000023,38.150000000000034,90.0,1508.0,38.2,18.0,0,0,0,0,0,0,-11.300000000000011,57605.600000000006
M19597,M,30.25,38.75,90.0,1628.0,30.7,5.0,0,0,0,0,0,0,-8.5,49979.6
L54108,L,27.950000000000045,38.55000000000001,90.0,1493.0,49.6,5.0,0,0,0,0,0,0,-10.599999999999966,74052.8
M15502,M,24.650000000000034,36.25,90.0,1495.0,44.2,129.0,0,0,0,0,0,0,-11.599999999999966,66079.0
H38801,H,24.25,34.75,90.0,1390.0,45.2,131.0,0,0,0,0,0,0,-10.5,62828.00000000001
M23356,M,25.25,36.35000000000002,90.0,1589.0,35.3,2.0,0,0,0,0,0,0,-11.100000000000023,56091.7
L50406,L,27.450000000000045,36.150000000000034,90.0,1465.0,40.9,89.0,0,0,0,0,0,0,-8.699999999999989,59918.5
L51247,L,28.75,37.55000000000001,90.0,1423.0,46.7,53.0,0,0,0,0,0,0,-8.800000000000011,66454.1
L55157,L,28.05000000000001,39.25,90.0,1402.0,59.0,95.0,0,0,0,0,0,0,-11.199999999999989,82718.0
L55411,L,25.950000000000045,37.25,90.0,1419.0,43.4,48.0,0,0,0,0,0,0,-11.299999999999955,61584.6
M21414,M,28.25,37.55000000000001,90.0,1639.0,44.9,34.0,0,0,0,0,0,0,-9.300000000000011,73591.09999999999
M16111,M,24.25,35.25,90.0,1359.0,51.4,220.0,0,0,0,0,0,0,-11.0,69852.59999999999
H38797,H,24.350000000000023,34.950000000000045,90.0,1533.0,38.1,117.0,0,0,0,0,0,0,-10.600000000000023,58407.3
L47388,L,25.25,35.450000000000045,90.0,1573.0,35.1,49.0,0,0,0,0,0,0,-10.200000000000045,55212.3
L54140,L,27.55000000000001,37.85000000000002,90.0,1615.0,29.4,107.0,0,0,0,0,0,0,-10.300000000000011,47481.0
L54241,L,27.450000000000045,37.25,90.0,1465.0,51.7,119.0,0,0,0,0,0,0,-9.799999999999955,75740.5
L53236,L,27.55000000000001,37.85000000000002,90.0,1513.0,40.3,147.0,0,0,0,0,0,0,-10.300000000000011,60973.899999999994
M18084,M,27.450000000000045,36.35000000000002,90.0,1645.0,29.8,101.0,0,0,0,0,0,0,-8.899999999999977,49021.0
M21223,M,26.850000000000023,36.450000000000045,90.0,1455.0,39.4,53.0,0,0,0,0,0,0,-9.600000000000023,57327.0
L51299,L,28.850000000000023,37.55000000000001,90.0,1544.0,43.2,74.0,0,0,0,0,0,0,-8.699999999999989,66700.8
L47383,L,25.350000000000023,35.55000000000001,90.0,1482.0,39.0,12.0,0,0,0,0,0,0,-10.199999999999989,57798.0
L51622,L,29.350000000000023,37.05000000000001,90.0,1542.0,36.1,150.0,0,0,0,0,0,0,-7.699999999999989,55666.200000000004
M24192,M,25.25,35.650000000000034,90.0,1399.0,47.3,98.0,0,0,0,0,0,0,-10.400000000000034,66172.7
L56467,L,25.05000000000001,35.75,90.0,1377.0,53.1,81.0,0,0,0,0,0,0,-10.699999999999989,73118.7
M15377,M,24.25,35.85000000000002,90.0,1694.0,30.6,2.0,0,0,0,0,0,0,-11.600000000000023,51836.4
M15426,M,24.450000000000045,36.55000000000001,90.0,1541.0,31.7,165.0,0,0,0,0,0,0,-12.099999999999966,48849.7
L57163,L,25.55000000000001,35.25,90.0,1694.0,28.7,16.0,0,0,0,0,0,0,-9.699999999999989,48617.799999999996
L55684,L,25.25,36.55000000000001,90.0,1610.0,35.0,156.0,0,0,0,0,0,0,-11.300000000000011,56350.0
M20389,M,29.150000000000034,38.650000000000034,90.0,1510.0,38.7,104.0,0,0,0,0,0,0,-9.5,58437.00000000001
M21922,M,27.55000000000001,37.25,90.0,1376.0,61.2,157.0,0,0,0,0,0,0,-9.699999999999989,84211.2
L52575,L,29.650000000000034,39.150000000000034,90.0,1529.0,36.8,237.0,0,0,0,0,0,0,-9.5,56267.2
L55372,L,26.450000000000045,37.75,90.0,1623.0,33.5,209.0,0,0,0,0,0,0,-11.299999999999955,54370.5
M23737,M,24.950000000000045,36.05000000000001,90.0,1460.0,30.6,80.0,0,0,0,0,0,0,-11.099999999999966,44676.0
L56183,L,23.950000000000045,34.75,90.0,1342.0,49.1,155.0,0,0,0,0,0,0,-10.799999999999955,65892.2
L52586,L,29.55000000000001,39.150000000000034,90.0,1360.0,47.8,11.0,0,0,0,0,0,0,-9.600000000000023,65007.99999999999
L55017,L,27.05000000000001,38.35000000000002,90.0,1481.0,40.5,193.0,0,0,0,0,0,0,-11.300000000000011,59980.5
L55004,L,26.75,38.05000000000001,90.0,1618.0,27.4,191.0,0,0,0,0,0,0,-11.300000000000011,44333.2
L47875,L,24.350000000000023,36.150000000000034,90.0,1461.0,41.2,33.0,0,0,0,0,0,0,-11.800000000000011,60193.200000000004
L47467,L,25.05000000000001,35.25,90.0,1589.0,36.6,96.0,0,0,0,0,0,0,-10.199999999999989,58157.4
L55321,L,26.55000000000001,37.650000000000034,90.0,1393.0,49.9,78.0,0,0,0,0,0,0,-11.100000000000023,69510.7
L53140,L,27.350000000000023,37.55000000000001,90.0,1606.0,32.5,121.0,0,0,0,0,0,0,-10.199999999999989,52195.0
L53503,L,27.55000000000001,36.950000000000045,90.0,1351.0,52.3,7.0,0,0,0,0,0,0,-9.400000000000034,70657.3
H37486,H,27.350000000000023,38.85000000000002,90.0,1375.0,47.9,33.0,0,0,0,0,0,0,-11.5,65862.5
L53171,L,27.55000000000001,37.55000000000001,90.0,1416.0,40.4,9.0,0,0,0,0,0,0,-10.0,57206.4
L51945,L,30.55000000000001,38.85000000000002,90.0,1686.0,34.5,79.0,0,0,0,0,0,0,-8.300000000000011,58167.0
L56506,L,25.450000000000045,36.150000000000034,90.0,1677.0,27.1,180.0,0,0,0,0,0,0,-10.699999999999989,45446.700000000004
L49741,L,26.25,36.05000000000001,90.0,1463.0,37.8,145.0,0,0,0,0,0,0,-9.800000000000011,55301.399999999994
L53916,L,28.55000000000001,37.85000000000002,90.0,1527.0,38.6,144.0,0,0,0,0,0,0,-9.300000000000011,58942.200000000004
L56682,L,25.75,37.05000000000001,90.0,1495.0,43.3,16.0,0,0,0,0,0,0,-11.300000000000011,64733.49999999999
H30688,H,24.950000000000045,35.950000000000045,90.0,1530.0,40.0,65.0,0,0,0,0,0,0,-11.0,61200.0
L49690,L,25.950000000000045,35.85000000000002,90.0,1486.0,41.2,18.0,0,0,0,0,0,0,-9.899999999999977,61223.200000000004
M22278,M,26.950000000000045,38.25,90.0,1823.0,25.4,196.0,0,0,0,0,0,0,-11.299999999999955,46304.2
L53200,L,27.55000000000001,37.650000000000034,90.0,1393.0,42.6,104.0,0,0,0,0,0,0,-10.100000000000023,59341.8
L50398,L,27.450000000000045,36.35000000000002,90.0,1445.0,44.8,66.0,0,0,0,0,0,0,-8.899999999999977,64735.99999999999
L48636,L,25.850000000000023,37.05000000000001,90.0,1629.0,43.0,44.0,0,0,0,0,0,0,-11.199999999999989,70047.0
L47308,L,25.850000000000023,35.450000000000045,90.0,1559.0,38.6,23.0,0,0,0,0,0,0,-9.600000000000023,60177.4
L50393,L,27.25,36.05000000000001,90.0,1480.0,34.5,52.0,0,0,0,0,0,0,-8.800000000000011,51060.0
L51733,L,29.450000000000045,37.35000000000002,90.0,1377.0,42.1,0.0,0,0,0,0,0,0,-7.899999999999977,57971.700000000004
L47395,L,25.150000000000034,35.450000000000045,90.0,1589.0,36.3,7.0,0,0,0,0,0,0,-10.300000000000011,57680.7
L52576,L,29.650000000000034,39.25,90.0,1456.0,44.0,162.0,0,0,0,0,0,0,-9.599999999999966,64064.0
L48638,L,25.75,37.150000000000034,90.0,1464.0,43.4,95.0,0,0,0,0,0,0,-11.400000000000034,63537.6
L56634,L,25.05000000000001,35.85000000000002,90.0,1398.0,52.7,126.0,0,0,0,0,0,0,-10.800000000000011,73674.6
L49923,L,26.450000000000045,35.950000000000045,90.0,1423.0,51.4,162.0,0,0,0,0,0,0,-9.5,73142.2
L49650,L,25.75,35.450000000000045,90.0,1413.0,47.6,136.0,0,0,0,0,0,0,-9.700000000000045,67258.8
L49764,L,25.950000000000045,35.650000000000034,90.0,1470.0,43.0,197.0,0,0,0,0,0,0,-9.699999999999989,63210.0
L50810,L,28.850000000000023,38.05000000000001,90.0,1430.0,27.3,45.0,0,0,0,0,0,0,-9.199999999999989,39039.0
L54253,L,27.450000000000045,37.450000000000045,90.0,1489.0,42.1,187.0,0,0,0,0,0,0,-10.0,62686.9
L48112,L,22.450000000000045,32.85000000000002,90.0,1363.0,46.2,14.0,0,0,0,0,0,0,-10.399999999999977,62970.600000000006
L55845,L,24.450000000000045,35.55000000000001,90.0,1326.0,57.4,125.0,0,0,0,0,0,0,-11.099999999999966,76112.4
H37494,H,26.950000000000045,38.25,90.0,1629.0,30.3,70.0,0,0,0,0,0,0,-11.299999999999955,49358.700000000004
L48020,L,23.450000000000045,34.35000000000002,90.0,1546.0,37.9,127.0,0,0,0,0,0,0,-10.899999999999977,58593.399999999994
L52012,L,30.25,38.85000000000002,90.0,1408.0,42.7,110.0,0,0,0,0,0,0,-8.600000000000023,60121.600000000006
L47897,L,24.25,35.55000000000001,90.0,1454.0,36.8,125.0,0,0,0,0,0,0,-11.300000000000011,53507.2
H36467,H,27.55000000000001,37.35000000000002,90.0,1567.0,31.4,129.0,0,0,0,0,0,0,-9.800000000000011,49203.799999999996
L51612,L,29.450000000000045,37.05000000000001,90.0,1547.0,36.0,174.0,0,0,0,0,0,0,-7.599999999999966,55692.0
M14876,M,25.450000000000045,36.05000000000001,90.0,1735.0,27.6,44.0,0,0,0,0,0,0,-10.599999999999966,47886.0
L56035,L,24.55000000000001,35.75,90.0,1506.0,43.2,166.0,0,0,0,0,0,0,-11.199999999999989,65059.200000000004
L52976,L,28.55000000000001,37.950000000000045,90.0,1428.0,43.4,156.0,0,0,0,0,0,0,-9.400000000000034,61975.2
M15057,M,25.25,35.450000000000045,90.0,1427.0,40.9,96.0,0,0,0,0,0,0,-10.200000000000045,58364.299999999996
H33722,H,28.25,36.75,90.0,1460.0,41.5,22.0,0,0,0,0,0,0,-8.5,60590.0
L50639,L,28.650000000000034,37.450000000000045,90.0,1270.0,54.2,26.0,0,0,0,0,0,0,-8.800000000000011,68834.0
L48956,L,25.350000000000023,34.950000000000045,90.0,1462.0,43.1,197.0,0,0,0,0,0,0,-9.600000000000023,63012.200000000004
L53142,L,27.350000000000023,37.650000000000034,90.0,1486.0,46.7,125.0,0,0,0,0,0,0,-10.300000000000011,69396.2
L52385,L,30.55000000000001,39.55000000000001,90.0,1468.0,46.7,98.0,0,0,0,0,0,0,-9.0,68555.6
L54981,L,26.850000000000023,38.25,90.0,1422.0,49.6,101.0,0,0,0,0,0,0,-11.399999999999977,70531.2
M17515,M,26.650000000000034,36.25,90.0,1420.0,44.3,135.0,0,0,0,0,0,0,-9.599999999999966,62905.99999999999
L54861,L,27.55000000000001,38.35000000000002,90.0,1540.0,43.7,105.0,0,0,0,0,0,0,-10.800000000000011,67298.0
L56692,L,25.850000000000023,37.25,90.0,1447.0,40.8,49.0,0,0,0,0,0,0,-11.399999999999977,59037.6
M23777,M,24.25,35.75,90.0,1407.0,50.0,204.0,0,0,0,0,0,0,-11.5,70350.0
L53586,L,27.150000000000034,36.650000000000034,90.0,1619.0,30.7,175.0,0,0,0,0,0,0,-9.5,49703.299999999996
L53296,L,27.650000000000034,37.55000000000001,90.0,1453.0,43.9,84.0,0,0,0,0,0,0,-9.899999999999977,63786.7
L54607,L,26.850000000000023,38.25,90.0,1603.0,31.9,0.0,0,0,0,0,0,0,-11.399999999999977,51135.7
L49410,L,26.450000000000045,35.55000000000001,90.0,1258.0,62.9,173.0,0,0,0,0,0,0,-9.099999999999966,79128.2
M24846,M,25.55000000000001,35.450000000000045,90.0,1362.0,53.6,121.0,0,0,0,0,0,0,-9.900000000000034,73003.2
L56881,L,25.650000000000034,36.75,90.0,1485.0,42.4,74.0,0,0,0,0,0,0,-11.099999999999966,62964.0
M17324,M,25.75,35.35000000000002,90.0,1510.0,42.9,121.0,0,0,0,0,0,0,-9.600000000000023,64779.0
L50668,L,28.75,37.75,90.0,1567.0,36.8,99.0,0,0,0,0,0,0,-9.0,57665.6
L53115,L,27.350000000000023,37.35000000000002,90.0,1646.0,34.5,79.0,0,0,0,0,0,0,-10.0,56787.0
L53679,L,27.25,36.85000000000002,90.0,1381.0,49.8,199.0,0,0,0,0,0,0,-9.600000000000023,68773.8
L55139,L,27.850000000000023,38.950000000000045,90.0,1585.0,32.3,127.0,0,0,0,0,0,0,-11.100000000000023,51195.49999999999
L56369,L,24.75,35.85000000000002,90.0,1595.0,32.0,14.0,0,0,0,0,0,0,-11.100000000000023,51040.0
H39306,H,25.75,36.35000000000002,90.0,1627.0,48.6,26.0,0,0,0,0,0,0,-10.600000000000023,79072.2
L56984,L,25.25,35.950000000000045,90.0,1351.0,53.6,185.0,0,0,0,0,0,0,-10.700000000000045,72413.6
M15088,M,25.450000000000045,35.35000000000002,90.0,1412.0,40.8,59.0,0,0,0,0,0,0,-9.899999999999977,57609.6
L56086,L,24.150000000000034,35.55000000000001,90.0,1484.0,39.1,157.0,0,0,0,0,0,0,-11.399999999999977,58024.4
H29560,H,25.350000000000023,35.35000000000002,90.0,1612.0,36.0,174.0,0,0,0,0,0,0,-10.0,58032.0
L49994,L,26.55000000000001,36.05000000000001,90.0,1707.0,30.8,92.0,0,0,0,0,0,0,-9.5,52575.6
L52418,L,30.650000000000034,39.950000000000045,90.0,1395.0,44.1,40.0,0,0,0,0,0,0,-9.300000000000011,61519.5
L50848,L,29.150000000000034,38.55000000000001,90.0,1409.0,38.7,141.0,0,0,0,0,0,0,-9.399999999999977,54528.3
L56885,L,25.75,36.85000000000002,90.0,1594.0,35.9,143.0,0,0,0,0,0,0,-11.100000000000023,57224.6
L56553,L,24.55000000000001,35.25,90.0,1453.0,41.4,86.0,0,0,0,0,0,0,-10.699999999999989,60154.2
L48013,L,23.450000000000045,34.25,90.0,1406.0,48.0,62.0,0,0,0,0,0,0,-10.799999999999955,67488.0
L57141,L,25.05000000000001,34.75,90.0,1429.0,47.8,189.0,0,0,0,0,0,0,-9.699999999999989,68306.2
L51874,L,30.25,38.35000000000002,90.0,1456.0,50.8,128.0,0,0,0,0,0,0,-8.100000000000023,73964.8
L52886,L,29.150000000000034,38.650000000000034,90.0,1510.0,38.9,119.0,0,0,0,0,0,0,-9.5,58739.0
L49197,L,25.55000000000001,35.25,90.0,1710.0,29.6,46.0,0,0,0,0,0,0,-9.699999999999989,50616.0
L55127,L,27.650000000000034,38.55000000000001,90.0,1511.0,34.6,21.0,0,0,0,0,0,0,-10.899999999999977,52280.6
L53949,L,28.05000000000001,37.75,90.0,1615.0,32.7,9.0,0,0,0,0,0,0,-9.699999999999989,52810.50000000001
H38257,H,24.150000000000034,35.650000000000034,90.0,1353.0,38.0,191.0,0,0,0,0,0,0,-11.5,51414.0
L55893,L,24.05000000000001,35.450000000000045,90.0,1490.0,38.5,5.0,0,0,0,0,0,0,-11.400000000000034,57365.0
M22546,M,27.450000000000045,38.450000000000045,90.0,1456.0,45.0,229.0,0,0,0,0,0,0,-11.0,65520.0
H36821,H,26.75,37.75,90.0,1427.0,47.2,168.0,0,0,0,0,0,0,-11.0,67354.40000000001
L53445,L,27.650000000000034,37.35000000000002,90.0,1383.0,46.6,19.0,0,0,0,0,0,0,-9.699999999999989,64447.8
L52311,L,31.05000000000001,40.150000000000034,90.0,1415.0,39.7,0.0,0,0,0,0,0,0,-9.100000000000023,56175.50000000001
H31531,H,26.75,36.05000000000001,90.0,1365.0,63.0,169.0,1,0,0,1,0,0,-9.300000000000011,85995.0
L48322,L,23.75,34.75,90.0,1423.0,47.4,149.0,0,0,0,0,0,0,-11.0,67450.2
L55914,L,24.05000000000001,35.450000000000045,90.0,1487.0,41.2,108.0,0,0,0,0,0,0,-11.400000000000034,61264.4
L52910,L,29.150000000000034,38.55000000000001,90.0,1793.0,25.3,197.0,0,0,0,0,0,0,-9.399999999999977,45362.9
M23812,M,24.05000000000001,34.85000000000002,90.0,1478.0,39.8,56.0,0,0,0,0,0,0,-10.800000000000011,58824.399999999994
L50199,L,27.350000000000023,36.650000000000034,90.0,1379.0,54.2,207.0,0,0,0,0,0,0,-9.300000000000011,74741.8
H39228,H,25.150000000000034,36.05000000000001,90.0,1574.0,40.4,162.0,0,0,0,0,0,0,-10.899999999999977,63589.6
L47543,L,24.450000000000045,35.150000000000034,90.0,1568.0,34.7,124.0,0,0,0,0,0,0,-10.699999999999989,54409.600000000006
L51592,L,29.150000000000034,36.950000000000045,90.0,1555.0,36.4,162.0,0,0,0,0,0,0,-7.800000000000011,56602.0
L49720,L,25.950000000000045,35.650000000000034,90.0,1473.0,47.5,88.0,0,0,0,0,0,0,-9.699999999999989,69967.5
M15712,M,23.150000000000034,34.150000000000034,90.0,1631.0,35.2,10.0,0,0,0,0,0,0,-11.0,57411.200000000004
M18523,M,29.150000000000034,38.55000000000001,90.0,1442.0,41.7,100.0,0,0,0,0,0,0,-9.399999999999977,60131.4
H34338,H,30.25,39.150000000000034,90.0,1435.0,44.3,56.0,0,0,0,0,0,0,-8.900000000000034,63570.49999999999
H31528,H,26.150000000000034,35.75,90.0,1477.0,46.4,91.0,0,0,0,0,0,0,-9.599999999999966,68532.8
M24334,M,25.75,36.450000000000045,90.0,1447.0,48.3,190.0,0,0,0,0,0,0,-10.700000000000045,69890.09999999999
M22044,M,27.05000000000001,37.05000000000001,90.0,1593.0,36.1,36.0,0,0,0,0,0,0,-10.0,57507.3
L56294,L,24.450000000000045,35.55000000000001,90.0,1477.0,44.0,44.0,0,0,0,0,0,0,-11.099999999999966,64988.0
L49504,L,26.150000000000034,35.650000000000034,90.0,1488.0,40.6,168.0,0,0,0,0,0,0,-9.5,60412.8
L53505,L,27.450000000000045,36.85000000000002,90.0,1486.0,40.1,198.0,0,0,0,0,0,0,-9.399999999999977,59588.6
L54525,L,26.450000000000045,37.05000000000001,90.0,1381.0,47.0,13.0,0,0,0,0,0,0,-10.599999999999966,64907.0
L53570,L,27.150000000000034,36.650000000000034,90.0,1450.0,60.9,2.0,0,0,0,0,0,0,-9.5,88305.0
H30707,H,25.950000000000045,37.05000000000001,90.0,1365.0,52.3,155.0,0,0,0,0,0,0,-11.099999999999966,71389.5
M19232,M,28.75,36.450000000000045,90.0,1431.0,39.7,201.0,0,0,0,0,0,0,-7.7000000000000455,56810.700000000004
L49678,L,25.950000000000045,35.75,90.0,1431.0,42.8,218.0,0,0,0,0,0,0,-9.799999999999955,61246.799999999996
H31240,H,24.650000000000034,34.150000000000034,90.0,1465.0,43.3,178.0,0,0,0,0,0,0,-9.5,63434.49999999999
L48962,L,25.05000000000001,34.85000000000002,90.0,1571.0,37.4,50.0,0,0,0,0,0,0,-9.800000000000011,58755.399999999994
L53484,L,27.950000000000045,37.450000000000045,90.0,1556.0,37.6,10.0,0,0,0,0,0,0,-9.5,58505.600000000006
L54709,L,26.950000000000045,38.25,90.0,1669.0,30.2,45.0,0,0,0,0,0,0,-11.299999999999955,50403.799999999996
L49281,L,26.150000000000034,35.950000000000045,90.0,1428.0,60.7,12.0,0,0,0,0,0,0,-9.800000000000011,86679.6
L54490,L,26.850000000000023,37.35000000000002,90.0,1429.0,33.5,73.0,0,0,0,0,0,0,-10.5,47871.5
L53773,L,28.350000000000023,37.55000000000001,90.0,1679.0,29.5,133.0,0,0,0,0,0,0,-9.199999999999989,49530.5
L50024,L,27.150000000000034,36.05000000000001,90.0,1520.0,35.2,196.0,0,0,0,0,0,0,-8.899999999999977,53504.00000000001
L49604,L,25.75,35.05000000000001,90.0,1437.0,42.1,26.0,0,0,0,0,0,0,-9.300000000000011,60497.700000000004
L50162,L,27.55000000000001,36.450000000000045,90.0,1420.0,48.8,117.0,0,0,0,0,0,0,-8.900000000000034,69296.0
L47378,L,25.25,35.55000000000001,90.0,1588.0,42.0,124.0,0,0,0,0,0,0,-10.300000000000011,66696.0
M16752,M,24.950000000000045,34.25,90.0,1438.0,43.6,141.0,0,0,0,0,0,0,-9.299999999999955,62696.8
L53622,L,27.55000000000001,37.05000000000001,90.0,1542.0,40.2,50.0,0,0,0,0,0,0,-9.5,61988.4
L49937,L,26.650000000000034,35.950000000000045,90.0,1623.0,36.1,203.0,0,0,0,0,0,0,-9.300000000000011,58590.3
L55863,L,24.05000000000001,35.35000000000002,90.0,1387.0,54.4,189.0,0,0,0,0,0,0,-11.300000000000011,75452.8
L47528,L,24.450000000000045,35.150000000000034,90.0,1532.0,40.2,0.0,0,0,0,0,0,0,-10.699999999999989,61586.4
L47304,L,25.850000000000023,35.55000000000001,90.0,1457.0,40.2,116.0,0,0,0,0,0,0,-9.699999999999989,58571.4
H32148,H,26.55000000000001,36.25,90.0,1423.0,40.3,142.0,0,0,0,0,0,0,-9.699999999999989,57346.899999999994
M16747,M,24.75,34.650000000000034,90.0,1523.0,39.6,100.0,0,0,0,0,0,0,-9.900000000000034,60310.8
L55922,L,24.25,35.650000000000034,90.0,1467.0,47.6,128.0,0,0,0,0,0,0,-11.400000000000034,69829.2
L55964,L,24.350000000000023,35.450000000000045,90.0,1437.0,51.3,34.0,0,0,0,0,0,0,-11.100000000000023,73718.09999999999
L51452,L,29.350000000000023,37.650000000000034,90.0,1386.0,50.4,46.0,0,0,0,0,0,0,-8.300000000000011,69854.4
L54800,L,27.350000000000023,38.35000000000002,90.0,1484.0,36.3,33.0,0,0,0,0,0,0,-11.0,53869.2
M19782,M,30.450000000000045,39.05000000000001,90.0,1423.0,56.7,197.0,0,0,0,0,0,0,-8.599999999999966,80684.1
M20054,M,30.75,39.950000000000045,90.0,1428.0,46.4,137.0,0,0,0,0,0,0,-9.200000000000045,66259.2
M23508,M,24.25,35.25,90.0,1389.0,46.2,95.0,0,0,0,0,0,0,-11.0,64171.8
M16652,M,25.25,34.85000000000002,90.0,1492.0,38.2,73.0,0,0,0,0,0,0,-9.600000000000023,56994.4
L48412,L,24.05000000000001,35.450000000000045,90.0,1432.0,37.1,161.0,0,0,0,0,0,0,-11.400000000000034,53127.200000000004
L55686,L,25.25,36.55000000000001,90.0,1418.0,41.3,9.0,0,0,0,0,0,0,-11.300000000000011,58563.399999999994
L53141,L,27.150000000000034,37.55000000000001,90.0,1628.0,32.3,123.0,0,0,0,0,0,0,-10.399999999999977,52584.399999999994
L56039,L,24.75,35.950000000000045,90.0,1486.0,44.4,28.0,0,0,0,0,0,0,-11.200000000000045,65978.4
L54255,L,27.55000000000001,37.35000000000002,90.0,1483.0,38.5,192.0,0,0,0,0,0,0,-9.800000000000011,57095.5
L56333,L,24.350000000000023,35.450000000000045,90.0,1384.0,49.1,0.0,0,0,0,0,0,0,-11.100000000000023,67954.40000000001
L53141,L,27.350000000000023,37.55000000000001,90.0,1421.0,45.9,123.0,0,0,0,0,0,0,-10.199999999999989,65223.9
L56423,L,25.150000000000034,35.650000000000034,90.0,1454.0,49.0,75.0,0,0,0,0,0,0,-10.5,71246.0
M17426,M,25.650000000000034,35.450000000000045,90.0,1420.0,41.6,96.0,0,0,0,0,0,0,-9.800000000000011,59072.0
M24206,M,25.150000000000034,35.650000000000034,90.0,1661.0,28.8,9.0,0,0,0,0,0,0,-10.5,47836.8
H29891,H,25.650000000000034,35.35000000000002,90.0,1426.0,44.0,126.0,0,0,0,0,0,0,-9.699999999999989,62744.0
L50677,L,28.75,37.85000000000002,90.0,1642.0,32.0,69.0,0,0,0,0,0,0,-9.100000000000023,52544.0
L56991,L,25.350000000000023,36.05000000000001,90.0,1610.0,31.7,155.0,0,0,0,0,0,0,-10.699999999999989,51037.0
L47493,L,24.850000000000023,35.450000000000045,90.0,1806.0,25.7,141.0,0,0,0,0,0,0,-10.600000000000023,46414.2
L56572,L,24.55000000000001,34.950000000000045,90.0,1573.0,34.7,107.0,0,0,0,0,0,0,-10.400000000000034,54583.100000000006
L55013,L,26.850000000000023,38.25,90.0,1465.0,40.2,185.0,0,0,0,0,0,0,-11.399999999999977,58893.00000000001
L50426,L,27.850000000000023,36.55000000000001,90.0,1465.0,45.0,141.0,0,0,0,0,0,0,-8.699999999999989,65925.0
L52692,L,29.650000000000034,38.85000000000002,90.0,1520.0,46.5,58.0,0,0,0,0,0,0,-9.199999999999989,70680.0
L54329,L,26.850000000000023,36.75,90.0,1406.0,41.6,161.0,0,0,0,0,0,0,-9.899999999999977,58489.6
M18068,M,27.25,36.55000000000001,90.0,1530.0,34.6,19.0,0,0,0,0,0,0,-9.300000000000011,52938.0
L51911,L,30.150000000000034,38.450000000000045,90.0,1583.0,32.2,223.0,0,0,0,0,0,0,-8.300000000000011,50972.600000000006
L54101,L,27.650000000000034,38.150000000000034,90.0,1482.0,39.6,57.0,0,0,0,0,0,0,-10.5,58687.200000000004
L51545,L,28.850000000000023,36.85000000000002,90.0,1456.0,39.0,181.0,0,0,0,0,0,0,-8.0,56784.0
L49195,L,25.350000000000023,35.05000000000001,90.0,1452.0,41.4,5.0,0,0,0,0,0,0,-9.699999999999989,60112.799999999996
L52364,L,30.850000000000023,39.85000000000002,90.0,1554.0,41.2,148.0,0,0,0,0,0,0,-9.0,64024.8
L54128,L,27.55000000000001,38.05000000000001,90.0,1457.0,47.3,61.0,0,0,0,0,0,0,-10.5,68916.09999999999
L47181,L,25.05000000000001,35.55000000000001,90.0,1758.0,26.7,4.0,0,0,0,0,0,0,-10.5,46938.6
L56382,L,24.55000000000001,35.650000000000034,90.0,1426.0,45.7,126.0,0,0,0,0,0,0,-11.100000000000023,65168.200000000004
M19577,M,30.25,38.450000000000045,90.0,1452.0,45.4,184.0,0,0,0,0,0,0,-8.200000000000045,65920.8
L52781,L,29.75,39.05000000000001,90.0,1605.0,39.5,86.0,0,0,0,0,0,0,-9.300000000000011,63397.5
L48891,L,25.05000000000001,34.55000000000001,90.0,1407.0,47.0,71.0,0,0,0,0,0,0,-9.5,66129.0
H32503,H,26.950000000000045,36.150000000000034,90.0,1333.0,55.1,158.0,0,0,0,0,0,0,-9.199999999999989,73448.3
L52957,L,28.450000000000045,37.950000000000045,90.0,1408.0,44.4,59.0,0,0,0,0,0,0,-9.5,62515.2
M24161,M,24.950000000000045,35.75,90.0,1459.0,50.3,48.0,0,0,0,0,0,0,-10.799999999999955,73387.7
H37732,H,25.55000000000001,36.55000000000001,90.0,1463.0,39.3,94.0,0,0,0,0,0,0,-11.0,57495.899999999994
L48993,L,25.05000000000001,34.650000000000034,90.0,1479.0,42.0,73.0,0,0,0,0,0,0,-9.600000000000023,62118.0
L55902,L,24.05000000000001,35.450000000000045,90.0,1366.0,50.4,199.0,0,0,0,0,0,0,-11.400000000000034,68846.4
L48531,L,25.650000000000034,37.05000000000001,90.0,1525.0,43.7,34.0,0,0,0,0,0,0,-11.399999999999977,66642.5
L56602,L,24.850000000000023,35.35000000000002,90.0,1340.0,61.9,24.0,0,0,0,0,0,0,-10.5,82946.0
M15805,M,22.450000000000045,33.05000000000001,90.0,1533.0,37.6,55.0,0,0,0,0,0,0,-10.599999999999966,57640.8
L51634,L,29.25,36.85000000000002,90.0,1551.0,38.7,176.0,0,0,0,0,0,0,-7.600000000000023,60023.700000000004
M23763,M,24.25,35.55000000000001,90.0,1382.0,49.9,118.0,0,0,0,0,0,0,-11.300000000000011,68961.8
L51447,L,29.55000000000001,37.85000000000002,90.0,1409.0,42.8,158.0,0,0,0,0,0,0,-8.300000000000011,60305.2
L55142,L,27.850000000000023,39.05000000000001,90.0,1650.0,29.2,7.0,0,0,0,0,0,0,-11.199999999999989,48180.0
L54544,L,26.450000000000045,36.950000000000045,90.0,1593.0,36.5,63.0,0,0,0,0,0,0,-10.5,58144.5
L54994,L,26.850000000000023,38.25,90.0,1650.0,31.4,143.0,0,0,0,0,0,0,-11.399999999999977,51810.0
L55961,L,24.450000000000045,35.55000000000001,90.0,1445.0,44.1,37.0,0,0,0,0,0,0,-11.099999999999966,63724.5
L55446,L,25.950000000000045,37.25,90.0,1612.0,32.7,101.0,0,0,0,0,0,0,-11.299999999999955,52712.4
L49202,L,25.55000000000001,35.75,90.0,1653.0,29.9,168.0,0,0,0,0,0,0,-10.199999999999989,49424.7
L47894,L,24.25,35.450000000000045,90.0,1609.0,36.2,168.0,0,0,0,0,0,0,-11.200000000000045,58245.8
M17187,M,26.150000000000034,35.55000000000001,90.0,1427.0,50.4,208.0,0,0,0,0,0,0,-9.399999999999977,71920.8
L49671,L,25.950000000000045,35.450000000000045,90.0,1445.0,43.9,114.0,0,0,0,0,0,0,-9.5,63435.5
L54544,L,26.450000000000045,36.75,90.0,1486.0,51.7,58.0,0,0,0,0,0,0,-10.299999999999955,76826.2
L49403,L,26.450000000000045,35.85000000000002,90.0,1425.0,48.5,153.0,0,0,0,0,0,0,-9.399999999999977,69112.5
L49423,L,26.25,35.450000000000045,90.0,1768.0,24.3,124.0,0,0,0,0,0,0,-9.200000000000045,42962.4
L53211,L,27.450000000000045,37.55000000000001,90.0,1452.0,48.5,92.0,0,0,0,0,0,0,-10.099999999999966,70422.0
L48569,L,25.75,37.05000000000001,90.0,1492.0,39.2,138.0,0,0,0,0,0,0,-11.300000000000011,58486.4
L54384,L,26.650000000000034,36.75,90.0,1477.0,41.7,85.0,0,0,0,0,0,0,-10.099999999999966,61590.9
M23255,M,25.350000000000023,36.35000000000002,90.0,1540.0,39.0,92.0,0,0,0,0,0,0,-11.0,60060.0
L51505,L,28.450000000000045,37.05000000000001,90.0,1341.0,51.2,64.0,1,0,1,0,0,0,-8.599999999999966,68659.2
M19005,M,28.55000000000001,37.25,90.0,1585.0,34.6,173.0,0,0,0,0,0,0,-8.699999999999989,54841.0
L54450,L,27.05000000000001,37.25,90.0,1501.0,42.0,35.0,0,0,0,0,0,0,-10.199999999999989,63042.0
L50525,L,28.25,37.25,90.0,1522.0,49.7,174.0,0,0,0,0,0,0,-9.0,75643.40000000001
M17255,M,26.05000000000001,35.35000000000002,90.0,1498.0,43.9,150.0,0,0,0,0,0,0,-9.300000000000011,65762.2
L48562,L,25.650000000000034,37.05000000000001,90.0,1653.0,30.3,119.0,0,0,0,0,0,0,-11.399999999999977,50085.9
L48892,L,25.05000000000001,34.650000000000034,90.0,1429.0,53.0,72.0,0,0,0,0,0,0,-9.600000000000023,75737.0
L48625,L,25.850000000000023,36.450000000000045,90.0,1520.0,38.2,70.0,0,0,0,0,0,0,-10.600000000000023,58064.00000000001
L55053,L,27.55000000000001,39.150000000000034,90.0,1479.0,38.6,136.0,0,0,0,0,0,0,-11.600000000000023,57089.4
L48182,L,23.150000000000034,34.05000000000001,90.0,1646.0,35.0,5.0,0,0,0,0,0,0,-10.899999999999977,57610.0
L56774,L,26.05000000000001,37.25,90.0,1498.0,40.7,104.0,0,0,0,0,0,0,-11.199999999999989,60968.600000000006
L56483,L,25.05000000000001,35.85000000000002,90.0,1435.0,48.1,199.0,0,0,0,0,0,0,-10.800000000000011,69023.5
M17054,M,26.450000000000045,35.75,90.0,1486.0,39.6,77.0,0,0,0,0,0,0,-9.299999999999955,58845.6
H38493,H,24.850000000000023,35.75,90.0,1493.0,42.4,158.0,0,0,0,0,0,0,-10.899999999999977,63303.2
L55419,L,25.850000000000023,37.25,90.0,1339.0,40.6,94.0,0,0,0,0,0,0,-11.399999999999977,54363.4
L54239,L,27.450000000000045,37.25,90.0,1544.0,38.5,148.0,0,0,0,0,0,0,-9.799999999999955,59444.0
M23166,M,25.55000000000001,37.35000000000002,90.0,1585.0,31.8,61.0,0,0,0,0,0,0,-11.800000000000011,50403.0
L56038,L,24.450000000000045,35.75,90.0,1501.0,37.5,26.0,0,0,0,0,0,0,-11.299999999999955,56287.5
L50696,L,28.850000000000023,37.950000000000045,90.0,1740.0,30.6,96.0,0,0,0,0,0,0,-9.100000000000023,53244.0
L48989,L,24.950000000000045,34.450000000000045,90.0,1368.0,56.9,127.0,0,0,0,0,0,0,-9.5,77839.2
L52140,L,30.75,39.55000000000001,90.0,1402.0,47.3,156.0,0,0,0,0,0,0,-8.800000000000011,66314.59999999999
L53202,L,27.350000000000023,37.75,90.0,1549.0,38.7,61.0,0,0,0,0,0,0,-10.399999999999977,59946.3
L53463,L,27.850000000000023,37.05000000000001,90.0,1629.0,31.6,59.0,0,0,0,0,0,0,-9.199999999999989,51476.4
L55851,L,24.25,35.650000000000034,90.0,1446.0,39.5,148.0,0,0,0,0,0,0,-11.400000000000034,57117.0
L48768,L,25.05000000000001,35.25,90.0,1688.0,45.1,202.0,0,0,0,0,0,0,-10.199999999999989,76128.8
M24019,M,24.350000000000023,35.450000000000045,90.0,1510.0,35.5,98.0,0,0,0,0,0,0,-11.100000000000023,53605.0
H30511,H,23.650000000000034,34.75,90.0,1526.0,35.8,12.0,0,0,0,0,0,0,-11.099999999999966,54630.799999999996
H39410,H,25.75,35.25,90.0,1771.0,31.8,62.0,0,0,0,0,0,0,-9.5,56317.8
L56403,L,24.75,35.85000000000002,90.0,1382.0,36.1,50.0,0,0,0,0,0,0,-11.100000000000023,49890.200000000004
L48754,L,25.150000000000034,35.05000000000001,90.0,1465.0,50.0,166.0,0,0,0,0,0,0,-9.899999999999977,73250.0
H38807,H,24.05000000000001,34.950000000000045,90.0,1468.0,45.1,196.0,0,0,0,0,0,0,-10.900000000000034,66206.8
L53588,L,27.25,36.75,90.0,1601.0,31.7,5.0,0,0,0,0,0,0,-9.5,50751.7
L49329,L,26.25,35.85000000000002,90.0,1436.0,46.6,178.0,0,0,0,0,0,0,-9.600000000000023,66917.6
L53929,L,28.55000000000001,37.85000000000002,90.0,1763.0,25.9,181.0,0,0,0,0,0,0,-9.300000000000011,45661.7
L52751,L,29.25,38.85000000000002,90.0,1574.0,34.9,154.0,0,0,0,0,0,0,-9.600000000000023,54932.6
L49988,L,27.05000000000001,36.35000000000002,90.0,1729.0,32.3,113.0,0,0,0,0,0,0,-9.300000000000011,55846.7
L54749,L,27.05000000000001,37.85000000000002,90.0,1435.0,51.7,149.0,0,0,0,0,0,0,-10.800000000000011,74189.5
L49078,L,24.650000000000034,34.55000000000001,90.0,1639.0,35.7,156.0,0,0,0,0,0,0,-9.899999999999977,58512.3
L52651,L,29.55000000000001,39.05000000000001,90.0,1512.0,37.1,2.0,0,0,0,0,0,0,-9.5,56095.200000000004
L54602,L,26.850000000000023,38.05000000000001,90.0,1723.0,44.1,206.0,0,0,0,0,0,0,-11.199999999999989,75984.3
L54071,L,27.75,38.35000000000002,90.0,1523.0,39.7,64.0,0,0,0,0,0,0,-10.600000000000023,60463.100000000006
L49952,L,26.75,36.25,90.0,1511.0,39.4,20.0,0,0,0,0,0,0,-9.5,59533.4
M16600,M,25.25,34.75,90.0,1445.0,45.1,146.0,0,0,0,0,0,0,-9.5,65169.5
M15664,M,23.75,34.650000000000034,90.0,1544.0,39.5,109.0,0,0,0,0,0,0,-10.900000000000034,60988.0
L55253,L,27.350000000000023,38.85000000000002,90.0,1558.0,39.7,115.0,0,0,0,0,0,0,-11.5,61852.600000000006
L53239,L,27.650000000000034,37.75,90.0,1489.0,45.1,145.0,0,0,0,0,0,0,-10.099999999999966,67153.90000000001
L50446,L,28.150000000000034,36.950000000000045,90.0,1432.0,43.3,0.0,0,0,0,0,0,0,-8.800000000000011,62005.6
M20024,M,31.150000000000034,40.35000000000002,90.0,1452.0,32.1,86.0,0,0,0,0,0,0,-9.199999999999989,46609.200000000004
H29424,H,25.75,35.950000000000045,90.0,1487.0,36.5,35.0,0,0,0,0,0,0,-10.200000000000045,54275.5
M23711,M,24.55000000000001,35.75,90.0,1373.0,42.6,12.0,0,0,0,0,0,0,-11.199999999999989,58489.8
M21807,M,27.55000000000001,37.85000000000002,90.0,1432.0,42.6,49.0,0,0,0,0,0,0,-10.300000000000011,61003.200000000004
L54685,L,27.350000000000023,38.75,90.0,1546.0,41.6,203.0,0,0,0,0,0,0,-11.399999999999977,64313.600000000006
L53487,L,27.850000000000023,37.150000000000034,90.0,1495.0,40.6,126.0,0,0,0,0,0,0,-9.300000000000011,60697.0
L53342,L,27.850000000000023,37.75,90.0,1374.0,50.7,7.0,0,0,0,0,0,0,-9.899999999999977,69661.8
L55797,L,24.450000000000045,35.450000000000045,90.0,1529.0,45.3,37.0,0,0,0,0,0,0,-11.0,69263.7
L51920,L,30.150000000000034,38.55000000000001,90.0,1680.0,30.6,162.0,0,0,0,0,0,0,-8.399999999999977,51408.0
L54272,L,27.55000000000001,37.35000000000002,90.0,1563.0,35.9,10.0,0,0,0,0,0,0,-9.800000000000011,56111.7
L48670,L,25.850000000000023,37.150000000000034,90.0,1519.0,39.4,59.0,0,0,0,0,0,0,-11.300000000000011,59848.6
M22996,M,26.450000000000045,37.75,90.0,1578.0,40.9,78.0,0,0,0,0,0,0,-11.299999999999955,64540.2
L49795,L,26.150000000000034,35.85000000000002,90.0,1448.0,48.8,64.0,0,0,0,0,0,0,-9.699999999999989,70662.4
L56258,L,24.150000000000034,34.950000000000045,90.0,1566.0,35.7,152.0,0,0,0,0,0,0,-10.800000000000011,55906.200000000004
L49828,L,26.75,36.25,90.0,1385.0,50.3,0.0,0,0,0,0,0,0,-9.5,69665.5
L48251,L,23.75,34.950000000000045,90.0,1448.0,50.5,193.0,0,0,0,0,0,0,-11.200000000000045,73124.0
L51761,L,29.75,38.05000000000001,90.0,1404.0,47.7,69.0,0,0,0,0,0,0,-8.300000000000011,66970.8
L51622,L,29.350000000000023,37.05000000000001,90.0,1721.0,26.4,148.0,0,0,0,0,0,0,-7.699999999999989,45434.399999999994
M24111,M,25.150000000000034,35.85000000000002,90.0,1538.0,38.5,186.0,0,0,0,0,0,0,-10.699999999999989,59213.0
L51659,L,29.350000000000023,37.25,90.0,1398.0,49.5,18.0,0,0,0,0,0,0,-7.899999999999977,69201.0
L56320,L,24.350000000000023,35.35000000000002,90.0,1452.0,44.4,112.0,0,0,0,0,0,0,-11.0,64468.799999999996
L49463,L,26.25,35.55000000000001,90.0,1384.0,50.6,98.0,0,0,0,0,0,0,-9.300000000000011,70030.40000000001
L47848,L,24.55000000000001,35.75,90.0,1474.0,39.1,195.0,0,0,0,0,0,0,-11.199999999999989,57633.4
L55839,L,24.350000000000023,35.25,90.0,1674.0,31.6,128.0,0,0,0,0,0,0,-10.899999999999977,52898.4
M17264,M,25.950000000000045,35.35000000000002,90.0,1486.0,40.2,110.0,0,0,0,0,0,0,-9.399999999999977,59737.200000000004
L49052,L,25.150000000000034,34.950000000000045,90.0,1326.0,51.3,2.0,0,0,0,0,0,0,-9.800000000000011,68023.8
L55979,L,24.150000000000034,35.55000000000001,90.0,1608.0,32.9,42.0,0,0,0,0,0,0,-11.399999999999977,52903.2
L52352,L,31.05000000000001,40.25,90.0,1348.0,51.6,78.0,0,0,0,0,0,0,-9.199999999999989,69556.8
L56669,L,25.75,36.55000000000001,90.0,1407.0,40.5,114.0,0,0,0,0,0,0,-10.800000000000011,56983.5
L54123,L,27.55000000000001,37.950000000000045,90.0,1448.0,52.1,48.0,0,0,0,0,0,0,-10.400000000000034,75440.8
L57163,L,25.55000000000001,35.25,90.0,1444.0,42.7,190.0,0,0,0,0,0,0,-9.699999999999989,61658.8
L52767,L,29.350000000000023,39.05000000000001,90.0,1474.0,42.9,52.0,0,0,0,0,0,0,-9.699999999999989,63234.6
L52416,L,30.650000000000034,39.950000000000045,90.0,1419.0,45.4,36.0,0,0,0,0,0,0,-9.300000000000011,64422.6
L51623,L,29.350000000000023,36.950000000000045,90.0,1743.0,28.9,152.0,0,0,0,0,0,0,-7.600000000000023,50372.7
L49437,L,26.05000000000001,35.35000000000002,90.0,1459.0,40.2,61.0,0,0,0,0,0,0,-9.300000000000011,58651.8
M19072,M,28.850000000000023,37.450000000000045,90.0,1392.0,48.3,104.0,0,0,0,0,0,0,-8.600000000000023,67233.59999999999
L56212,L,24.150000000000034,35.150000000000034,90.0,1484.0,38.1,33.0,0,0,0,0,0,0,-11.0,56540.4
L54256,L,27.55000000000001,37.35000000000002,90.0,1716.0,30.0,141.0,0,0,0,0,0,0,-9.800000000000011,51480.0
L48337,L,23.850000000000023,34.75,90.0,1498.0,34.2,136.0,0,0,0,0,0,0,-10.899999999999977,51231.600000000006
M15851,M,22.650000000000034,33.35000000000002,90.0,1575.0,35.2,113.0,0,0,0,0,0,0,-10.699999999999989,55440.00000000001
M20539,M,29.05000000000001,38.55000000000001,90.0,1639.0,34.0,28.0,0,0,0,0,0,0,-9.5,55726.0
L49951,L,26.75,36.35000000000002,90.0,1467.0,39.4,18.0,0,0,0,0,0,0,-9.600000000000023,57799.799999999996
L56275,L,24.150000000000034,34.950000000000045,90.0,1486.0,42.5,188.0,0,0,0,0,0,0,-10.800000000000011,63155.0
L55304,L,27.05000000000001,38.25,90.0,1461.0,41.3,5.0,0,0,0,0,0,0,-11.199999999999989,60339.299999999996
L50342,L,27.350000000000023,36.650000000000034,90.0,1342.0,60.0,148.0,0,0,0,0,0,0,-9.300000000000011,80520.0
L51718,L,29.25,37.150000000000034,90.0,1501.0,36.2,94.0,0,0,0,0,0,0,-7.900000000000034,54336.200000000004
L52772,L,29.450000000000045,38.85000000000002,90.0,1559.0,35.0,69.0,0,0,0,0,0,0,-9.399999999999977,54565.0
M16501,M,24.850000000000023,34.85000000000002,90.0,1556.0,35.2,113.0,0,0,0,0,0,0,-10.0,54771.200000000004
M20748,M,28.25,37.85000000000002,90.0,1450.0,46.7,133.0,0,0,0,0,0,0,-9.600000000000023,67715.0
L48721,L,25.25,35.75,90.0,1408.0,47.9,89.0,0,0,0,0,0,0,-10.5,67443.2
L56429,L,25.05000000000001,35.85000000000002,90.0,1549.0,40.8,171.0,0,0,0,0,0,0,-10.800000000000011,63199.2
L54857,L,27.450000000000045,38.450000000000045,90.0,1404.0,45.5,208.0,0,0,0,0,0,0,-11.0,63882.0
L56540,L,24.850000000000023,35.450000000000045,90.0,1584.0,35.5,138.0,0,0,0,0,0,0,-10.600000000000023,56232.0
L50271,L,26.850000000000023,36.150000000000034,90.0,1815.0,29.7,168.0,0,0,0,0,0,0,-9.300000000000011,53905.5
L49349,L,26.450000000000045,35.950000000000045,90.0,1576.0,35.2,8.0,0,0,0,0,0,0,-9.5,55475.200000000004
M20085,M,30.75,39.85000000000002,90.0,1383.0,42.4,9.0,0,0,0,0,0,0,-9.100000000000023,58639.2
L54981,L,26.75,38.150000000000034,90.0,1399.0,49.6,208.0,1,0,0,0,1,0,-11.400000000000034,69390.40000000001
L53828,L,28.350000000000023,37.25,90.0,1471.0,41.8,18.0,0,0,0,0,0,0,-8.899999999999977,61487.799999999996
M18107,M,27.850000000000023,36.650000000000034,90.0,1594.0,31.6,168.0,0,0,0,0,0,0,-8.800000000000011,50370.4
L51481,L,28.55000000000001,36.950000000000045,90.0,1463.0,38.3,16.0,0,0,0,0,0,0,-8.400000000000034,56032.899999999994
H33778,H,28.650000000000034,36.75,90.0,1622.0,33.7,20.0,0,0,0,0,0,0,-8.099999999999966,54661.4
L52510,L,30.55000000000001,39.450000000000045,90.0,1393.0,51.7,53.0,0,0,0,0,0,0,-8.900000000000034,72018.1
L56405,L,25.05000000000001,35.950000000000045,90.0,1474.0,40.7,120.0,0,0,0,0,0,0,-10.900000000000034,59991.8
L52689,L,29.650000000000034,39.05000000000001,90.0,1509.0,36.5,52.0,0,0,0,0,0,0,-9.399999999999977,55078.5
L47660,L,24.25,35.450000000000045,90.0,1496.0,32.0,166.0,0,0,0,0,0,0,-11.200000000000045,47872.0
L55620,L,25.450000000000045,36.650000000000034,90.0,1370.0,56.0,148.0,0,0,0,0,0,0,-11.199999999999989,76720.0
L57033,L,25.450000000000045,35.950000000000045,90.0,1525.0,37.8,54.0,0,0,0,0,0,0,-10.5,57644.99999999999
L54764,L,27.25,38.150000000000034,90.0,1448.0,48.1,187.0,0,0,0,0,0,0,-10.900000000000034,69648.8
M17783,M,27.55000000000001,36.55000000000001,90.0,1707.0,28.4,155.0,0,0,0,0,0,0,-9.0,48478.799999999996
L48805,L,24.650000000000034,34.650000000000034,90.0,1521.0,41.9,73.0,0,0,0,0,0,0,-10.0,63729.9
M16843,M,25.05000000000001,34.55000000000001,90.0,1533.0,42.1,171.0,0,0,0,0,0,0,-9.5,64539.3
M21221,M,26.950000000000045,36.55000000000001,90.0,1512.0,57.3,48.0,0,0,0,0,0,0,-9.599999999999966,86637.59999999999
L52744,L,29.25,38.75,90.0,1394.0,45.1,98.0,0,0,0,0,0,0,-9.5,62869.4
L49814,L,26.850000000000023,36.55000000000001,90.0,1532.0,40.7,0.0,0,0,0,0,0,0,-9.699999999999989,62352.4
L55651,L,25.450000000000045,36.650000000000034,90.0,1543.0,38.8,34.0,0,0,0,0,0,0,-11.199999999999989,59868.399999999994
L56898,L,25.850000000000023,36.75,90.0,1567.0,35.5,117.0,0,0,0,0,0,0,-10.899999999999977,55628.5
L53337,L,27.950000000000045,38.05000000000001,90.0,1416.0,55.3,186.0,0,0,0,0,0,0,-10.099999999999966,78304.8
L51784,L,29.75,37.85000000000002,90.0,1820.0,24.0,139.0,0,0,0,0,0,0,-8.100000000000023,43680.0
L56366,L,24.75,35.85000000000002,90.0,1442.0,50.4,26.0,0,0,0,0,0,0,-11.100000000000023,72676.8
L54261,L,27.55000000000001,37.25,90.0,1749.0,27.4,205.0,0,0,0,0,0,0,-9.699999999999989,47922.6
L52813,L,29.55000000000001,38.950000000000045,90.0,1514.0,47.5,195.0,0,0,0,0,0,0,-9.400000000000034,71915.0
M24600,M,25.75,36.950000000000045,90.0,1445.0,45.6,192.0,0,0,0,0,0,0,-11.200000000000045,65892.0
M15123,M,24.850000000000023,34.950000000000045,90.0,1524.0,42.7,158.0,0,0,0,0,0,0,-10.100000000000023,65074.8
L56836,L,25.850000000000023,36.950000000000045,90.0,1623.0,31.0,210.0,0,0,0,0,0,0,-11.100000000000023,50313.0
M17609,M,26.25,35.950000000000045,90.0,1536.0,35.2,150.0,0,0,0,0,0,0,-9.700000000000045,54067.200000000004
L56580,L,24.55000000000001,35.150000000000034,90.0,1446.0,34.4,97.0,0,0,0,0,0,0,-10.600000000000023,49742.4
L55626,L,25.350000000000023,36.75,90.0,1353.0,47.8,15.0,0,0,0,0,0,0,-11.399999999999977,64673.399999999994
L56244,L,24.05000000000001,35.25,90.0,1656.0,34.2,117.0,0,0,0,0,0,0,-11.199999999999989,56635.200000000004
L47581,L,24.350000000000023,35.25,90.0,1713.0,25.8,15.0,0,0,0,0,0,0,-10.899999999999977,44195.4
L54368,L,27.25,37.25,90.0,1402.0,49.4,48.0,0,0,0,0,0,0,-10.0,69258.8
L54188,L,27.350000000000023,37.450000000000045,90.0,1403.0,45.8,10.0,0,0,0,0,0,0,-10.100000000000023,64257.399999999994
L55946,L,24.350000000000023,35.650000000000034,90.0,1602.0,36.5,188.0,0,0,0,0,0,0,-11.300000000000011,58473.0
M19983,M,31.05000000000001,40.450000000000045,90.0,1657.0,30.4,161.0,0,0,0,0,0,0,-9.400000000000034,50372.799999999996
L53066,L,27.850000000000023,37.950000000000045,90.0,1494.0,41.9,96.0,0,0,0,0,0,0,-10.100000000000023,62598.6
L55886,L,24.05000000000001,35.35000000000002,90.0,1454.0,53.0,39.0,0,0,0,0,0,0,-11.300000000000011,77062.0
M24370,M,26.05000000000001,37.150000000000034,90.0,1504.0,43.3,37.0,0,0,0,0,0,0,-11.100000000000023,65123.2
L54077,L,27.650000000000034,38.05000000000001,90.0,1491.0,39.2,181.0,0,0,0,0,0,0,-10.399999999999977,58447.200000000004
L57004,L,25.25,36.150000000000034,90.0,1468.0,42.9,0.0,0,0,0,0,0,0,-10.900000000000034,62977.2
L56839,L,25.950000000000045,36.950000000000045,90.0,1653.0,31.0,216.0,0,0,0,0,0,0,-11.0,51243.0
L47833,L,24.650000000000034,35.950000000000045,90.0,1450.0,43.9,163.0,0,0,0,0,0,0,-11.300000000000011,63655.0
L57049,L,25.75,36.75,90.0,1349.0,54.9,96.0,0,0,0,0,0,0,-11.0,74060.09999999999
L50709,L,28.75,37.85000000000002,90.0,1451.0,50.4,206.0,0,0,0,0,0,0,-9.100000000000023,73130.4
L54716,L,26.950000000000045,38.25,90.0,1465.0,47.3,64.0,0,0,0,0,0,0,-11.299999999999955,69294.5
L53392,L,27.650000000000034,37.650000000000034,90.0,1412.0,53.7,93.0,0,0,0,0,0,0,-10.0,75824.40000000001
L53425,L,27.950000000000045,37.450000000000045,90.0,1665.0,31.9,180.0,0,0,0,0,0,0,-9.5,53113.5
M18004,M,27.25,36.85000000000002,90.0,1397.0,43.7,150.0,0,0,0,0,0,0,-9.600000000000023,61048.9
L57152,L,25.450000000000045,35.05000000000001,90.0,1469.0,44.6,168.0,0,0,0,0,0,0,-9.599999999999966,65517.4
L49227,L,26.150000000000034,36.05000000000001,90.0,1422.0,47.8,18.0,0,0,0,0,0,0,-9.899999999999977,67971.59999999999
L48989,L,24.850000000000023,34.55000000000001,90.0,1767.0,27.0,113.0,0,0,0,0,0,0,-9.699999999999989,47709.0
L50719,L,28.850000000000023,37.85000000000002,90.0,1567.0,36.5,25.0,0,0,0,0,0,0,-9.0,57195.5
M22531,M,27.350000000000023,38.450000000000045,90.0,1370.0,51.1,193.0,0,0,0,0,0,0,-11.100000000000023,70007.0
H38191,H,24.350000000000023,35.450000000000045,90.0,1528.0,36.6,139.0,0,0,0,0,0,0,-11.100000000000023,55924.8
L55454,L,25.75,37.450000000000045,90.0,1528.0,32.0,7.0,0,0,0,0,0,0,-11.700000000000045,48896.0
L50606,L,28.350000000000023,37.25,90.0,1380.0,48.7,160.0,0,0,0,0,0,0,-8.899999999999977,67206.0
L52973,L,28.55000000000001,37.85000000000002,90.0,1528.0,30.7,185.0,0,0,0,0,0,0,-9.300000000000011,46909.6
M16557,M,24.75,34.650000000000034,90.0,1618.0,35.0,0.0,0,0,0,0,0,0,-9.900000000000034,56630.0
L53142,L,27.350000000000023,37.650000000000034,90.0,1514.0,39.7,125.0,0,0,0,0,0,0,-10.300000000000011,60105.8
L47363,L,25.05000000000001,35.150000000000034,90.0,1438.0,40.7,57.0,0,0,0,0,0,0,-10.100000000000023,58526.600000000006
L55605,L,25.950000000000045,37.35000000000002,90.0,1378.0,48.7,155.0,0,0,0,0,0,0,-11.399999999999977,67108.6
L47378,L,25.25,35.55000000000001,90.0,1694.0,27.2,98.0,0,0,0,0,0,0,-10.300000000000011,46076.799999999996
M19113,M,29.350000000000023,37.25,90.0,1541.0,48.6,188.0,0,0,0,0,0,0,-7.899999999999977,74892.6
L56907,L,25.650000000000034,36.650000000000034,90.0,1461.0,39.4,166.0,0,0,0,0,0,0,-11.0,57563.4
H39148,H,25.450000000000045,36.35000000000002,90.0,1526.0,37.6,148.0,0,0,0,0,0,0,-10.899999999999977,57377.6
L51577,L,29.25,37.05000000000001,90.0,1539.0,37.4,29.0,0,0,0,0,0,0,-7.800000000000011,57558.6
L56414,L,25.350000000000023,36.25,90.0,1502.0,40.2,138.0,0,0,0,0,0,0,-10.899999999999977,60380.4
L55119,L,27.650000000000034,38.650000000000034,90.0,1417.0,40.2,223.0,0,0,0,0,0,0,-11.0,56963.4
L55903,L,24.05000000000001,35.450000000000045,90.0,1378.0,53.9,20.0,0,0,0,0,0,0,-11.400000000000034,74274.2
L54714,L,26.850000000000023,38.05000000000001,90.0,1651.0,32.1,66.0,0,0,0,0,0,0,-11.199999999999989,52997.100000000006
H38445,H,24.350000000000023,35.150000000000034,90.0,1793.0,23.9,5.0,0,0,0,0,0,0,-10.800000000000011,42852.7
L48808,L,24.75,34.650000000000034,90.0,1451.0,28.8,80.0,0,0,0,0,0,0,-9.900000000000034,41788.8
L47221,L,25.650000000000034,35.950000000000045,90.0,1368.0,46.1,115.0,0,0,0,0,0,0,-10.300000000000011,63064.8
L53602,L,27.150000000000034,36.75,90.0,1551.0,36.9,0.0,0,0,0,0,0,0,-9.599999999999966,57231.899999999994
L51974,L,30.450000000000045,39.450000000000045,90.0,1699.0,27.9,5.0,0,0,0,0,0,0,-9.0,47402.1
L48427,L,24.05000000000001,35.35000000000002,90.0,1489.0,41.9,212.0,0,0,0,0,0,0,-11.300000000000011,62389.1
M21821,M,27.55000000000001,37.85000000000002,90.0,1378.0,46.6,157.0,0,0,0,0,0,0,-10.300000000000011,64214.8
L47992,L,23.650000000000034,34.450000000000045,90.0,1502.0,43.1,128.0,0,0,0,0,0,0,-10.800000000000011,64736.200000000004
M21697,M,27.850000000000023,37.85000000000002,90.0,1477.0,34.6,199.0,0,0,0,0,0,0,-10.0,51104.200000000004
L55884,L,24.05000000000001,35.25,90.0,1335.0,60.0,196.0,0,0,0,0,0,0,-11.199999999999989,80100.0
L57078,L,25.55000000000001,35.950000000000045,90.0,1523.0,46.3,178.0,0,0,0,0,0,0,-10.400000000000034,70514.9
M17086,M,26.450000000000045,35.75,90.0,1475.0,42.9,161.0,0,0,0,0,0,0,-9.299999999999955,63277.5
L47285,L,25.650000000000034,35.75,90.0,1591.0,31.1,68.0,0,0,0,0,0,0,-10.099999999999966,49480.100000000006
M18462,M,28.55000000000001,37.450000000000045,90.0,1417.0,45.2,64.0,0,0,0,0,0,0,-8.900000000000034,64048.4
L47388,L,25.25,35.450000000000045,90.0,1383.0,46.4,179.0,0,0,0,0,0,0,-10.200000000000045,64171.2
L48397,L,23.850000000000023,34.950000000000045,90.0,1410.0,43.5,122.0,0,0,0,0,0,0,-11.100000000000023,61335.0
M18462,M,28.450000000000045,37.450000000000045,90.0,1417.0,45.2,185.0,0,0,0,0,0,0,-9.0,64048.4
H38710,H,25.05000000000001,35.85000000000002,90.0,1437.0,39.2,100.0,0,0,0,0,0,0,-10.800000000000011,56330.4
H38112,H,23.950000000000045,35.450000000000045,90.0,1561.0,33.9,18.0,0,0,0,0,0,0,-11.5,52917.899999999994
L53148,L,27.25,37.650000000000034,90.0,1436.0,47.3,0.0,0,0,0,0,0,0,-10.400000000000034,67922.8
H37209,H,27.05000000000001,38.25,90.0,1385.0,49.2,127.0,0,0,0,0,0,0,-11.199999999999989,68142.0
L52878,L,29.350000000000023,38.75,90.0,1265.0,59.8,127.0,0,0,0,0,0,0,-9.399999999999977,75647.0
L55540,L,25.450000000000045,36.450000000000045,90.0,1495.0,35.8,5.0,0,0,0,0,0,0,-11.0,53520.99999999999
M16879,M,25.850000000000023,35.55000000000001,90.0,1458.0,48.0,55.0,0,0,0,0,0,0,-9.699999999999989,69984.0
L56449,L,25.05000000000001,35.650000000000034,90.0,1476.0,60.9,32.0,0,0,0,0,0,0,-10.600000000000023,89888.4
L53169,L,27.55000000000001,37.55000000000001,90.0,1387.0,48.0,102.0,0,0,0,0,0,0,-10.0,66576.0
L49650,L,25.75,35.35000000000002,90.0,1411.0,50.6,136.0,0,0,0,0,0,0,-9.600000000000023,71396.6
L47698,L,24.450000000000045,36.35000000000002,90.0,1616.0,34.6,37.0,0,0,0,0,0,0,-11.899999999999977,55913.600000000006
L49787,L,26.25,36.150000000000034,90.0,1578.0,36.7,0.0,0,0,0,0,0,0,-9.900000000000034,57912.600000000006
L52184,L,30.55000000000001,39.650000000000034,90.0,1517.0,41.3,200.0,0,0,0,0,0,0,-9.100000000000023,62652.1
L53296,L,27.650000000000034,37.75,90.0,1510.0,38.4,116.0,0,0,0,0,0,0,-10.099999999999966,57984.0
L54939,L,27.25,38.650000000000034,90.0,1488.0,59.2,18.0,0,0,0,0,0,0,-11.400000000000034,88089.6
M15913,M,23.55000000000001,34.55000000000001,90.0,1416.0,48.1,176.0,0,0,0,0,0,0,-11.0,68109.6
L50401,L,27.25,36.450000000000045,90.0,1423.0,44.1,198.0,0,0,0,0,0,0,-9.200000000000045,62754.3
L48325,L,23.850000000000023,34.650000000000034,90.0,1553.0,42.3,155.0,0,0,0,0,0,0,-10.800000000000011,65691.9
L48384,L,23.75,34.85000000000002,90.0,1587.0,34.6,84.0,0,0,0,0,0,0,-11.100000000000023,54910.200000000004
H37175,H,27.25,38.55000000000001,90.0,1319.0,60.5,203.0,0,0,0,0,0,0,-11.300000000000011,79799.5
L50072,L,27.55000000000001,36.450000000000045,90.0,1682.0,30.7,80.0,0,0,0,0,0,0,-8.900000000000034,51637.4
L53365,L,27.950000000000045,37.75,90.0,1365.0,41.4,28.0,0,0,0,0,0,0,-9.799999999999955,56511.0
L48983,L,24.950000000000045,34.55000000000001,90.0,1429.0,40.3,109.0,0,0,0,0,0,0,-9.599999999999966,57588.7
L47187,L,24.950000000000045,35.450000000000045,90.0,1429.0,54.1,14.0,0,0,0,0,0,0,-10.5,77308.90000000001
L50088,L,27.55000000000001,36.450000000000045,90.0,1432.0,43.9,64.0,0,0,0,0,0,0,-8.900000000000034,62864.799999999996
L48516,L,25.75,36.950000000000045,90.0,1355.0,49.6,230.0,0,0,0,0,0,0,-11.200000000000045,67208.0
M15658,M,23.75,34.650000000000034,90.0,1544.0,41.9,89.0,0,0,0,0,0,0,-10.900000000000034,64693.6
M21878,M,27.55000000000001,37.450000000000045,90.0,1469.0,40.2,31.0,0,0,0,0,0,0,-9.900000000000034,59053.8
L50786,L,28.55000000000001,37.450000000000045,90.0,1494.0,41.0,194.0,0,0,0,0,0,0,-8.900000000000034,61254.0
L56616,L,24.850000000000023,35.450000000000045,90.0,1662.0,34.5,54.0,0,0,0,0,0,0,-10.600000000000023,57339.0
L53141,L,27.150000000000034,37.55000000000001,90.0,1366.0,46.5,123.0,0,0,0,0,0,0,-10.399999999999977,63519.0
M23555,M,24.150000000000034,35.450000000000045,90.0,1516.0,38.9,25.0,0,0,0,0,0,0,-11.300000000000011,58972.4
M23886,M,24.350000000000023,35.25,90.0,1785.0,28.1,2.0,0,0,0,0,0,0,-10.899999999999977,50158.5
L55499,L,25.55000000000001,36.55000000000001,90.0,1462.0,40.1,137.0,0,0,0,0,0,0,-11.0,58626.200000000004
L50491,L,28.150000000000034,37.25,90.0,1565.0,36.4,129.0,0,0,0,0,0,0,-9.099999999999966,56966.0
L50021,L,27.150000000000034,36.25,90.0,1429.0,29.4,190.0,0,0,0,0,0,0,-9.099999999999966,42012.6
L52819,L,29.150000000000034,38.650000000000034,90.0,1443.0,56.4,181.0,0,0,0,0,0,0,-9.5,81385.2
L47795,L,24.950000000000045,36.75,90.0,1480.0,36.6,58.0,0,0,0,0,0,0,-11.799999999999955,54168.0
L53907,L,28.350000000000023,37.650000000000034,90.0,1519.0,41.0,17.0,0,0,0,0,0,0,-9.300000000000011,62279.0
L47898,L,24.350000000000023,35.650000000000034,90.0,1608.0,32.3,127.0,0,0,0,0,0,0,-11.300000000000011,51938.399999999994
M22654,M,27.05000000000001,38.450000000000045,90.0,1415.0,36.0,82.0,0,0,0,0,0,0,-11.400000000000034,50940.0
L54727,L,27.05000000000001,38.25,90.0,1430.0,40.9,104.0,0,0,0,0,0,0,-11.199999999999989,58487.0
L54148,L,27.55000000000001,38.05000000000001,90.0,1592.0,29.9,85.0,0,0,0,0,0,0,-10.5,47600.799999999996
L49657,L,25.75,35.450000000000045,90.0,1550.0,37.6,154.0,0,0,0,0,0,0,-9.700000000000045,58280.0
L47206,L,25.950000000000045,36.35000000000002,90.0,1692.0,28.3,17.0,0,0,0,0,0,0,-10.399999999999977,47883.6
L48445,L,24.75,36.25,90.0,1558.0,29.6,39.0,0,0,0,0,0,0,-11.5,46116.8
M17833,M,27.450000000000045,36.150000000000034,90.0,1535.0,37.9,85.0,0,0,0,0,0,0,-8.699999999999989,58176.5
L51959,L,30.350000000000023,39.35000000000002,90.0,1377.0,45.9,130.0,0,0,0,0,0,0,-9.0,63204.299999999996
M16578,M,24.75,34.25,90.0,1569.0,35.0,155.0,0,0,0,0,0,0,-9.5,54915.0
L53844,L,28.25,37.35000000000002,90.0,1488.0,39.9,20.0,0,0,0,0,0,0,-9.100000000000023,59371.2
L50302,L,26.850000000000023,36.150000000000034,90.0,1755.0,29.3,42.0,0,0,0,0,0,0,-9.300000000000011,51421.5
M17487,M,26.650000000000034,36.450000000000045,90.0,1578.0,37.8,95.0,0,0,0,0,0,0,-9.800000000000011,59648.399999999994
L49730,L,26.25,35.55000000000001,90.0,1366.0,48.4,116.0,0,0,0,0,0,0,-9.300000000000011,66114.4
L55016,L,26.950000000000045,38.25,90.0,1604.0,35.0,192.0,0,0,0,0,0,0,-11.299999999999955,56140.0
L47454,L,24.950000000000045,34.85000000000002,90.0,1558.0,39.7,171.0,0,0,0,0,0,0,-9.899999999999977,61852.600000000006
H33666,H,29.450000000000045,37.85000000000002,90.0,1438.0,51.0,127.0,0,0,0,0,0,0,-8.399999999999977,73338.0
L56244,L,24.05000000000001,35.25,90.0,1464.0,41.0,117.0,0,0,0,0,0,0,-11.199999999999989,60024.0
L52669,L,29.450000000000045,38.950000000000045,90.0,1457.0,35.0,215.0,0,0,0,0,0,0,-9.5,50995.0
L56763,L,26.150000000000034,37.650000000000034,90.0,1490.0,45.3,64.0,0,0,0,0,0,0,-11.5,67497.0
L52587,L,29.55000000000001,39.05000000000001,90.0,1436.0,43.8,22.0,0,0,0,0,0,0,-9.5,62896.799999999996
L55798,L,24.450000000000045,35.450000000000045,90.0,1536.0,39.8,14.0,0,0,0,0,0,0,-11.0,61132.799999999996
L48754,L,25.05000000000001,35.150000000000034,90.0,1458.0,50.1,47.0,0,0,0,0,0,0,-10.100000000000023,73045.8
L47206,L,25.950000000000045,36.35000000000002,90.0,1350.0,50.7,75.0,0,0,0,0,0,0,-10.399999999999977,68445.0
L55125,L,27.650000000000034,38.55000000000001,90.0,1655.0,26.5,146.0,0,0,0,0,0,0,-10.899999999999977,43857.5
L50939,L,29.150000000000034,37.85000000000002,90.0,1439.0,48.2,85.0,0,0,0,0,0,0,-8.699999999999989,69359.8
L51863,L,30.450000000000045,38.650000000000034,90.0,1438.0,46.7,99.0,0,0,0,0,0,0,-8.199999999999989,67154.6
L55267,L,26.950000000000045,38.25,90.0,1443.0,40.6,5.0,0,0,0,0,0,0,-11.299999999999955,58585.8
L54749,L,27.05000000000001,38.25,90.0,1533.0,33.7,149.0,0,0,0,0,0,0,-11.199999999999989,51662.100000000006
L51706,L,29.25,37.35000000000002,90.0,1511.0,33.9,142.0,0,0,0,0,0,0,-8.100000000000023,51222.9
H30090,H,24.650000000000034,35.950000000000045,90.0,1420.0,45.5,2.0,0,0,0,0,0,0,-11.300000000000011,64610.0
L54490,L,26.950000000000045,37.35000000000002,90.0,1606.0,33.5,133.0,0,0,0,0,0,0,-10.399999999999977,53801.0
M17597,M,26.650000000000034,35.950000000000045,90.0,1423.0,48.0,152.0,0,0,0,0,0,0,-9.300000000000011,68304.0
M17221,M,26.05000000000001,35.450000000000045,90.0,1631.0,55.3,64.0,0,0,0,0,0,0,-9.400000000000034,90194.29999999999
M23195,M,25.55000000000001,36.450000000000045,90.0,1749.0,28.9,139.0,0,0,0,0,0,0,-10.900000000000034,50546.1
L50178,L,27.350000000000023,36.55000000000001,90.0,1372.0,53.3,102.0,0,0,0,0,0,0,-9.199999999999989,73127.59999999999
L49278,L,26.25,36.150000000000034,90.0,1471.0,37.6,31.0,0,0,0,0,0,0,-9.900000000000034,55309.6
H38469,H,24.150000000000034,35.25,90.0,1664.0,30.6,90.0,0,0,0,0,0,0,-11.099999999999966,50918.4
M17321,M,25.850000000000023,35.450000000000045,90.0,1517.0,39.8,114.0,0,0,0,0,0,0,-9.600000000000023,60376.6
M23951,M,24.05000000000001,34.85000000000002,90.0,1435.0,31.1,191.0,0,0,0,0,0,0,-10.800000000000011,44628.5
M23640,M,24.350000000000023,35.450000000000045,90.0,1327.0,43.2,24.0,0,0,0,0,0,0,-11.100000000000023,57326.4
L56276,L,24.150000000000034,34.950000000000045,90.0,1637.0,31.8,204.0,0,0,0,0,0,0,-10.800000000000011,52056.6
M22863,M,27.650000000000034,38.950000000000045,90.0,1426.0,46.1,182.0,0,0,0,0,0,0,-11.300000000000011,65738.6
H38474,H,24.05000000000001,35.150000000000034,90.0,1452.0,43.7,125.0,0,0,0,0,0,0,-11.100000000000023,63452.4
L49179,L,24.950000000000045,34.85000000000002,90.0,1479.0,39.2,49.0,0,0,0,0,0,0,-9.899999999999977,57976.8
L54255,L,27.450000000000045,37.150000000000034,90.0,1430.0,41.8,15.0,0,0,0,0,0,0,-9.699999999999989,59773.99999999999
L53856,L,28.350000000000023,37.55000000000001,90.0,1536.0,34.0,222.0,0,0,0,0,0,0,-9.199999999999989,52224.0
L55751,L,24.650000000000034,35.35000000000002,90.0,1552.0,39.0,125.0,0,0,0,0,0,0,-10.699999999999989,60528.0
L54437,L,27.05000000000001,36.85000000000002,90.0,1632.0,36.6,33.0,0,0,0,0,0,0,-9.800000000000011,59731.200000000004
L50554,L,28.350000000000023,37.35000000000002,90.0,1496.0,49.5,65.0,0,0,0,0,0,0,-9.0,74052.0
L51565,L,28.650000000000034,36.55000000000001,90.0,1519.0,39.9,15.0,0,0,0,0,0,0,-7.899999999999977,60608.1
L49593,L,25.850000000000023,35.35000000000002,90.0,1408.0,40.6,198.0,0,0,0,0,0,0,-9.5,57164.8
M16334,M,25.350000000000023,36.450000000000045,90.0,1449.0,61.9,130.0,0,0,0,0,0,0,-11.100000000000023,89693.09999999999
L56110,L,24.25,35.25,90.0,1522.0,40.4,0.0,0,0,0,0,0,0,-11.0,61488.799999999996
L54843,L,27.350000000000023,38.450000000000045,90.0,1495.0,50.0,180.0,0,0,0,0,0,0,-11.100000000000023,74750.0
H38593,H,24.75,35.950000000000045,90.0,1435.0,32.8,49.0,0,0,0,0,0,0,-11.200000000000045,47067.99999999999
L53668,L,27.55000000000001,36.650000000000034,90.0,1330.0,48.1,171.0,0,0,0,0,0,0,-9.100000000000023,63973.0
M20585,M,29.05000000000001,38.650000000000034,90.0,1557.0,34.1,185.0,0,0,0,0,0,0,-9.600000000000023,53093.700000000004
L56208,L,24.25,35.150000000000034,90.0,1805.0,24.3,148.0,0,0,0,0,0,0,-10.900000000000034,43861.5
L49191,L,25.55000000000001,35.35000000000002,90.0,1459.0,39.9,150.0,0,0,0,0,0,0,-9.800000000000011,58214.1
L51215,L,28.850000000000023,37.75,90.0,1618.0,35.0,98.0,0,0,0,0,0,0,-8.899999999999977,56630.0
M17042,M,26.25,36.05000000000001,90.0,1548.0,43.4,33.0,0,0,0,0,0,0,-9.800000000000011,67183.2
M17146,M,26.25,35.55000000000001,90.0,1589.0,34.4,107.0,0,0,0,0,0,0,-9.300000000000011,54661.6
M18453,M,28.450000000000045,37.25,90.0,1498.0,45.3,161.0,0,0,0,0,0,0,-8.799999999999955,67859.4
H35348,H,28.55000000000001,38.05000000000001,90.0,1454.0,43.7,139.0,0,0,0,0,0,0,-9.5,63539.8
L52591,L,29.650000000000034,39.450000000000045,90.0,1362.0,59.8,22.0,0,0,0,0,0,0,-9.800000000000011,81447.59999999999
L48961,L,25.350000000000023,34.950000000000045,90.0,1451.0,42.8,48.0,0,0,0,0,0,0,-9.600000000000023,62102.799999999996
L55017,L,27.150000000000034,38.35000000000002,90.0,1585.0,38.0,193.0,0,0,0,0,0,0,-11.199999999999989,60230.0
M19978,M,30.950000000000045,40.150000000000034,90.0,1389.0,49.6,0.0,0,0,0,0,0,0,-9.199999999999989,68894.40000000001
L56262,L,24.05000000000001,34.75,90.0,1714.0,28.8,109.0,0,0,0,0,0,0,-10.699999999999989,49363.200000000004
L50361,L,26.950000000000045,36.05000000000001,90.0,1446.0,48.5,194.0,0,0,0,0,0,0,-9.099999999999966,70131.0
L50002,L,27.150000000000034,36.150000000000034,90.0,1533.0,37.2,140.0,0,0,0,0,0,0,-9.0,57027.600000000006
M17609,M,26.450000000000045,36.05000000000001,90.0,1472.0,45.9,64.0,0,0,0,0,0,0,-9.599999999999966,67564.8
M22230,M,26.450000000000045,37.650000000000034,90.0,1479.0,46.1,15.0,0,0,0,0,0,0,-11.199999999999989,68181.90000000001
L55118,L,27.650000000000034,38.450000000000045,90.0,1472.0,46.9,221.0,0,0,0,0,0,0,-10.800000000000011,69036.8
M19622,M,30.55000000000001,38.85000000000002,90.0,1734.0,27.2,73.0,0,0,0,0,0,0,-8.300000000000011,47164.799999999996
L48906,L,25.150000000000034,34.650000000000034,90.0,1515.0,44.2,104.0,0,0,0,0,0,0,-9.5,66963.0
L56497,L,25.75,36.450000000000045,90.0,1481.0,41.2,160.0,0,0,0,0,0,0,-10.700000000000045,61017.200000000004
L54128,L,27.55000000000001,38.05000000000001,90.0,1462.0,50.5,63.0,0,0,0,0,0,0,-10.5,73831.0
L54271,L,27.450000000000045,37.05000000000001,90.0,1452.0,51.0,10.0,0,0,0,0,0,0,-9.599999999999966,74052.0
L50131,L,27.55000000000001,36.35000000000002,90.0,1641.0,31.1,27.0,0,0,0,0,0,0,-8.800000000000011,51035.100000000006
L48771,L,24.950000000000045,35.150000000000034,90.0,1455.0,46.4,209.0,0,0,0,0,0,0,-10.199999999999989,67512.0
L50304,L,26.950000000000045,36.25,90.0,1487.0,39.1,124.0,0,0,0,0,0,0,-9.299999999999955,58141.700000000004
L53843,L,28.150000000000034,37.650000000000034,90.0,1515.0,39.5,190.0,0,0,0,0,0,0,-9.5,59842.5
L56357,L,24.75,35.950000000000045,90.0,1504.0,34.9,4.0,0,0,0,0,0,0,-11.200000000000045,52489.6
L56060,L,24.850000000000023,36.05000000000001,90.0,1458.0,39.1,0.0,0,0,0,0,0,0,-11.199999999999989,57007.8
M22252,M,26.55000000000001,37.450000000000045,90.0,1492.0,39.3,131.0,0,0,0,0,0,0,-10.900000000000034,58635.6
L49605,L,25.75,35.450000000000045,90.0,1432.0,46.7,26.0,0,0,0,0,0,0,-9.700000000000045,66874.40000000001
H34854,H,29.850000000000023,39.35000000000002,90.0,1734.0,27.7,89.0,0,0,0,0,0,0,-9.5,48031.799999999996
M21264,M,27.05000000000001,36.650000000000034,90.0,1183.0,35.2,170.0,0,0,0,0,0,0,-9.600000000000023,41641.600000000006
L53526,L,26.950000000000045,36.55000000000001,90.0,1463.0,47.0,59.0,0,0,0,0,0,0,-9.599999999999966,68761.0
L55162,L,27.850000000000023,39.150000000000034,90.0,1445.0,41.2,109.0,0,0,0,0,0,0,-11.300000000000011,59534.00000000001
L50482,L,28.25,37.35000000000002,90.0,1512.0,36.7,72.0,0,0,0,0,0,0,-9.100000000000023,55490.4
L53527,L,27.05000000000001,36.55000000000001,90.0,1553.0,41.0,17.0,0,0,0,0,0,0,-9.5,63673.0
L54707,L,26.950000000000045,38.25,90.0,1631.0,31.2,43.0,0,0,0,0,0,0,-11.299999999999955,50887.2
L53158,L,27.350000000000023,37.55000000000001,90.0,1448.0,46.3,173.0,0,0,0,0,0,0,-10.199999999999989,67042.4
L47488,L,24.850000000000023,35.35000000000002,90.0,1457.0,39.2,155.0,0,0,0,0,0,0,-10.5,57114.4
L53122,L,27.150000000000034,37.55000000000001,90.0,1547.0,41.5,74.0,0,0,0,0,0,0,-10.399999999999977,64200.5
L53362,L,27.850000000000023,37.650000000000034,90.0,1392.0,50.4,19.0,0,0,0,0,0,0,-9.800000000000011,70156.8
M19264,M,29.450000000000045,37.05000000000001,90.0,1627.0,31.0,44.0,0,0,0,0,0,0,-7.599999999999966,50437.0
L56455,L,25.05000000000001,35.55000000000001,90.0,1563.0,38.3,47.0,0,0,0,0,0,0,-10.5,59862.899999999994
L55336,L,26.450000000000045,37.650000000000034,90.0,1452.0,43.1,127.0,0,0,0,0,0,0,-11.199999999999989,62581.200000000004
L53542,L,26.850000000000023,36.450000000000045,90.0,1738.0,28.7,58.0,0,0,0,0,0,0,-9.600000000000023,49880.6
L55305,L,27.150000000000034,38.25,90.0,1477.0,44.7,9.0,0,0,0,0,0,0,-11.099999999999966,66021.90000000001
L53973,L,28.25,37.55000000000001,90.0,1608.0,42.9,210.0,0,0,0,0,0,0,-9.300000000000011,68983.2
H33361,H,29.05000000000001,37.85000000000002,90.0,1349.0,51.0,5.0,0,0,0,0,0,0,-8.800000000000011,68799.0
L52456,L,30.350000000000023,39.85000000000002,90.0,1605.0,37.3,126.0,0,0,0,0,0,0,-9.5,59866.49999999999
L53459,L,28.150000000000034,37.55000000000001,90.0,1293.0,54.4,51.0,0,0,0,0,0,0,-9.399999999999977,70339.2
L54157,L,27.75,38.05000000000001,90.0,1434.0,41.3,137.0,0,0,0,0,0,0,-10.300000000000011,59224.2
L54162,L,27.55000000000001,37.950000000000045,90.0,1452.0,41.0,77.0,0,0,0,0,0,0,-10.400000000000034,59532.0
M17563,M,26.650000000000034,36.05000000000001,90.0,1372.0,58.2,54.0,0,0,0,0,0,0,-9.399999999999977,79850.40000000001
L56793,L,25.850000000000023,37.05000000000001,90.0,1415.0,50.9,26.0,0,0,0,0,0,0,-11.199999999999989,72023.5
L49423,L,26.05000000000001,35.25,90.0,1465.0,50.7,193.0,0,0,0,0,0,0,-9.199999999999989,74275.5
L49094,L,24.55000000000001,34.55000000000001,90.0,1628.0,35.7,169.0,0,0,0,0,0,0,-10.0,58119.600000000006
M18367,M,28.650000000000034,37.650000000000034,90.0,1385.0,50.3,82.0,0,0,0,0,0,0,-9.0,69665.5
L52316,L,30.950000000000045,40.150000000000034,90.0,1423.0,46.0,125.0,0,0,0,0,0,0,-9.199999999999989,65458.0
L53257,L,27.75,37.55000000000001,90.0,1479.0,40.0,201.0,0,0,0,0,0,0,-9.800000000000011,59160.0
L55542,L,25.450000000000045,36.450000000000045,90.0,1384.0,48.1,44.0,0,0,0,0,0,0,-11.0,66570.40000000001
L55557,L,25.650000000000034,36.55000000000001,90.0,1336.0,50.3,48.0,0,0,0,0,0,0,-10.899999999999977,67200.8
L55906,L,24.05000000000001,35.55000000000001,90.0,1562.0,33.0,84.0,0,0,0,0,0,0,-11.5,51546.0
L52757,L,29.25,38.950000000000045,90.0,1374.0,50.4,28.0,0,0,0,0,0,0,-9.700000000000045,69249.59999999999
L50338,L,27.25,36.55000000000001,90.0,1679.0,30.1,44.0,0,0,0,0,0,0,-9.300000000000011,50537.9
L47904,L,24.350000000000023,35.75,90.0,1490.0,38.9,140.0,0,0,0,0,0,0,-11.399999999999977,57961.0
L48894,L,25.05000000000001,34.650000000000034,90.0,1619.0,29.6,76.0,0,0,0,0,0,0,-9.600000000000023,47922.4
L55981,L,24.25,35.35000000000002,90.0,1517.0,36.4,20.0,0,0,0,0,0,0,-11.100000000000023,55218.799999999996
L49377,L,26.55000000000001,35.75,90.0,1412.0,49.2,190.0,0,0,0,0,0,0,-9.199999999999989,69470.40000000001
L51819,L,29.950000000000045,38.05000000000001,90.0,1428.0,40.8,174.0,0,0,0,0,0,0,-8.099999999999966,58262.399999999994
L49318,L,26.150000000000034,35.85000000000002,90.0,1711.0,30.6,154.0,0,0,0,0,0,0,-9.699999999999989,52356.600000000006
L49810,L,26.75,36.450000000000045,90.0,1569.0,38.1,105.0,0,0,0,0,0,0,-9.700000000000045,59778.9
M14955,M,25.850000000000023,35.85000000000002,90.0,1561.0,36.8,44.0,0,0,0,0,0,0,-10.0,57444.799999999996
L51175,L,29.150000000000034,38.150000000000034,90.0,1408.0,47.8,0.0,0,0,0,0,0,0,-9.0,67302.4
L53162,L,27.55000000000001,37.75,90.0,1455.0,40.2,142.0,0,0,0,0,0,0,-10.199999999999989,58491.00000000001
L56793,L,25.850000000000023,36.950000000000045,90.0,1510.0,35.5,92.0,0,0,0,0,0,0,-11.100000000000023,53605.0
M24412,M,26.350000000000023,37.75,90.0,1692.0,28.4,141.0,0,0,0,0,0,0,-11.399999999999977,48052.799999999996
L49763,L,26.05000000000001,35.75,90.0,1448.0,50.8,195.0,0,0,0,0,0,0,-9.699999999999989,73558.4
L52669,L,29.450000000000045,38.950000000000045,90.0,1499.0,35.0,215.0,0,0,0,0,0,0,-9.5,52465.0
L52742,L,29.25,38.650000000000034,90.0,1412.0,44.7,197.0,0,0,0,0,0,0,-9.400000000000034,63116.4
L56266,L,23.950000000000045,34.650000000000034,90.0,1355.0,48.1,158.0,0,0,0,0,0,0,-10.699999999999989,65175.5
M23588,M,24.05000000000001,35.450000000000045,90.0,1641.0,30.8,88.0,0,0,0,0,0,0,-11.400000000000034,50542.8
L47918,L,23.650000000000034,35.150000000000034,90.0,1506.0,45.9,94.0,0,0,0,0,0,0,-11.5,69125.4
M16778,M,24.950000000000045,34.75,90.0,1479.0,40.0,0.0,0,0,0,0,0,0,-9.799999999999955,59160.0
M16381,M,25.05000000000001,35.150000000000034,90.0,1530.0,37.1,22.0,0,0,0,0,0,0,-10.100000000000023,56763.0
L56611,L,24.850000000000023,35.450000000000045,90.0,1429.0,42.8,119.0,0,0,0,0,0,0,-10.600000000000023,61161.2
M17204,M,26.05000000000001,35.05000000000001,90.0,1755.0,42.5,19.0,0,0,0,0,0,0,-9.0,74587.5
L52207,L,30.850000000000023,40.05000000000001,90.0,1365.0,52.9,127.0,1,0,0,0,1,0,-9.199999999999989,72208.5
L55267,L,27.05000000000001,38.25,90.0,1603.0,40.6,147.0,0,0,0,0,0,0,-11.199999999999989,65081.8
M24403,M,26.350000000000023,37.75,90.0,1478.0,43.2,119.0,0,0,0,0,0,0,-11.399999999999977,63849.600000000006
L54267,L,27.55000000000001,37.25,90.0,1491.0,40.1,0.0,0,0,0,0,0,0,-9.699999999999989,59789.1
H38694,H,24.350000000000023,35.450000000000045,90.0,1449.0,51.1,24.0,0,0,0,0,0,0,-11.100000000000023,74043.90000000001
L52042,L,30.350000000000023,38.950000000000045,90.0,1604.0,34.7,112.0,0,0,0,0,0,0,-8.600000000000023,55658.8
M18808,M,29.05000000000001,38.150000000000034,90.0,1708.0,28.6,5.0,0,0,0,0,0,0,-9.100000000000023,48848.8
L54262,L,27.55000000000001,37.450000000000045,90.0,1478.0,39.6,207.0,0,0,0,0,0,0,-9.900000000000034,58528.8
L53966,L,28.05000000000001,37.650000000000034,90.0,1596.0,37.5,66.0,0,0,0,0,0,0,-9.600000000000023,59850.0
L53336,L,27.950000000000045,37.950000000000045,90.0,1615.0,29.6,184.0,0,0,0,0,0,0,-10.0,47804.0
L56320,L,24.350000000000023,35.35000000000002,90.0,1636.0,39.9,110.0,0,0,0,0,0,0,-11.0,65276.399999999994
L51687,L,29.25,36.85000000000002,90.0,1468.0,39.5,100.0,0,0,0,0,0,0,-7.600000000000023,57986.0
M21435,M,28.450000000000045,37.55000000000001,90.0,1557.0,31.1,160.0,0,0,0,0,0,0,-9.099999999999966,48422.700000000004
M24474,M,25.950000000000045,37.05000000000001,90.0,1543.0,38.0,94.0,0,0,0,0,0,0,-11.099999999999966,58634.0
M19282,M,29.450000000000045,37.35000000000002,90.0,1671.0,28.8,101.0,0,0,0,0,0,0,-7.899999999999977,48124.8
L50311,L,26.950000000000045,36.75,90.0,1438.0,50.1,57.0,0,0,0,0,0,0,-9.799999999999955,72043.8
L47345,L,25.350000000000023,35.25,90.0,1524.0,34.5,8.0,0,0,0,0,0,0,-9.899999999999977,52578.0
M20524,M,29.25,38.25,90.0,1458.0,41.1,146.0,0,0,0,0,0,0,-9.0,59923.8
L55326,L,26.450000000000045,37.75,90.0,1447.0,31.8,173.0,0,0,0,0,0,0,-11.299999999999955,46014.6
H39042,H,25.850000000000023,36.85000000000002,90.0,1569.0,34.6,179.0,0,0,0,0,0,0,-11.0,54287.4
L51283,L,28.850000000000023,37.35000000000002,90.0,1374.0,44.4,167.0,0,0,0,0,0,0,-8.5,61005.6
L48589,L,25.75,36.950000000000045,90.0,1466.0,42.5,155.0,0,0,0,0,0,0,-11.200000000000045,62305.0
H30339,H,22.450000000000045,32.85000000000002,90.0,1419.0,40.4,210.0,0,0,0,0,0,0,-10.399999999999977,57327.6
L56165,L,23.950000000000045,34.75,90.0,1444.0,42.5,135.0,0,0,0,0,0,0,-10.799999999999955,61370.0
L52169,L,30.75,40.05000000000001,90.0,1450.0,47.0,173.0,0,0,0,0,0,0,-9.300000000000011,68150.0
L55861,L,24.05000000000001,35.35000000000002,90.0,1706.0,26.4,183.0,0,0,0,0,0,0,-11.300000000000011,45038.399999999994
M24050,M,24.850000000000023,35.85000000000002,90.0,1446.0,37.1,7.0,0,0,0,0,0,0,-11.0,53646.6
L51410,L,29.05000000000001,37.650000000000034,90.0,1507.0,39.4,52.0,0,0,0,0,0,0,-8.600000000000023,59375.799999999996
L53995,L,27.850000000000023,37.55000000000001,90.0,1427.0,44.1,141.0,0,0,0,0,0,0,-9.699999999999989,62930.700000000004
L56092,L,23.950000000000045,34.950000000000045,90.0,1676.0,31.3,203.0,0,0,0,0,0,0,-11.0,52458.8
L56746,L,26.650000000000034,37.950000000000045,90.0,1603.0,43.7,179.0,0,0,0,0,0,0,-11.300000000000011,70051.1
L53759,L,28.150000000000034,37.25,90.0,1520.0,39.6,192.0,0,0,0,0,0,0,-9.099999999999966,60192.0
M17739,M,27.450000000000045,36.25,90.0,1571.0,37.6,45.0,0,0,0,0,0,0,-8.799999999999955,59069.600000000006
L55372,L,26.55000000000001,37.950000000000045,90.0,1548.0,32.6,156.0,0,0,0,0,0,0,-11.400000000000034,50464.8
L53157,L,27.55000000000001,37.55000000000001,90.0,1444.0,50.0,173.0,0,0,0,0,0,0,-10.0,72200.0
M20772,M,27.450000000000045,37.150000000000034,90.0,1490.0,29.8,6.0,0,0,0,0,0,0,-9.699999999999989,44402.0
L54115,L,27.55000000000001,37.950000000000045,90.0,1492.0,48.7,118.0,0,0,0,0,0,0,-10.400000000000034,72660.40000000001
L54473,L,26.950000000000045,37.35000000000002,90.0,1456.0,29.2,95.0,0,0,0,0,0,0,-10.399999999999977,42515.2
L54249,L,27.650000000000034,37.35000000000002,90.0,1390.0,48.8,173.0,0,0,0,0,0,0,-9.699999999999989,67832.0
M21262,M,27.05000000000001,36.450000000000045,90.0,1385.0,48.7,165.0,0,0,0,0,0,0,-9.400000000000034,67449.5
L56471,L,25.05000000000001,35.85000000000002,90.0,1605.0,41.1,146.0,0,0,0,0,0,0,-10.800000000000011,65965.5
M22602,M,27.350000000000023,38.55000000000001,90.0,1511.0,31.4,155.0,0,0,0,0,0,0,-11.199999999999989,47445.4
L49703,L,25.650000000000034,35.55000000000001,90.0,1537.0,35.8,96.0,0,0,0,0,0,0,-9.899999999999977,55024.6
L47679,L,24.350000000000023,35.950000000000045,90.0,1474.0,47.3,18.0,0,0,0,0,0,0,-11.600000000000023,69720.2
L53978,L,28.150000000000034,37.55000000000001,90.0,1531.0,41.2,28.0,0,0,0,0,0,0,-9.399999999999977,63077.200000000004
L49418,L,25.950000000000045,35.150000000000034,90.0,1474.0,49.6,150.0,0,0,0,0,0,0,-9.199999999999989,73110.40000000001
L49976,L,27.150000000000034,36.450000000000045,90.0,1513.0,35.2,166.0,0,0,0,0,0,0,-9.300000000000011,53257.600000000006
M19233,M,28.650000000000034,36.55000000000001,90.0,1635.0,35.9,204.0,0,0,0,0,0,0,-7.899999999999977,58696.5
M23288,M,25.450000000000045,36.35000000000002,90.0,1611.0,34.2,101.0,0,0,0,0,0,0,-10.899999999999977,55096.200000000004
M18484,M,28.850000000000023,38.25,90.0,1432.0,41.1,5.0,0,0,0,0,0,0,-9.399999999999977,58855.200000000004
L50197,L,27.350000000000023,36.55000000000001,90.0,1305.0,51.7,202.0,0,0,0,0,0,0,-9.199999999999989,67468.5
H32254,H,27.25,36.25,90.0,1587.0,31.2,185.0,0,0,0,0,0,0,-9.0,49514.4
L55270,L,26.950000000000045,38.25,90.0,1649.0,32.1,169.0,0,0,0,0,0,0,-11.299999999999955,52932.9
L56264,L,24.05000000000001,34.75,90.0,1515.0,35.6,192.0,0,0,0,0,0,0,-10.699999999999989,53934.0
L47784,L,24.75,36.75,90.0,1453.0,39.8,33.0,0,0,0,0,0,0,-12.0,57829.399999999994
L55447,L,25.950000000000045,37.450000000000045,90.0,1366.0,50.2,202.0,0,0,0,0,0,0,-11.5,68573.2
L53102,L,27.350000000000023,37.05000000000001,90.0,1375.0,52.5,31.0,0,0,0,0,0,0,-9.699999999999989,72187.5
H36642,H,26.650000000000034,36.55000000000001,90.0,1368.0,47.4,26.0,0,0,0,0,0,0,-9.899999999999977,64843.2
L48448,L,24.850000000000023,36.35000000000002,90.0,1496.0,40.2,47.0,0,0,0,0,0,0,-11.5,60139.200000000004
M16414,M,25.25,35.55000000000001,90.0,1584.0,42.8,117.0,0,0,0,0,0,0,-10.300000000000011,67795.2
L53380,L,27.850000000000023,37.75,90.0,1434.0,42.4,105.0,0,0,0,0,0,0,-9.899999999999977,60801.6
M22155,M,26.950000000000045,37.35000000000002,90.0,1395.0,41.8,157.0,0,0,0,0,0,0,-10.399999999999977,58310.99999999999
M21565,M,28.350000000000023,37.450000000000045,90.0,1655.0,29.1,170.0,0,0,0,0,0,0,-9.100000000000023,48160.5
M16202,M,25.450000000000045,37.05000000000001,90.0,1469.0,44.4,13.0,0,0,0,0,0,0,-11.599999999999966,65223.6
L50131,L,27.55000000000001,36.35000000000002,90.0,1576.0,42.8,27.0,0,0,0,0,0,0,-8.800000000000011,67452.79999999999
L54951,L,27.150000000000034,38.450000000000045,90.0,1409.0,41.4,0.0,0,0,0,0,0,0,-11.300000000000011,58332.6
H31522,H,26.25,35.85000000000002,90.0,1517.0,41.7,62.0,0,0,0,0,0,0,-9.600000000000023,63258.9
L52068,L,30.55000000000001,39.25,90.0,1459.0,45.9,184.0,0,0,0,0,0,0,-8.699999999999989,66968.09999999999
L52762,L,29.350000000000023,38.85000000000002,90.0,1495.0,37.8,40.0,0,0,0,0,0,0,-9.5,56510.99999999999
M20339,M,29.55000000000001,39.05000000000001,90.0,1659.0,32.1,15.0,0,0,0,0,0,0,-9.5,53253.9
H35930,H,27.55000000000001,36.75,90.0,1392.0,44.7,176.0,0,0,0,0,0,0,-9.199999999999989,62222.4
L53232,L,27.75,37.85000000000002,90.0,1596.0,35.0,138.0,0,0,0,0,0,0,-10.100000000000023,55860.0
L53453,L,28.05000000000001,37.55000000000001,90.0,1375.0,52.9,166.0,0,0,0,0,0,0,-9.5,72737.5
L49569,L,26.05000000000001,35.35000000000002,90.0,1525.0,39.4,138.0,0,0,0,0,0,0,-9.300000000000011,60085.0
M15500,M,25.150000000000034,36.450000000000045,90.0,1430.0,45.9,129.0,0,0,0,0,0,0,-11.300000000000011,65637.0
L51976,L,30.350000000000023,39.25,90.0,1565.0,36.1,164.0,0,0,0,0,0,0,-8.899999999999977,56496.5
L48449,L,24.950000000000045,36.35000000000002,90.0,1568.0,41.8,48.0,0,0,0,0,0,0,-11.399999999999977,65542.4
L54082,L,27.850000000000023,38.35000000000002,90.0,1410.0,45.6,172.0,0,0,0,0,0,0,-10.5,64296.0
L53565,L,26.850000000000023,36.450000000000045,90.0,1480.0,43.5,39.0,0,0,0,0,0,0,-9.600000000000023,64380.0
L53862,L,28.350000000000023,37.650000000000034,90.0,1394.0,46.9,179.0,0,0,0,0,0,0,-9.300000000000011,65378.6
L54584,L,26.650000000000034,37.650000000000034,90.0,1595.0,32.2,203.0,0,0,0,0,0,0,-11.0,51359.00000000001
L56607,L,25.950000000000045,37.05000000000001,90.0,1647.0,30.7,126.0,0,0,0,0,0,0,-11.099999999999966,50562.9
L48869,L,24.75,34.35000000000002,90.0,1561.0,37.7,119.0,0,0,0,0,0,0,-9.600000000000023,58849.700000000004
L51481,L,28.55000000000001,37.85000000000002,90.0,1576.0,49.1,8.0,0,0,0,0,0,0,-9.300000000000011,77381.6
L49185,L,25.350000000000023,35.150000000000034,90.0,1493.0,42.0,20.0,0,0,0,0,0,0,-9.800000000000011,62706.0
M17925,M,26.950000000000045,36.05000000000001,90.0,1457.0,44.9,95.0,0,0,0,0,0,0,-9.099999999999966,65419.299999999996
L54187,L,27.55000000000001,37.450000000000045,90.0,1499.0,45.2,8.0,0,0,0,0,0,0,-9.900000000000034,67754.8
L49940,L,26.650000000000034,36.35000000000002,90.0,1385.0,47.6,39.0,0,0,0,0,0,0,-9.699999999999989,65926.0
L48705,L,25.05000000000001,35.85000000000002,90.0,1372.0,45.8,45.0,0,0,0,0,0,0,-10.800000000000011,62837.6
M23799,M,24.150000000000034,35.25,90.0,1431.0,44.8,98.0,0,0,0,0,0,0,-11.099999999999966,64108.799999999996
L47701,L,24.350000000000023,36.25,90.0,1431.0,45.4,44.0,0,0,0,0,0,0,-11.899999999999977,64967.4
L52048,L,30.450000000000045,39.25,90.0,1415.0,48.5,128.0,0,0,0,0,0,0,-8.799999999999955,68627.5
L47183,L,25.05000000000001,35.450000000000045,90.0,1540.0,39.5,104.0,0,0,0,0,0,0,-10.400000000000034,60830.0
L53466,L,27.950000000000045,37.450000000000045,90.0,1539.0,35.2,70.0,0,0,0,0,0,0,-9.5,54172.8
L55669,L,25.25,36.35000000000002,90.0,1520.0,36.5,127.0,0,0,0,0,0,0,-11.100000000000023,55480.0
M18594,M,29.05000000000001,38.05000000000001,90.0,1452.0,47.8,168.0,0,0,0,0,0,0,-9.0,69405.59999999999
L56615,L,24.850000000000023,35.150000000000034,90.0,1666.0,27.2,49.0,0,0,0,0,0,0,-10.300000000000011,45315.2
L53944,L,28.25,37.75,90.0,1536.0,33.5,9.0,0,0,0,0,0,0,-9.5,51456.0
M21406,M,28.25,37.55000000000001,90.0,1479.0,37.6,78.0,0,0,0,0,0,0,-9.300000000000011,55610.4
L56644,L,25.450000000000045,36.25,90.0,1440.0,31.8,101.0,0,0,0,0,0,0,-10.799999999999955,45792.0
L47502,L,24.650000000000034,35.35000000000002,90.0,1501.0,36.3,192.0,0,0,0,0,0,0,-10.699999999999989,54486.299999999996
M17683,M,27.150000000000034,36.150000000000034,90.0,1320.0,62.2,142.0,0,0,0,0,0,0,-9.0,82104.0
L52772,L,29.25,38.75,90.0,1354.0,50.1,137.0,0,0,0,0,0,0,-9.5,67835.40000000001
L55382,L,26.150000000000034,37.55000000000001,90.0,1463.0,44.2,181.0,0,0,0,0,0,0,-11.399999999999977,64664.600000000006
L56332,L,24.350000000000023,35.450000000000045,90.0,1576.0,35.5,137.0,0,0,0,0,0,0,-11.100000000000023,55948.0
M22996,M,26.75,37.75,90.0,1474.0,42.1,176.0,0,0,0,0,0,0,-11.0,62055.4
M15097,M,25.350000000000023,34.950000000000045,90.0,1689.0,31.6,156.0,0,0,0,0,0,0,-9.600000000000023,53372.4
M22052,M,26.950000000000045,36.950000000000045,90.0,1429.0,46.5,54.0,0,0,0,0,0,0,-10.0,66448.5
H38545,H,24.450000000000045,35.450000000000045,90.0,1516.0,39.7,59.0,0,0,0,0,0,0,-11.0,60185.200000000004
L48384,L,23.75,34.85000000000002,90.0,1376.0,55.6,141.0,0,0,0,0,0,0,-11.100000000000023,76505.6
H32020,H,26.25,36.25,90.0,1818.0,24.5,39.0,0,0,0,0,0,0,-10.0,44541.0
L49912,L,26.55000000000001,36.05000000000001,90.0,1326.0,51.7,138.0,0,0,0,0,0,0,-9.5,68554.2
L51443,L,29.450000000000045,37.85000000000002,90.0,1652.0,28.4,139.0,0,0,0,0,0,0,-8.399999999999977,46916.799999999996
L52870,L,29.150000000000034,38.650000000000034,90.0,1522.0,35.7,98.0,0,0,0,0,0,0,-9.5,54335.4
L49325,L,26.150000000000034,35.650000000000034,90.0,1630.0,29.7,170.0,0,0,0,0,0,0,-9.5,48411.0
L48634,L,25.850000000000023,37.150000000000034,90.0,1471.0,37.7,48.0,0,0,0,0,0,0,-11.300000000000011,55456.700000000004
L53501,L,27.05000000000001,37.05000000000001,90.0,1286.0,42.1,16.0,0,0,0,0,0,0,-10.0,54140.6
M23353,M,25.150000000000034,36.35000000000002,90.0,1360.0,49.5,131.0,0,0,0,0,0,0,-11.199999999999989,67320.0
M18379,M,28.75,37.75,90.0,1569.0,32.5,178.0,0,0,0,0,0,0,-9.0,50992.5
L56454,L,25.05000000000001,35.55000000000001,90.0,1386.0,45.8,45.0,0,0,0,0,0,0,-10.5,63478.799999999996
L53505,L,27.55000000000001,36.950000000000045,90.0,1721.0,32.3,173.0,0,0,0,0,0,0,-9.400000000000034,55588.299999999996
M18098,M,27.650000000000034,36.25,90.0,1474.0,47.6,119.0,0,0,0,0,0,0,-8.599999999999966,70162.40000000001
H38038,H,24.350000000000023,35.75,90.0,1422.0,40.4,155.0,0,0,0,0,0,0,-11.399999999999977,57448.799999999996
L50446,L,28.150000000000034,36.950000000000045,90.0,1481.0,37.8,9.0,0,0,0,0,0,0,-8.800000000000011,55981.799999999996
M24644,M,25.55000000000001,36.650000000000034,90.0,1353.0,55.8,79.0,0,0,0,0,0,0,-11.100000000000023,75497.4
M17739,M,27.450000000000045,36.25,90.0,1367.0,63.2,2.0,1,0,0,1,0,0,-8.799999999999955,86394.40000000001
L53184,L,27.350000000000023,37.25,90.0,1761.0,26.5,139.0,0,0,0,0,0,0,-9.899999999999977,46666.5
L53273,L,27.850000000000023,37.55000000000001,90.0,1622.0,35.9,96.0,0,0,0,0,0,0,-9.699999999999989,58229.799999999996
H36996,H,27.150000000000034,38.05000000000001,90.0,1413.0,45.3,180.0,0,0,0,0,0,0,-10.899999999999977,64008.899999999994
L49211,L,25.650000000000034,35.450000000000045,90.0,1666.0,30.5,81.0,0,0,0,0,0,0,-9.800000000000011,50813.0
L54218,L,27.55000000000001,37.450000000000045,90.0,1472.0,39.4,91.0,0,0,0,0,0,0,-9.900000000000034,57996.799999999996
L49076,L,24.650000000000034,34.35000000000002,90.0,1488.0,40.6,15.0,0,0,0,0,0,0,-9.699999999999989,60412.8
L56777,L,25.75,36.950000000000045,90.0,1510.0,38.0,59.0,0,0,0,0,0,0,-11.200000000000045,57380.0
L53936,L,28.650000000000034,37.950000000000045,90.0,1436.0,44.4,23.0,0,0,0,0,0,0,-9.300000000000011,63758.4
L56236,L,24.150000000000034,35.150000000000034,90.0,1430.0,35.8,57.0,0,0,0,0,0,0,-11.0,51193.99999999999
L54271,L,27.450000000000045,37.05000000000001,90.0,1478.0,46.7,7.0,0,0,0,0,0,0,-9.599999999999966,69022.6
M19741,M,30.650000000000034,39.450000000000045,90.0,1581.0,37.1,166.0,0,0,0,0,0,0,-8.800000000000011,58655.100000000006
L56276,L,24.05000000000001,34.950000000000045,90.0,1712.0,59.3,204.0,0,0,0,0,0,0,-10.900000000000034,101521.59999999999
L48588,L,25.75,36.950000000000045,90.0,1459.0,44.9,45.0,0,0,0,0,0,0,-11.200000000000045,65509.1
L56393,L,24.850000000000023,35.75,90.0,1397.0,32.4,35.0,0,0,0,0,0,0,-10.899999999999977,45262.799999999996
L53853,L,28.350000000000023,37.35000000000002,90.0,1567.0,41.8,216.0,0,0,0,0,0,0,-9.0,65500.6
M18379,M,28.75,37.75,90.0,1383.0,43.2,187.0,0,0,0,0,0,0,-9.0,59745.600000000006
L52033,L,30.55000000000001,39.05000000000001,90.0,1422.0,49.9,94.0,0,0,0,0,0,0,-8.5,70957.8
L54253,L,27.450000000000045,37.450000000000045,90.0,1378.0,52.3,187.0,0,0,0,0,0,0,-10.0,72069.4
L49585,L,25.950000000000045,35.55000000000001,90.0,1589.0,33.6,181.0,0,0,0,0,0,0,-9.599999999999966,53390.4
H36250,H,27.850000000000023,37.85000000000002,90.0,1339.0,52.8,194.0,0,0,0,0,0,0,-10.0,70699.2
L47403,L,25.25,35.450000000000045,90.0,1469.0,54.4,160.0,0,0,0,0,0,0,-10.200000000000045,79913.59999999999
L49758,L,26.450000000000045,36.05000000000001,90.0,1685.0,31.7,185.0,0,0,0,0,0,0,-9.599999999999966,53414.5
L49863,L,26.650000000000034,36.35000000000002,90.0,1394.0,45.8,23.0,0,0,0,0,0,0,-9.699999999999989,63845.2
L48248,L,23.75,34.650000000000034,90.0,1694.0,30.8,142.0,0,0,0,0,0,0,-10.900000000000034,52175.200000000004
L57131,L,25.05000000000001,34.650000000000034,90.0,1355.0,59.4,73.0,0,0,0,0,0,0,-9.600000000000023,80487.0
L56548,L,24.55000000000001,35.35000000000002,90.0,1530.0,38.6,74.0,0,0,0,0,0,0,-10.800000000000011,59058.0
L48248,L,23.650000000000034,34.650000000000034,90.0,1429.0,43.8,155.0,0,0,0,0,0,0,-11.0,62590.2
L56302,L,24.25,35.35000000000002,90.0,1580.0,41.2,66.0,0,0,0,0,0,0,-11.100000000000023,65096.00000000001
L53249,L,27.75,37.650000000000034,90.0,1601.0,33.1,181.0,0,0,0,0,0,0,-9.900000000000034,52993.100000000006
L49051,L,25.150000000000034,34.950000000000045,90.0,1531.0,43.7,88.0,0,0,0,0,0,0,-9.800000000000011,66904.7
L53365,L,27.850000000000023,37.75,90.0,1413.0,43.9,59.0,0,0,0,0,0,0,-9.899999999999977,62030.7
L55359,L,26.650000000000034,38.05000000000001,90.0,1490.0,41.9,171.0,0,0,0,0,0,0,-11.399999999999977,62431.0
L51178,L,29.05000000000001,38.05000000000001,90.0,1534.0,36.7,142.0,0,0,0,0,0,0,-9.0,56297.8
L56931,L,25.450000000000045,36.650000000000034,90.0,1821.0,25.6,199.0,0,0,0,0,0,0,-11.199999999999989,46617.600000000006
L49146,L,24.75,34.450000000000045,90.0,1517.0,40.1,89.0,0,0,0,0,0,0,-9.700000000000045,60831.700000000004
L54478,L,26.950000000000045,37.35000000000002,90.0,1532.0,36.0,119.0,0,0,0,0,0,0,-10.399999999999977,55152.0
L56045,L,24.75,35.85000000000002,90.0,1391.0,57.8,85.0,0,0,0,0,0,0,-11.100000000000023,80399.8
M24689,M,25.25,36.25,90.0,1429.0,41.8,92.0,0,0,0,0,0,0,-11.0,59732.2
L50236,L,27.05000000000001,36.05000000000001,90.0,1566.0,35.3,70.0,0,0,0,0,0,0,-9.0,55279.799999999996
H29481,H,25.650000000000034,35.75,90.0,1466.0,41.4,19.0,0,0,0,0,0,0,-10.099999999999966,60692.4
L49147,L,24.650000000000034,34.75,90.0,1759.0,28.6,116.0,0,0,0,0,0,0,-10.099999999999966,50307.4
L55678,L,25.350000000000023,36.450000000000045,90.0,1390.0,52.6,39.0,0,0,0,0,0,0,-11.100000000000023,73114.0
L52945,L,28.55000000000001,38.150000000000034,90.0,1408.0,47.3,77.0,0,0,0,0,0,0,-9.600000000000023,66598.4
M17405,M,26.05000000000001,35.55000000000001,90.0,1510.0,38.9,54.0,0,0,0,0,0,0,-9.5,58739.0
L54461,L,27.25,37.450000000000045,90.0,1386.0,52.4,64.0,0,0,0,0,0,0,-10.200000000000045,72626.4
L47752,L,24.650000000000034,36.75,90.0,1399.0,41.9,183.0,0,0,0,0,0,0,-12.099999999999966,58618.1
M21427,M,28.55000000000001,37.55000000000001,90.0,1499.0,48.3,163.0,0,0,0,0,0,0,-9.0,72401.7
L52297,L,30.950000000000045,40.450000000000045,90.0,1611.0,31.4,171.0,0,0,0,0,0,0,-9.5,50585.399999999994
M21553,M,28.650000000000034,37.85000000000002,90.0,1429.0,26.7,183.0,0,0,0,0,0,0,-9.199999999999989,38154.299999999996
L56819,L,26.150000000000034,37.05000000000001,90.0,1620.0,31.2,96.0,0,0,0,0,0,0,-10.899999999999977,50544.0
M15347,M,24.25,36.05000000000001,90.0,1504.0,41.9,179.0,0,0,0,0,0,0,-11.800000000000011,63017.6
M20467,M,29.55000000000001,39.05000000000001,90.0,1501.0,38.5,52.0,0,0,0,0,0,0,-9.5,57788.5
L55304,L,27.05000000000001,38.25,90.0,1452.0,46.1,32.0,0,0,0,0,0,0,-11.199999999999989,66937.2
L48390,L,23.75,34.75,90.0,1353.0,47.7,103.0,0,0,0,0,0,0,-11.0,64538.100000000006
L53430,L,27.950000000000045,37.35000000000002,90.0,1628.0,31.1,193.0,0,0,0,0,0,0,-9.399999999999977,50630.8
L54116,L,27.55000000000001,37.950000000000045,90.0,1471.0,44.6,26.0,0,0,0,0,0,0,-10.400000000000034,65606.6
L51647,L,29.650000000000034,37.450000000000045,90.0,1471.0,37.9,207.0,0,0,0,0,0,0,-7.800000000000011,55750.9
L53963,L,28.150000000000034,37.650000000000034,90.0,1667.0,29.8,59.0,0,0,0,0,0,0,-9.5,49676.6
L50665,L,28.75,37.650000000000034,90.0,1622.0,37.7,79.0,0,0,0,0,0,0,-8.900000000000034,61149.4
L53130,L,27.55000000000001,37.650000000000034,90.0,1689.0,28.7,100.0,0,0,0,0,0,0,-10.100000000000023,48474.299999999996
L48492,L,25.75,36.950000000000045,90.0,1366.0,42.6,164.0,0,0,0,0,0,0,-11.200000000000045,58191.6
M23009,M,26.350000000000023,37.650000000000034,90.0,1520.0,40.2,98.0,0,0,0,0,0,0,-11.300000000000011,61104.00000000001
L52394,L,30.55000000000001,39.55000000000001,90.0,1572.0,23.9,192.0,0,0,0,0,0,0,-9.0,37570.799999999996
L48090,L,22.450000000000045,32.85000000000002,90.0,1497.0,41.1,169.0,0,0,0,0,0,0,-10.399999999999977,61526.700000000004
L47459,L,24.850000000000023,34.950000000000045,90.0,1620.0,29.6,55.0,0,0,0,0,0,0,-10.100000000000023,47952.0
H39207,H,25.350000000000023,36.25,90.0,1525.0,35.5,192.0,0,0,0,0,0,0,-10.899999999999977,54137.5
M21740,M,27.75,38.150000000000034,90.0,1374.0,49.4,100.0,0,0,0,0,0,0,-10.400000000000034,67875.59999999999
L49537,L,26.05000000000001,35.25,90.0,1433.0,38.4,98.0,0,0,0,0,0,0,-9.199999999999989,55027.2
L50458,L,28.150000000000034,36.85000000000002,90.0,1563.0,40.8,11.0,0,0,0,0,0,0,-8.699999999999989,63770.399999999994
L54170,L,27.55000000000001,37.950000000000045,90.0,1708.0,26.1,165.0,0,0,0,0,0,0,-10.400000000000034,44578.8
M18119,M,28.150000000000034,36.85000000000002,90.0,1624.0,31.1,173.0,0,0,0,0,0,0,-8.699999999999989,50506.4
L50443,L,28.150000000000034,36.85000000000002,90.0,1529.0,36.3,186.0,0,0,0,0,0,0,-8.699999999999989,55502.7
M19660,M,30.350000000000023,39.150000000000034,90.0,1335.0,47.8,76.0,0,0,0,0,0,0,-8.800000000000011,63812.99999999999
L49592,L,25.950000000000045,35.450000000000045,90.0,1427.0,42.5,119.0,0,0,0,0,0,0,-9.5,60647.5
M22152,M,26.950000000000045,37.25,90.0,1390.0,44.9,92.0,0,0,0,0,0,0,-10.299999999999955,62411.0
L52370,L,30.850000000000023,40.05000000000001,90.0,1452.0,39.8,7.0,0,0,0,0,0,0,-9.199999999999989,57789.6
M20589,M,29.25,38.650000000000034,90.0,1463.0,46.4,187.0,0,0,0,0,0,0,-9.400000000000034,67883.2
M23917,M,24.150000000000034,35.35000000000002,90.0,1686.0,31.1,145.0,0,0,0,0,0,0,-11.199999999999989,52434.600000000006
M16678,M,24.950000000000045,34.55000000000001,90.0,1479.0,43.9,202.0,0,0,0,0,0,0,-9.599999999999966,64928.1
L48773,L,24.850000000000023,35.55000000000001,90.0,1534.0,39.0,119.0,0,0,0,0,0,0,-10.699999999999989,59826.0
L52042,L,30.350000000000023,38.950000000000045,90.0,1441.0,40.8,114.0,0,0,0,0,0,0,-8.600000000000023,58792.799999999996
L56602,L,24.950000000000045,35.55000000000001,90.0,1642.0,33.0,0.0,0,0,0,0,0,0,-10.599999999999966,54186.0
L54272,L,27.55000000000001,37.05000000000001,90.0,1375.0,55.9,10.0,0,0,0,0,0,0,-9.5,76862.5
L53243,L,27.950000000000045,37.950000000000045,90.0,1521.0,35.3,130.0,0,0,0,0,0,0,-10.0,53691.299999999996
M18752,M,29.150000000000034,37.950000000000045,90.0,1338.0,61.1,0.0,0,0,0,0,0,0,-8.800000000000011,81751.8
M15568,M,24.350000000000023,35.75,90.0,1416.0,44.2,101.0,0,0,0,0,0,0,-11.399999999999977,62587.200000000004
L56449,L,25.05000000000001,35.75,90.0,1439.0,42.5,32.0,0,0,0,0,0,0,-10.699999999999989,61157.5
L50024,L,27.150000000000034,36.25,90.0,1363.0,50.7,196.0,0,0,0,0,0,0,-9.099999999999966,69104.1
L49343,L,26.450000000000045,35.950000000000045,90.0,1553.0,39.3,219.0,0,0,0,0,0,0,-9.5,61032.899999999994
L50253,L,26.850000000000023,35.950000000000045,90.0,1678.0,27.1,116.0,0,0,0,0,0,0,-9.100000000000023,45473.8
L55215,L,27.55000000000001,38.75,90.0,1456.0,38.7,10.0,0,0,0,0,0,0,-11.199999999999989,56347.200000000004
L51719,L,29.450000000000045,37.35000000000002,90.0,1539.0,33.6,154.0,0,0,0,0,0,0,-7.899999999999977,51710.4
L56593,L,24.950000000000045,35.450000000000045,90.0,1439.0,33.4,24.0,0,0,0,0,0,0,-10.5,48062.6
L54748,L,27.05000000000001,38.150000000000034,90.0,1501.0,39.1,147.0,0,0,0,0,0,0,-11.100000000000023,58689.1
H32467,H,27.350000000000023,36.150000000000034,90.0,1738.0,30.0,146.0,0,0,0,0,0,0,-8.800000000000011,52140.0
L53189,L,27.450000000000045,37.450000000000045,90.0,1425.0,40.2,24.0,0,0,0,0,0,0,-10.0,57285.00000000001
L53963,L,28.150000000000034,37.650000000000034,90.0,1450.0,46.9,83.0,0,0,0,0,0,0,-9.5,68005.0
L48054,L,22.75,33.25,90.0,1441.0,28.5,74.0,0,0,0,0,0,0,-10.5,41068.5
M15455,M,24.350000000000023,36.150000000000034,90.0,1396.0,40.8,59.0,0,0,0,0,0,0,-11.800000000000011,56956.799999999996
L47674,L,24.450000000000045,36.150000000000034,90.0,1428.0,44.4,171.0,0,0,0,0,0,0,-11.699999999999989,63403.2
L56957,L,25.350000000000023,36.450000000000045,90.0,1490.0,38.8,197.0,0,0,0,0,0,0,-11.100000000000023,57811.99999999999
L50508,L,28.350000000000023,37.35000000000002,90.0,1515.0,35.7,124.0,0,0,0,0,0,0,-9.0,54085.50000000001
M19276,M,29.25,37.150000000000034,90.0,1431.0,38.1,70.0,0,0,0,0,0,0,-7.900000000000034,54521.1
L47493,L,24.650000000000034,35.450000000000045,90.0,1513.0,36.0,170.0,0,0,0,0,0,0,-10.800000000000011,54468.0
L56256,L,24.05000000000001,34.950000000000045,90.0,1662.0,31.2,152.0,0,0,0,0,0,0,-10.900000000000034,51854.4
M17095,M,26.25,35.75,90.0,1422.0,47.0,183.0,0,0,0,0,0,0,-9.5,66834.0
M16352,M,24.950000000000045,35.75,90.0,1456.0,49.0,109.0,0,0,0,0,0,0,-10.799999999999955,71344.0
L51515,L,28.55000000000001,36.75,90.0,1376.0,51.0,93.0,0,0,0,0,0,0,-8.199999999999989,70176.0
L54187,L,27.55000000000001,37.450000000000045,90.0,1374.0,49.7,8.0,0,0,0,0,0,0,-9.900000000000034,68287.8
L47953,L,23.75,34.85000000000002,90.0,1510.0,34.7,63.0,0,0,0,0,0,0,-11.100000000000023,52397.00000000001
M15930,M,23.75,34.55000000000001,90.0,1477.0,39.4,160.0,0,0,0,0,0,0,-10.800000000000011,58193.799999999996
L52500,L,30.150000000000034,39.55000000000001,90.0,1363.0,42.4,0.0,0,0,0,0,0,0,-9.399999999999977,57791.2
L56313,L,24.450000000000045,35.55000000000001,90.0,1592.0,33.3,93.0,0,0,0,0,0,0,-11.099999999999966,53013.6
L49272,L,26.25,36.05000000000001,90.0,1492.0,40.2,24.0,0,0,0,0,0,0,-9.800000000000011,59978.4
L51628,L,28.650000000000034,37.150000000000034,90.0,1558.0,37.2,163.0,0,0,0,0,0,0,-8.5,57957.600000000006
H34017,H,29.75,37.85000000000002,90.0,1556.0,37.9,0.0,0,0,0,0,0,0,-8.100000000000023,58972.399999999994
L49915,L,26.55000000000001,36.05000000000001,90.0,1449.0,45.4,147.0,0,0,0,0,0,0,-9.5,65784.59999999999
M23787,M,24.150000000000034,35.05000000000001,90.0,1789.0,25.0,24.0,0,0,0,0,0,0,-10.899999999999977,44725.0
M20735,M,28.350000000000023,37.950000000000045,90.0,1577.0,39.7,118.0,0,0,0,0,0,0,-9.600000000000023,62606.9
L47286,L,25.650000000000034,35.55000000000001,90.0,1445.0,38.9,70.0,0,0,0,0,0,0,-9.899999999999977,56210.5
L51408,L,29.05000000000001,37.650000000000034,90.0,1576.0,32.1,171.0,0,0,0,0,0,0,-8.600000000000023,50589.600000000006
L49180,L,25.25,34.950000000000045,90.0,1553.0,43.5,9.0,0,0,0,0,0,0,-9.700000000000045,67555.5
L55296,L,27.150000000000034,38.75,90.0,1557.0,38.8,12.0,0,0,0,0,0,0,-11.599999999999966,60411.6
M18989,M,28.650000000000034,37.150000000000034,90.0,1666.0,34.9,19.0,0,0,0,0,0,0,-8.5,58143.399999999994
L50157,L,27.25,36.150000000000034,90.0,1595.0,33.1,101.0,0,0,0,0,0,0,-8.900000000000034,52794.5
M18594,M,29.150000000000034,38.05000000000001,90.0,1423.0,46.1,127.0,0,0,0,0,0,0,-8.899999999999977,65600.3
M21615,M,28.650000000000034,37.950000000000045,90.0,1477.0,40.0,199.0,0,0,0,0,0,0,-9.300000000000011,59080.0
L49078,L,24.650000000000034,34.35000000000002,90.0,1372.0,53.1,157.0,0,0,0,0,0,0,-9.699999999999989,72853.2
M21705,M,28.25,38.35000000000002,90.0,1648.0,32.4,0.0,0,0,0,0,0,0,-10.100000000000023,53395.2
M15871,M,23.05000000000001,33.950000000000045,90.0,1569.0,34.8,13.0,0,0,0,0,0,0,-10.900000000000034,54601.2
L49523,L,25.950000000000045,35.150000000000034,90.0,1663.0,31.0,129.0,0,0,0,0,0,0,-9.199999999999989,51553.0
M19751,M,30.55000000000001,39.25,90.0,1525.0,41.3,190.0,0,0,0,0,0,0,-8.699999999999989,62982.49999999999
H38258,H,24.25,35.75,90.0,1227.0,63.2,196.0,0,0,0,0,0,0,-11.5,77546.40000000001
L47603,L,24.25,35.25,90.0,1484.0,37.0,96.0,0,0,0,0,0,0,-11.0,54908.0
L52163,L,30.650000000000034,39.950000000000045,90.0,1464.0,50.8,211.0,0,0,0,0,0,0,-9.300000000000011,74371.2
M24463,M,25.75,36.85000000000002,90.0,1549.0,40.4,96.0,0,0,0,0,0,0,-11.100000000000023,62579.6
M18236,M,28.350000000000023,37.55000000000001,90.0,1385.0,47.5,30.0,0,0,0,0,0,0,-9.199999999999989,65787.5
L53162,L,27.55000000000001,37.650000000000034,90.0,1336.0,45.2,124.0,0,0,0,0,0,0,-10.100000000000023,60387.200000000004
L56372,L,24.75,35.85000000000002,90.0,1417.0,51.3,68.0,0,0,0,0,0,0,-11.100000000000023,72692.09999999999
L51163,L,29.05000000000001,38.150000000000034,90.0,1630.0,34.9,106.0,0,0,0,0,0,0,-9.100000000000023,56887.0
L48689,L,24.850000000000023,35.35000000000002,90.0,1486.0,36.8,2.0,0,0,0,0,0,0,-10.5,54684.799999999996
L53257,L,27.75,37.55000000000001,90.0,1479.0,42.0,201.0,0,0,0,0,0,0,-9.800000000000011,62118.0
L54329,L,27.05000000000001,36.75,90.0,1452.0,40.6,181.0,0,0,0,0,0,0,-9.699999999999989,58951.200000000004
L56836,L,25.850000000000023,36.950000000000045,90.0,1362.0,57.8,15.0,0,0,0,0,0,0,-11.100000000000023,78723.59999999999
L56261,L,24.150000000000034,34.85000000000002,90.0,1527.0,32.4,165.0,0,0,0,0,0,0,-10.699999999999989,49474.799999999996
M17110,M,25.950000000000045,34.85000000000002,90.0,1396.0,45.8,13.0,0,0,0,0,0,0,-8.899999999999977,63936.799999999996
L48689,L,24.850000000000023,35.35000000000002,90.0,1470.0,40.0,3.0,0,0,0,0,0,0,-10.5,58800.0
M17012,M,26.150000000000034,35.650000000000034,90.0,1648.0,37.0,188.0,0,0,0,0,0,0,-9.5,60976.0
H36466,H,27.55000000000001,37.450000000000045,90.0,1510.0,41.7,184.0,0,0,0,0,0,0,-9.900000000000034,62967.00000000001
L48789,L,24.55000000000001,34.55000000000001,90.0,1581.0,50.1,91.0,0,0,0,0,0,0,-10.0,79208.1
L55469,L,25.75,37.35000000000002,90.0,1406.0,44.8,7.0,0,0,0,0,0,0,-11.600000000000023,62988.799999999996
M18929,M,28.850000000000023,37.55000000000001,90.0,1721.0,29.4,176.0,0,0,0,0,0,0,-8.699999999999989,50597.399999999994
L53056,L,28.350000000000023,37.950000000000045,90.0,1449.0,46.1,123.0,0,0,0,0,0,0,-9.600000000000023,66798.90000000001
H34799,H,29.75,39.150000000000034,90.0,1399.0,47.8,209.0,0,0,0,0,0,0,-9.400000000000034,66872.2
L54357,L,27.05000000000001,36.950000000000045,90.0,1564.0,31.6,21.0,0,0,0,0,0,0,-9.900000000000034,49422.4
H32655,H,28.05000000000001,36.75,90.0,1598.0,32.5,126.0,0,0,0,0,0,0,-8.699999999999989,51935.0
L51243,L,28.75,37.650000000000034,90.0,1405.0,50.9,104.0,0,0,0,0,0,0,-8.900000000000034,71514.5
L55946,L,24.350000000000023,35.450000000000045,90.0,1360.0,53.0,190.0,0,0,0,0,0,0,-11.100000000000023,72080.0
M16218,M,24.850000000000023,36.950000000000045,90.0,1506.0,43.1,51.0,0,0,0,0,0,0,-12.100000000000023,64908.6
M18808,M,29.05000000000001,38.05000000000001,90.0,1375.0,55.7,44.0,0,0,0,0,0,0,-9.0,76587.5
L50072,L,27.55000000000001,36.450000000000045,90.0,1329.0,51.7,74.0,0,0,0,0,0,0,-8.900000000000034,68709.3
H38474,H,24.05000000000001,35.150000000000034,90.0,1365.0,51.7,0.0,0,0,0,0,0,0,-11.100000000000023,70570.5
L55961,L,24.350000000000023,35.450000000000045,90.0,1469.0,39.2,23.0,0,0,0,0,0,0,-11.100000000000023,57584.8
L53257,L,27.75,37.55000000000001,90.0,1527.0,43.3,201.0,0,0,0,0,0,0,-9.800000000000011,66119.09999999999
L54797,L,27.350000000000023,38.25,90.0,1405.0,44.0,53.0,0,0,0,0,0,0,-10.899999999999977,61820.0
L53257,L,27.75,37.55000000000001,90.0,1479.0,39.1,23.0,0,0,0,0,0,0,-9.800000000000011,57828.9
L53345,L,27.75,37.55000000000001,90.0,1518.0,40.8,204.0,0,0,0,0,0,0,-9.800000000000011,61934.399999999994
L52391,L,30.55000000000001,39.55000000000001,90.0,1433.0,53.6,185.0,0,0,0,0,0,0,-9.0,76808.8
H29595,H,25.05000000000001,35.05000000000001,90.0,1408.0,45.9,49.0,0,0,0,0,0,0,-10.0,64627.2
M20857,M,27.350000000000023,37.05000000000001,90.0,1571.0,42.3,228.0,0,0,0,0,0,0,-9.699999999999989,66453.29999999999
L55258,L,27.150000000000034,38.55000000000001,90.0,1571.0,41.7,123.0,0,0,0,0,0,0,-11.399999999999977,65510.700000000004
M18141,M,28.05000000000001,36.85000000000002,90.0,1362.0,49.0,0.0,0,0,0,0,0,0,-8.800000000000011,66738.0
L50752,L,28.650000000000034,37.450000000000045,90.0,1354.0,52.6,108.0,0,0,0,0,0,0,-8.800000000000011,71220.40000000001
L50571,L,28.350000000000023,37.450000000000045,90.0,1452.0,47.7,17.0,0,0,0,0,0,0,-9.100000000000023,69260.40000000001
L49912,L,26.55000000000001,36.05000000000001,90.0,1555.0,36.4,146.0,0,0,0,0,0,0,-9.5,56602.0
L48589,L,25.75,36.950000000000045,90.0,1466.0,43.2,187.0,0,0,0,0,0,0,-11.200000000000045,63331.200000000004
L53370,L,27.650000000000034,37.75,90.0,1540.0,43.4,104.0,0,0,0,0,0,0,-10.099999999999966,66836.0
L55476,L,25.75,37.150000000000034,90.0,1309.0,49.7,173.0,0,0,0,0,0,0,-11.400000000000034,65057.3
L51513,L,28.450000000000045,36.650000000000034,90.0,1588.0,48.6,89.0,0,0,0,0,0,0,-8.199999999999989,77176.8
L56000,L,24.150000000000034,35.55000000000001,90.0,1276.0,53.6,125.0,0,0,0,0,0,0,-11.399999999999977,68393.6
M19432,M,29.75,37.85000000000002,90.0,1334.0,44.5,96.0,0,0,0,0,0,0,-8.100000000000023,59363.0
L49990,L,26.650000000000034,36.150000000000034,90.0,1436.0,42.6,113.0,0,0,0,0,0,0,-9.5,61173.6
M24849,M,25.650000000000034,35.35000000000002,90.0,1484.0,39.8,0.0,0,0,0,0,0,0,-9.699999999999989,59063.2
L53162,L,27.55000000000001,37.650000000000034,90.0,1486.0,37.6,186.0,0,0,0,0,0,0,-10.100000000000023,55873.6
H30623,H,23.850000000000023,34.950000000000045,90.0,1597.0,36.6,124.0,0,0,0,0,0,0,-11.100000000000023,58450.200000000004
L54626,L,27.05000000000001,38.650000000000034,90.0,1388.0,47.1,47.0,0,0,0,0,0,0,-11.600000000000023,65374.8
L56306,L,24.25,35.35000000000002,90.0,1477.0,39.9,74.0,0,0,0,0,0,0,-11.100000000000023,58932.299999999996
L47758,L,24.650000000000034,36.650000000000034,90.0,1551.0,36.8,198.0,0,0,0,0,0,0,-12.0,57076.799999999996
L55391,L,26.05000000000001,37.450000000000045,90.0,1564.0,33.3,28.0,0,0,0,0,0,0,-11.400000000000034,52081.2
L55718,L,25.350000000000023,36.25,90.0,1695.0,37.7,44.0,0,0,0,0,0,0,-10.899999999999977,63901.50000000001
M23157,M,25.650000000000034,37.25,90.0,1538.0,38.3,202.0,0,0,0,0,0,0,-11.599999999999966,58905.399999999994
L52748,L,29.350000000000023,38.75,90.0,1595.0,34.5,3.0,0,0,0,0,0,0,-9.399999999999977,55027.5
L56264,L,24.05000000000001,34.75,90.0,1530.0,35.6,172.0,0,0,0,0,0,0,-10.699999999999989,54468.0
H32897,H,28.75,37.650000000000034,90.0,1553.0,42.7,7.0,0,0,0,0,0,0,-8.900000000000034,66313.1
M24325,M,25.450000000000045,36.950000000000045,90.0,1460.0,43.8,139.0,0,0,0,0,0,0,-11.5,63947.99999999999
M16659,M,24.75,34.85000000000002,90.0,1430.0,48.8,6.0,0,0,0,0,0,0,-10.100000000000023,69784.0
L56250,L,23.950000000000045,35.05000000000001,90.0,1427.0,42.5,136.0,0,0,0,0,0,0,-11.099999999999966,60647.5
L56264,L,24.150000000000034,34.85000000000002,90.0,1423.0,42.5,179.0,0,0,0,0,0,0,-10.699999999999989,60477.5
M15999,M,23.75,35.25,90.0,1513.0,42.2,156.0,0,0,0,0,0,0,-11.5,63848.600000000006
H32059,H,26.75,36.35000000000002,90.0,1547.0,38.5,104.0,0,0,0,0,0,0,-9.600000000000023,59559.5
L53617,L,27.25,37.05000000000001,90.0,1455.0,39.6,40.0,0,0,0,0,0,0,-9.800000000000011,57618.0
M21905,M,27.650000000000034,37.450000000000045,90.0,1378.0,47.5,192.0,0,0,0,0,0,0,-9.800000000000011,65455.0
H39334,H,25.150000000000034,34.950000000000045,90.0,1509.0,40.0,89.0,0,0,0,0,0,0,-9.800000000000011,60360.0
L53404,L,28.05000000000001,37.85000000000002,90.0,1415.0,56.8,43.0,0,0,0,0,0,0,-9.800000000000011,80372.0
M22671,M,26.850000000000023,38.25,90.0,1751.0,29.0,127.0,0,0,0,0,0,0,-11.399999999999977,50779.0
M17483,M,26.450000000000045,36.25,90.0,1452.0,43.7,82.0,0,0,0,0,0,0,-9.799999999999955,63452.4
L53367,L,27.850000000000023,37.75,90.0,1462.0,46.9,2.0,0,0,0,0,0,0,-9.899999999999977,68567.8
M17757,M,27.450000000000045,36.35000000000002,90.0,1530.0,40.2,100.0,0,0,0,0,0,0,-8.899999999999977,61506.00000000001
H31216,H,24.950000000000045,34.450000000000045,90.0,1442.0,48.2,104.0,0,0,0,0,0,0,-9.5,69504.40000000001
L55548,L,25.650000000000034,36.450000000000045,90.0,1691.0,42.1,23.0,0,0,0,0,0,0,-10.800000000000011,71191.1
L49635,L,25.950000000000045,35.450000000000045,90.0,1382.0,53.4,104.0,0,0,0,0,0,0,-9.5,73798.8
L55161,L,27.850000000000023,39.150000000000034,90.0,1445.0,36.4,94.0,0,0,0,0,0,0,-11.300000000000011,52598.0
L55918,L,24.05000000000001,35.450000000000045,90.0,1531.0,33.7,116.0,0,0,0,0,0,0,-11.400000000000034,51594.700000000004
H34115,H,30.55000000000001,39.35000000000002,90.0,1507.0,38.7,143.0,0,0,0,0,0,0,-8.800000000000011,58320.9
M19787,M,30.350000000000023,39.150000000000034,90.0,1450.0,49.3,69.0,0,0,0,0,0,0,-8.800000000000011,71485.0
M24661,M,25.350000000000023,36.25,90.0,1535.0,36.8,129.0,0,0,0,0,0,0,-10.899999999999977,56487.99999999999
L49986,L,26.850000000000023,36.150000000000034,90.0,1364.0,41.2,47.0,0,0,0,0,0,0,-9.300000000000011,56196.8
L55219,L,27.55000000000001,38.75,90.0,1560.0,46.0,21.0,0,0,0,0,0,0,-11.199999999999989,71760.0
L56257,L,24.150000000000034,34.950000000000045,90.0,1689.0,31.2,154.0,0,0,0,0,0,0,-10.800000000000011,52696.799999999996
L49343,L,26.450000000000045,35.75,90.0,1422.0,39.8,219.0,0,0,0,0,0,0,-9.299999999999955,56595.6
M23394,M,24.150000000000034,35.150000000000034,90.0,1522.0,43.2,63.0,0,0,0,0,0,0,-11.0,65750.40000000001
L50542,L,28.25,37.450000000000045,90.0,1445.0,43.9,64.0,0,0,0,0,0,0,-9.200000000000045,63435.5
L48321,L,24.05000000000001,35.35000000000002,90.0,1517.0,36.4,68.0,0,0,0,0,0,0,-11.300000000000011,55218.799999999996
L54361,L,27.05000000000001,37.150000000000034,90.0,1445.0,46.1,37.0,0,0,0,0,0,0,-10.100000000000023,66614.5
M17573,M,26.450000000000045,36.05000000000001,90.0,1651.0,37.1,137.0,0,0,0,0,0,0,-9.599999999999966,61252.100000000006
L55522,L,25.75,36.55000000000001,90.0,1651.0,30.9,162.0,0,0,0,0,0,0,-10.800000000000011,51015.899999999994
L53768,L,28.25,37.650000000000034,90.0,1671.0,28.4,102.0,0,0,0,0,0,0,-9.400000000000034,47456.399999999994
L51459,L,28.850000000000023,36.950000000000045,90.0,1642.0,33.8,174.0,0,0,0,0,0,0,-8.100000000000023,55499.6
L50090,L,27.450000000000045,36.35000000000002,90.0,1376.0,55.1,124.0,0,0,0,0,0,0,-8.899999999999977,75817.6
L56392,L,24.75,35.75,90.0,1450.0,40.0,88.0,0,0,0,0,0,0,-11.0,58000.0
L50992,L,28.850000000000023,37.450000000000045,90.0,1329.0,53.6,81.0,0,0,0,0,0,0,-8.600000000000023,71234.40000000001
L47319,L,25.650000000000034,35.450000000000045,90.0,1538.0,36.8,17.0,0,0,0,0,0,0,-9.800000000000011,56598.399999999994
L48813,L,24.75,34.650000000000034,90.0,1476.0,51.8,157.0,0,0,0,0,0,0,-9.900000000000034,76456.8
M19497,M,29.950000000000045,38.05000000000001,90.0,1391.0,24.7,212.0,0,0,0,0,0,0,-8.099999999999966,34357.7
L47297,L,25.650000000000034,35.450000000000045,90.0,1599.0,37.5,101.0,0,0,0,0,0,0,-9.800000000000011,59962.5
L50824,L,29.05000000000001,38.35000000000002,90.0,1465.0,42.4,81.0,0,0,0,0,0,0,-9.300000000000011,62116.0
M24299,M,24.850000000000023,35.450000000000045,90.0,1453.0,40.1,119.0,0,0,0,0,0,0,-10.600000000000023,58265.3
M21975,M,27.850000000000023,37.450000000000045,90.0,1460.0,44.5,59.0,0,0,0,0,0,0,-9.600000000000023,64970.0
L51326,L,28.650000000000034,37.150000000000034,90.0,1514.0,41.9,56.0,0,0,0,0,0,0,-8.5,63436.6
L51235,L,28.75,37.85000000000002,90.0,1479.0,44.4,52.0,0,0,0,0,0,0,-9.100000000000023,65667.59999999999
H39297,H,25.75,36.450000000000045,90.0,1354.0,54.3,136.0,0,0,0,0,0,0,-10.700000000000045,73522.2
L54757,L,27.25,38.05000000000001,90.0,1471.0,47.4,171.0,0,0,0,0,0,0,-10.800000000000011,69725.4
L54524,L,26.450000000000045,37.05000000000001,90.0,1412.0,47.7,11.0,0,0,0,0,0,0,-10.599999999999966,67352.40000000001
L56470,L,25.05000000000001,35.85000000000002,90.0,1520.0,44.2,87.0,0,0,0,0,0,0,-10.800000000000011,67184.0
L53468,L,27.850000000000023,37.450000000000045,90.0,1490.0,38.1,75.0,0,0,0,0,0,0,-9.600000000000023,56769.0
M20227,M,29.950000000000045,39.35000000000002,90.0,1666.0,26.7,157.0,0,0,0,0,0,0,-9.399999999999977,44482.2
L53722,L,28.25,37.450000000000045,90.0,1567.0,39.7,97.0,0,0,0,0,0,0,-9.200000000000045,62209.9
L53470,L,27.850000000000023,37.35000000000002,90.0,1487.0,41.2,92.0,0,0,0,0,0,0,-9.5,61264.4
M21564,M,28.350000000000023,37.55000000000001,90.0,1398.0,45.8,64.0,0,0,0,0,0,0,-9.199999999999989,64028.399999999994
L50393,L,27.25,36.05000000000001,90.0,1387.0,49.8,179.0,0,0,0,0,0,0,-8.800000000000011,69072.59999999999
L51977,L,30.25,39.35000000000002,90.0,1540.0,41.7,60.0,0,0,0,0,0,0,-9.100000000000023,64218.00000000001
M19999,M,30.850000000000023,40.35000000000002,90.0,1510.0,38.9,199.0,0,0,0,0,0,0,-9.5,58739.0
L48990,L,24.950000000000045,34.450000000000045,90.0,1477.0,43.5,119.0,0,0,0,0,0,0,-9.5,64249.5
L49077,L,24.75,34.25,90.0,1418.0,41.2,155.0,0,0,0,0,0,0,-9.5,58421.600000000006
L52689,L,29.650000000000034,39.05000000000001,90.0,1509.0,36.5,52.0,0,0,0,0,0,0,-9.399999999999977,55078.5
L53271,L,27.75,37.55000000000001,90.0,1412.0,44.9,16.0,0,0,0,0,0,0,-9.800000000000011,63398.799999999996
L55327,L,26.350000000000023,37.650000000000034,90.0,1492.0,41.0,93.0,0,0,0,0,0,0,-11.300000000000011,61172.0
M19662,M,30.450000000000045,38.650000000000034,90.0,1431.0,52.9,27.0,0,0,0,0,0,0,-8.199999999999989,75699.9
H36152,H,28.650000000000034,37.950000000000045,90.0,1496.0,44.2,156.0,0,0,0,0,0,0,-9.300000000000011,66123.2
L55327,L,26.55000000000001,37.950000000000045,90.0,1373.0,46.8,146.0,0,0,0,0,0,0,-11.400000000000034,64256.399999999994
L56328,L,24.450000000000045,35.55000000000001,90.0,1519.0,39.0,124.0,0,0,0,0,0,0,-11.099999999999966,59241.0
L54347,L,27.150000000000034,37.150000000000034,90.0,1538.0,37.0,206.0,1,1,0,0,0,0,-10.0,56906.0
L52027,L,30.25,38.650000000000034,90.0,1434.0,42.4,182.0,0,0,0,0,0,0,-8.400000000000034,60801.6
L54114,L,27.650000000000034,38.25,90.0,1525.0,40.9,22.0,0,0,0,0,0,0,-10.599999999999966,62372.5
L55861,L,24.05000000000001,35.25,90.0,1556.0,37.7,114.0,0,0,0,0,0,0,-11.199999999999989,58661.200000000004
M18281,M,28.25,37.450000000000045,90.0,1472.0,38.0,59.0,0,0,0,0,0,0,-9.200000000000045,55936.0
L53255,L,27.850000000000023,37.75,90.0,1666.0,28.5,54.0,0,0,0,0,0,0,-9.899999999999977,47481.0
L50604,L,28.350000000000023,37.35000000000002,90.0,1457.0,46.9,155.0,0,0,0,0,0,0,-9.0,68333.3
L55925,L,24.25,35.35000000000002,90.0,1452.0,42.1,0.0,0,0,0,0,0,0,-11.100000000000023,61129.200000000004
L51138,L,29.05000000000001,38.05000000000001,90.0,1478.0,41.5,36.0,0,0,0,0,0,0,-9.0,61337.0
L54266,L,27.450000000000045,37.25,90.0,1484.0,43.0,215.0,0,0,0,0,0,0,-9.799999999999955,63812.0
L52092,L,30.350000000000023,39.150000000000034,90.0,1483.0,37.1,73.0,0,0,0,0,0,0,-8.800000000000011,55019.3
L57032,L,25.450000000000045,36.25,90.0,1540.0,37.1,196.0,0,0,0,0,0,0,-10.799999999999955,57134.0
L51792,L,29.950000000000045,38.25,90.0,1541.0,37.5,104.0,0,0,0,0,0,0,-8.299999999999955,57787.5
M24560,M,25.75,36.950000000000045,90.0,1353.0,53.7,71.0,0,0,0,0,0,0,-11.200000000000045,72656.1
L55258,L,27.150000000000034,38.55000000000001,90.0,1571.0,38.1,123.0,0,0,0,0,0,0,-11.399999999999977,59855.100000000006
M23793,M,24.150000000000034,35.150000000000034,90.0,1468.0,41.7,6.0,0,0,0,0,0,0,-11.0,61215.600000000006
L54619,L,26.850000000000023,38.25,90.0,1382.0,55.8,64.0,0,0,0,0,0,0,-11.399999999999977,77115.59999999999
L49381,L,26.55000000000001,35.85000000000002,90.0,1446.0,40.0,138.0,0,0,0,0,0,0,-9.300000000000011,57840.0
L57092,L,25.450000000000045,36.650000000000034,90.0,1327.0,58.8,9.0,0,0,0,0,0,0,-11.199999999999989,78027.59999999999
L49814,L,26.650000000000034,36.450000000000045,90.0,1554.0,32.0,127.0,0,0,0,0,0,0,-9.800000000000011,49728.0
L50995,L,29.05000000000001,37.55000000000001,90.0,1365.0,54.6,197.0,0,0,0,0,0,0,-8.5,74529.0
L54148,L,27.650000000000034,38.05000000000001,90.0,1789.0,25.5,114.0,0,0,0,0,0,0,-10.399999999999977,45619.5
L56130,L,24.25,35.05000000000001,90.0,1419.0,50.0,148.0,0,0,0,0,0,0,-10.800000000000011,70950.0
L56258,L,24.150000000000034,34.950000000000045,90.0,1357.0,35.7,48.0,0,0,0,0,0,0,-10.800000000000011,48444.9
M17553,M,26.55000000000001,35.950000000000045,90.0,1563.0,34.3,0.0,0,0,0,0,0,0,-9.400000000000034,53610.899999999994
L53321,L,27.650000000000034,37.650000000000034,90.0,1486.0,36.9,146.0,0,0,0,0,0,0,-10.0,54833.4
L56875,L,25.75,36.75,90.0,1819.0,23.9,141.0,0,0,0,0,0,0,-11.0,43474.1
M23166,M,25.55000000000001,36.950000000000045,90.0,1549.0,47.3,61.0,0,0,0,0,0,0,-11.400000000000034,73267.7
M22648,M,27.05000000000001,38.35000000000002,90.0,1547.0,42.5,66.0,0,0,0,0,0,0,-11.300000000000011,65747.5
H34081,H,29.950000000000045,38.25,90.0,1524.0,44.7,50.0,0,0,0,0,0,0,-8.299999999999955,68122.8
L53256,L,27.850000000000023,37.75,90.0,1544.0,36.7,155.0,0,0,0,0,0,0,-9.899999999999977,56664.8
L55813,L,24.25,35.150000000000034,90.0,1336.0,49.9,61.0,0,0,0,0,0,0,-10.900000000000034,66666.4
L49880,L,26.75,36.150000000000034,90.0,1388.0,40.4,170.0,0,0,0,0,0,0,-9.400000000000034,56075.2
M20423,M,29.150000000000034,38.55000000000001,90.0,1640.0,31.5,202.0,0,0,0,0,0,0,-9.399999999999977,51660.0
L56350,L,24.55000000000001,35.450000000000045,90.0,1449.0,43.5,2.0,0,0,0,0,0,0,-10.900000000000034,63031.5
L56213,L,24.150000000000034,35.05000000000001,90.0,1446.0,53.8,35.0,0,0,0,0,0,0,-10.899999999999977,77794.8
L54868,L,27.450000000000045,38.55000000000001,90.0,1466.0,44.5,0.0,0,0,0,0,0,0,-11.099999999999966,65237.0
H35166,H,28.650000000000034,37.950000000000045,90.0,1601.0,35.7,32.0,0,0,0,0,0,0,-9.300000000000011,57155.700000000004
L50969,L,29.150000000000034,37.650000000000034,90.0,1724.0,28.1,100.0,0,0,0,0,0,0,-8.5,48444.4
L47209,L,25.850000000000023,36.25,90.0,1547.0,30.1,84.0,0,0,0,0,0,0,-10.399999999999977,46564.700000000004
M16051,M,24.05000000000001,34.85000000000002,90.0,1466.0,49.1,43.0,0,0,0,0,0,0,-10.800000000000011,71980.6
L55414,L,25.950000000000045,37.450000000000045,90.0,1534.0,30.9,87.0,0,0,0,0,0,0,-11.5,47400.6
M20297,M,29.75,39.35000000000002,90.0,1462.0,50.7,15.0,0,0,0,0,0,0,-9.600000000000023,74123.40000000001
M17232,M,26.150000000000034,35.25,90.0,1430.0,53.8,93.0,0,0,0,0,0,0,-9.099999999999966,76934.0
L51268,L,28.75,37.25,90.0,1389.0,50.1,124.0,0,0,0,0,0,0,-8.5,69588.90000000001
L50024,L,27.25,36.05000000000001,90.0,1485.0,47.4,196.0,0,0,0,0,0,0,-8.800000000000011,70389.0
M24309,M,24.950000000000045,35.55000000000001,90.0,1434.0,41.8,93.0,0,0,0,0,0,0,-10.599999999999966,59941.2
L53413,L,27.650000000000034,37.05000000000001,90.0,1596.0,29.9,42.0,0,0,0,0,0,0,-9.399999999999977,47720.399999999994
L49860,L,26.650000000000034,36.150000000000034,90.0,1441.0,41.3,15.0,0,0,0,0,0,0,-9.5,59513.299999999996
L53355,L,27.75,37.85000000000002,90.0,1417.0,43.7,4.0,0,0,0,0,0,0,-10.100000000000023,61922.9
M24683,M,25.25,36.150000000000034,90.0,1488.0,39.9,110.0,0,0,0,0,0,0,-10.900000000000034,59371.2
L48530,L,25.55000000000001,37.05000000000001,90.0,1436.0,44.0,39.0,0,0,0,0,0,0,-11.5,63184.0
L55256,L,27.150000000000034,38.650000000000034,90.0,1548.0,37.0,174.0,0,0,0,0,0,0,-11.5,57276.0
L53647,L,27.350000000000023,36.650000000000034,90.0,1491.0,34.9,115.0,0,0,0,0,0,0,-9.300000000000011,52035.9
L54115,L,27.850000000000023,38.450000000000045,90.0,1815.0,26.3,152.0,0,0,0,0,0,0,-10.600000000000023,47734.5
L50142,L,27.55000000000001,36.55000000000001,90.0,1365.0,44.4,155.0,0,0,0,0,0,0,-9.0,60606.0
M16274,M,25.650000000000034,36.650000000000034,90.0,1570.0,31.7,139.0,0,0,0,0,0,0,-11.0,49769.0
H38231,H,24.05000000000001,35.35000000000002,90.0,1474.0,42.1,68.0,0,0,0,0,0,0,-11.300000000000011,62055.4
H30694,H,24.850000000000023,36.35000000000002,90.0,1441.0,40.0,109.0,0,0,0,0,0,0,-11.5,57640.0
L49414,L,26.25,35.450000000000045,90.0,1621.0,34.9,104.0,0,0,0,0,0,0,-9.200000000000045,56572.899999999994
L56332,L,24.450000000000045,35.450000000000045,90.0,1379.0,48.5,174.0,0,0,0,0,0,0,-11.0,66881.5
M22922,M,27.05000000000001,38.35000000000002,90.0,1465.0,40.1,76.0,0,0,0,0,0,0,-11.300000000000011,58746.5
L50196,L,27.450000000000045,36.35000000000002,90.0,1616.0,34.9,187.0,0,0,0,0,0,0,-8.899999999999977,56398.399999999994
M16078,M,23.850000000000023,35.450000000000045,90.0,1357.0,48.1,114.0,0,0,0,0,0,0,-11.600000000000023,65271.700000000004
M16116,M,24.350000000000023,35.75,90.0,1474.0,39.5,12.0,0,0,0,0,0,0,-11.399999999999977,58223.0
M23243,M,25.650000000000034,36.85000000000002,90.0,1523.0,38.0,58.0,0,0,0,0,0,0,-11.199999999999989,57874.0
L47390,L,25.25,35.55000000000001,90.0,1607.0,35.1,126.0,0,0,0,0,0,0,-10.300000000000011,56405.700000000004
L48693,L,24.950000000000045,35.55000000000001,90.0,1533.0,32.7,10.0,0,0,0,0,0,0,-10.599999999999966,50129.100000000006
M15695,M,23.05000000000001,34.25,90.0,1639.0,35.8,209.0,0,0,0,0,0,0,-11.199999999999989,58676.2
H36275,H,27.950000000000045,38.05000000000001,90.0,1419.0,46.6,43.0,0,0,0,0,0,0,-10.099999999999966,66125.40000000001
L56266,L,23.950000000000045,34.650000000000034,90.0,1428.0,37.3,179.0,0,0,0,0,0,0,-10.699999999999989,53264.399999999994
L56221,L,24.150000000000034,35.150000000000034,90.0,1558.0,36.3,56.0,0,0,0,0,0,0,-11.0,56555.399999999994
L49437,L,25.950000000000045,35.150000000000034,90.0,1489.0,45.9,68.0,0,0,0,0,0,0,-9.199999999999989,68345.09999999999
M18129,M,28.150000000000034,36.950000000000045,90.0,1665.0,31.1,196.0,0,0,0,0,0,0,-8.800000000000011,51781.5
L51827,L,29.850000000000023,38.05000000000001,90.0,1383.0,48.7,0.0,0,0,0,0,0,0,-8.199999999999989,67352.1
L50498,L,28.25,37.25,90.0,1437.0,43.1,59.0,0,0,0,0,0,0,-9.0,61934.700000000004
L56267,L,23.950000000000045,34.650000000000034,90.0,1535.0,33.9,155.0,0,0,0,0,0,0,-10.699999999999989,52036.5
L56893,L,25.950000000000045,36.75,90.0,1496.0,34.2,44.0,0,0,0,0,0,0,-10.799999999999955,51163.200000000004
L52413,L,30.450000000000045,39.75,90.0,1565.0,37.5,31.0,0,0,0,0,0,0,-9.299999999999955,58687.5
L47558,L,24.25,35.150000000000034,90.0,1528.0,33.5,51.0,0,0,0,0,0,0,-10.900000000000034,51188.0
L52816,L,29.450000000000045,38.85000000000002,90.0,1392.0,45.7,59.0,0,0,0,0,0,0,-9.399999999999977,63614.4
L54938,L,27.25,38.650000000000034,90.0,1378.0,57.4,196.0,0,0,0,0,0,0,-11.400000000000034,79097.2
L50310,L,26.950000000000045,36.150000000000034,90.0,1445.0,46.5,78.0,0,0,0,0,0,0,-9.199999999999989,67192.5
M21626,M,28.25,37.85000000000002,90.0,1596.0,32.2,13.0,0,0,0,0,0,0,-9.600000000000023,51391.200000000004
L48579,L,25.950000000000045,37.150000000000034,90.0,1627.0,31.5,56.0,0,0,0,0,0,0,-11.199999999999989,51250.5
M23676,M,24.350000000000023,35.75,90.0,1574.0,34.4,25.0,0,0,0,0,0,0,-11.399999999999977,54145.6
L49828,L,26.650000000000034,36.35000000000002,90.0,1436.0,51.6,131.0,0,0,0,0,0,0,-9.699999999999989,74097.6
L55696,L,25.150000000000034,36.450000000000045,90.0,1435.0,45.3,189.0,0,0,0,0,0,0,-11.300000000000011,65005.49999999999
L54486,L,26.850000000000023,37.25,90.0,1438.0,46.8,147.0,0,0,0,0,0,0,-10.399999999999977,67298.4
L49410,L,26.350000000000023,35.55000000000001,90.0,1446.0,45.6,173.0,0,0,0,0,0,0,-9.199999999999989,65937.6
L48384,L,23.75,34.85000000000002,90.0,1540.0,37.7,84.0,0,0,0,0,0,0,-11.100000000000023,58058.00000000001
L50677,L,28.75,37.85000000000002,90.0,1470.0,40.0,126.0,0,0,0,0,0,0,-9.100000000000023,58800.0
L55045,L,27.350000000000023,38.75,90.0,1471.0,48.6,39.0,0,0,0,0,0,0,-11.399999999999977,71490.6
M16895,M,25.75,35.450000000000045,90.0,1528.0,40.4,139.0,0,0,0,0,0,0,-9.700000000000045,61731.2
L54139,L,27.450000000000045,37.85000000000002,90.0,1543.0,34.7,119.0,0,0,0,0,0,0,-10.399999999999977,53542.100000000006
L49985,L,26.850000000000023,36.25,90.0,1418.0,43.5,120.0,0,0,0,0,0,0,-9.399999999999977,61683.0
L53413,L,27.75,37.25,90.0,1689.0,30.6,159.0,0,0,0,0,0,0,-9.5,51683.4
L56725,L,26.450000000000045,37.950000000000045,90.0,1708.0,28.7,168.0,0,0,0,0,0,0,-11.5,49019.6
L53945,L,28.350000000000023,37.75,90.0,1483.0,42.3,11.0,0,0,0,0,0,0,-9.399999999999977,62730.899999999994
L52333,L,31.150000000000034,40.25,90.0,1685.0,31.7,23.0,0,0,0,0,0,0,-9.099999999999966,53414.5
L54049,L,27.850000000000023,38.05000000000001,90.0,1490.0,38.7,64.0,0,0,0,0,0,0,-10.199999999999989,57663.00000000001
H32270,H,27.25,36.150000000000034,90.0,1471.0,45.2,223.0,0,0,0,0,0,0,-8.900000000000034,66489.2
L51137,L,29.05000000000001,38.35000000000002,90.0,1467.0,41.2,30.0,0,0,0,0,0,0,-9.300000000000011,60440.4
L54235,L,27.650000000000034,37.450000000000045,90.0,1403.0,44.8,139.0,0,0,0,0,0,0,-9.800000000000011,62854.399999999994
H38911,H,25.950000000000045,36.650000000000034,90.0,1443.0,40.3,203.0,0,0,0,0,0,0,-10.699999999999989,58152.899999999994
L51287,L,28.850000000000023,37.35000000000002,90.0,1521.0,39.1,177.0,0,0,0,0,0,0,-8.5,59471.1
L52038,L,30.450000000000045,38.75,90.0,1563.0,34.5,35.0,0,0,0,0,0,0,-8.299999999999955,53923.5
L52449,L,30.450000000000045,39.75,90.0,1504.0,44.8,113.0,0,0,0,0,0,0,-9.299999999999955,67379.2
L55785,L,24.350000000000023,35.25,90.0,1553.0,42.2,213.0,0,0,0,0,0,0,-10.899999999999977,65536.6
L48641,L,25.75,36.950000000000045,90.0,1419.0,45.1,101.0,0,0,0,0,0,0,-11.200000000000045,63996.9
L49496,L,26.05000000000001,35.35000000000002,90.0,1429.0,39.2,201.0,0,0,0,0,0,0,-9.300000000000011,56016.8
L49860,L,26.650000000000034,36.25,90.0,1641.0,27.1,16.0,0,0,0,0,0,0,-9.599999999999966,44471.100000000006
L50553,L,28.25,37.55000000000001,90.0,1389.0,49.0,23.0,0,0,0,0,0,0,-9.300000000000011,68061.0
M23943,M,24.05000000000001,34.75,90.0,1541.0,35.7,146.0,0,0,0,0,0,0,-10.699999999999989,55013.700000000004
L49179,L,25.150000000000034,34.85000000000002,90.0,1479.0,39.2,11.0,0,0,0,0,0,0,-9.699999999999989,57976.8
L48645,L,25.55000000000001,36.650000000000034,90.0,1454.0,46.5,66.0,0,0,0,0,0,0,-11.100000000000023,67611.0
L47470,L,24.950000000000045,35.25,90.0,1438.0,38.0,0.0,0,0,0,0,0,0,-10.299999999999955,54644.0
L48559,L,25.650000000000034,37.05000000000001,90.0,1620.0,34.8,112.0,0,0,0,0,0,0,-11.399999999999977,56375.99999999999
M20538,M,29.25,38.75,90.0,1336.0,53.1,69.0,0,0,0,0,0,0,-9.5,70941.6
M21606,M,27.950000000000045,37.950000000000045,90.0,1403.0,50.3,178.0,0,0,0,0,0,0,-10.0,70570.9
L48752,L,25.05000000000001,35.25,90.0,1434.0,38.4,162.0,0,0,0,0,0,0,-10.199999999999989,55065.6
L52894,L,29.25,38.75,90.0,1560.0,37.0,156.0,0,0,0,0,0,0,-9.5,57720.0
L55236,L,27.05000000000001,38.35000000000002,90.0,1766.0,26.7,56.0,0,0,0,0,0,0,-11.300000000000011,47152.2
L53542,L,26.950000000000045,36.450000000000045,90.0,1433.0,42.4,51.0,0,0,0,0,0,0,-9.5,60759.2
M20383,M,29.350000000000023,38.75,90.0,1526.0,35.8,89.0,0,0,0,0,0,0,-9.399999999999977,54630.799999999996
L51540,L,28.950000000000045,36.950000000000045,90.0,1543.0,32.8,164.0,0,0,0,0,0,0,-8.0,50610.399999999994
M22016,M,27.450000000000045,36.85000000000002,90.0,1406.0,50.4,0.0,0,0,0,0,0,0,-9.399999999999977,70862.4
M22134,M,26.950000000000045,37.25,90.0,1478.0,45.4,45.0,0,0,0,0,0,0,-10.299999999999955,67101.2
L48348,L,23.950000000000045,34.950000000000045,90.0,1496.0,48.1,215.0,0,0,0,0,0,0,-11.0,71957.6
L49017,L,24.55000000000001,33.950000000000045,90.0,1519.0,39.0,196.0,0,0,0,0,0,0,-9.400000000000034,59241.0
L54628,L,27.150000000000034,38.650000000000034,90.0,1648.0,30.0,51.0,0,0,0,0,0,0,-11.5,49440.0
L50074,L,27.55000000000001,36.450000000000045,90.0,1616.0,30.3,85.0,0,0,0,0,0,0,-8.900000000000034,48964.8
H31890,H,25.75,35.25,90.0,1523.0,42.6,147.0,0,0,0,0,0,0,-9.5,64879.8
M16098,M,23.950000000000045,35.150000000000034,90.0,1685.0,29.3,105.0,0,0,0,0,0,0,-11.199999999999989,49370.5
L55782,L,24.350000000000023,35.35000000000002,90.0,1524.0,38.1,104.0,0,0,0,0,0,0,-11.0,58064.4
L52982,L,28.25,37.650000000000034,90.0,1571.0,35.3,168.0,0,0,0,0,0,0,-9.400000000000034,55456.299999999996
M18147,M,28.05000000000001,36.950000000000045,90.0,1679.0,32.6,34.0,0,0,0,0,0,0,-8.900000000000034,54735.4
L51216,L,28.950000000000045,37.650000000000034,90.0,1567.0,36.3,2.0,0,0,0,0,0,0,-8.699999999999989,56882.1
M15364,M,24.350000000000023,36.150000000000034,90.0,1529.0,41.9,3.0,0,0,0,0,0,0,-11.800000000000011,64065.1
L47885,L,24.55000000000001,35.85000000000002,90.0,1448.0,43.2,24.0,0,0,0,0,0,0,-11.300000000000011,62553.600000000006
M20257,M,29.650000000000034,39.25,90.0,1416.0,40.7,241.0,0,0,0,0,0,0,-9.599999999999966,57631.200000000004
L49509,L,26.150000000000034,35.55000000000001,90.0,1679.0,28.7,44.0,0,0,0,0,0,0,-9.399999999999977,48187.299999999996
L53878,L,28.450000000000045,37.75,90.0,1445.0,54.3,46.0,0,0,0,0,0,0,-9.299999999999955,78463.5
L49813,L,26.75,36.25,90.0,1559.0,31.5,142.0,0,0,0,0,0,0,-9.5,49108.5
M18925,M,28.75,37.650000000000034,90.0,1472.0,37.6,70.0,0,0,0,0,0,0,-8.900000000000034,55347.200000000004
L56599,L,24.850000000000023,35.25,90.0,1414.0,46.2,13.0,0,0,0,0,0,0,-10.399999999999977,65326.8
L55429,L,25.850000000000023,37.25,90.0,1524.0,49.6,2.0,0,0,0,0,0,0,-11.399999999999977,75590.40000000001
L52910,L,29.150000000000034,38.55000000000001,90.0,1453.0,25.3,200.0,0,0,0,0,0,0,-9.399999999999977,36760.9
H30365,H,23.150000000000034,34.150000000000034,90.0,1414.0,38.3,48.0,0,0,0,0,0,0,-11.0,54156.2
L48587,L,25.75,36.85000000000002,90.0,1633.0,31.2,183.0,0,0,0,0,0,0,-11.100000000000023,50949.6
L54275,L,27.450000000000045,36.950000000000045,90.0,1485.0,49.9,25.0,0,0,0,0,0,0,-9.5,74101.5
L48645,L,25.55000000000001,36.650000000000034,90.0,1546.0,47.0,145.0,0,0,0,0,0,0,-11.100000000000023,72662.0
L56199,L,24.150000000000034,34.950000000000045,90.0,1543.0,34.6,21.0,0,0,0,0,0,0,-10.800000000000011,53387.8
M16617,M,24.950000000000045,34.650000000000034,90.0,1365.0,54.0,96.0,0,0,0,0,0,0,-9.699999999999989,73710.0
L56473,L,25.150000000000034,35.950000000000045,90.0,1606.0,34.4,93.0,0,0,0,0,0,0,-10.800000000000011,55246.399999999994
L47206,L,25.950000000000045,36.35000000000002,90.0,1495.0,39.0,0.0,0,0,0,0,0,0,-10.399999999999977,58305.0
L49273,L,26.25,36.05000000000001,90.0,1547.0,39.0,26.0,0,0,0,0,0,0,-9.800000000000011,60333.0
H38033,H,24.450000000000045,35.450000000000045,90.0,1429.0,46.6,95.0,0,0,0,0,0,0,-11.0,66591.40000000001
L54885,L,27.350000000000023,38.450000000000045,90.0,1556.0,46.0,142.0,0,0,0,0,0,0,-11.100000000000023,71576.0
M19492,M,29.950000000000045,38.05000000000001,90.0,1359.0,45.5,207.0,0,0,0,0,0,0,-8.099999999999966,61834.5
L51033,L,29.150000000000034,37.85000000000002,90.0,1704.0,29.6,98.0,0,0,0,0,0,0,-8.699999999999989,50438.4
L57173,L,25.350000000000023,35.25,90.0,1705.0,28.9,10.0,0,0,0,0,0,0,-9.899999999999977,49274.5
M20000,M,31.150000000000034,39.950000000000045,90.0,1459.0,39.9,192.0,0,0,0,0,0,0,-8.800000000000011,58214.1
L53893,L,28.25,37.950000000000045,90.0,1450.0,48.7,152.0,0,0,0,0,0,0,-9.700000000000045,70615.0
L48520,L,25.450000000000045,37.05000000000001,90.0,1563.0,36.3,10.0,0,0,0,0,0,0,-11.599999999999966,56736.899999999994
M17767,M,27.450000000000045,36.25,90.0,1542.0,40.4,9.0,0,0,0,0,0,0,-8.799999999999955,62296.799999999996
L53651,L,27.55000000000001,36.950000000000045,90.0,1567.0,36.2,53.0,0,0,0,0,0,0,-9.400000000000034,56725.4
M18584,M,29.150000000000034,38.35000000000002,90.0,1535.0,38.7,84.0,0,0,0,0,0,0,-9.199999999999989,59404.50000000001
L55863,L,24.05000000000001,35.35000000000002,90.0,1469.0,43.1,0.0,0,0,0,0,0,0,-11.300000000000011,63313.9
H39258,H,25.450000000000045,36.35000000000002,90.0,1462.0,43.2,28.0,0,0,0,0,0,0,-10.899999999999977,63158.4
M24550,M,25.75,36.35000000000002,90.0,1335.0,54.1,163.0,0,0,0,0,0,0,-10.600000000000023,72223.5
L51591,L,29.450000000000045,37.25,90.0,1540.0,39.4,66.0,0,0,0,0,0,0,-7.7999999999999545,60676.0
L53752,L,28.25,37.55000000000001,90.0,1616.0,53.7,176.0,0,0,0,0,0,0,-9.300000000000011,86779.20000000001
L53986,L,28.05000000000001,37.650000000000034,90.0,1418.0,49.6,7.0,0,0,0,0,0,0,-9.600000000000023,70332.8
L49304,L,26.05000000000001,35.75,90.0,1432.0,39.1,117.0,0,0,0,0,0,0,-9.699999999999989,55991.200000000004
L56250,L,23.950000000000045,35.05000000000001,90.0,1427.0,45.2,177.0,0,0,0,0,0,0,-11.099999999999966,64500.4
L52696,L,29.450000000000045,38.85000000000002,90.0,1474.0,39.7,79.0,0,0,0,0,0,0,-9.399999999999977,58517.8
L50968,L,29.150000000000034,37.650000000000034,90.0,1386.0,45.5,21.0,0,0,0,0,0,0,-8.5,63063.0
L51546,L,28.850000000000023,36.75,90.0,1359.0,53.8,181.0,1,0,1,0,0,0,-7.899999999999977,73114.2
L51534,L,28.350000000000023,36.950000000000045,90.0,1555.0,34.6,176.0,0,0,0,0,0,0,-8.600000000000023,53803.0
L53822,L,28.350000000000023,37.25,90.0,1452.0,44.6,188.0,0,0,0,0,0,0,-8.899999999999977,64759.200000000004
L49328,L,26.25,35.75,90.0,1390.0,47.2,171.0,0,0,0,0,0,0,-9.5,65608.0
L54237,L,27.650000000000034,37.450000000000045,90.0,1423.0,41.3,151.0,0,0,0,0,0,0,-9.800000000000011,58769.899999999994
M24784,M,25.350000000000023,35.650000000000034,90.0,1420.0,46.2,98.0,0,0,0,0,0,0,-10.300000000000011,65604.0
L56869,L,25.850000000000023,36.650000000000034,90.0,1350.0,60.3,74.0,0,0,0,0,0,0,-10.800000000000011,81405.0
M22538,M,27.55000000000001,38.55000000000001,90.0,1389.0,52.1,61.0,0,0,0,0,0,0,-11.0,72366.90000000001
L55130,L,27.650000000000034,38.55000000000001,90.0,1424.0,50.0,23.0,0,0,0,0,0,0,-10.899999999999977,71200.0
L53866,L,28.55000000000001,37.85000000000002,90.0,1715.0,47.5,17.0,0,0,0,0,0,0,-9.300000000000011,81462.5
L50483,L,28.05000000000001,37.35000000000002,90.0,1782.0,25.6,192.0,0,0,0,0,0,0,-9.300000000000011,45619.200000000004
L55885,L,24.05000000000001,35.450000000000045,90.0,1456.0,52.4,37.0,0,0,0,0,0,0,-11.400000000000034,76294.4
L48777,L,24.75,34.950000000000045,90.0,1531.0,40.8,198.0,0,0,0,0,0,0,-10.200000000000045,62464.799999999996
M17108,M,25.950000000000045,35.05000000000001,90.0,1450.0,46.2,64.0,0,0,0,0,0,0,-9.099999999999966,66990.0
L52418,L,30.55000000000001,39.85000000000002,90.0,1512.0,44.1,40.0,0,0,0,0,0,0,-9.300000000000011,66679.2
L55663,L,25.350000000000023,36.75,90.0,1456.0,48.2,143.0,0,0,0,0,0,0,-11.399999999999977,70179.2
L51486,L,28.450000000000045,36.85000000000002,90.0,1657.0,32.6,174.0,0,0,0,0,0,0,-8.399999999999977,54018.200000000004
M18006,M,27.25,36.75,90.0,1555.0,40.6,101.0,0,0,0,0,0,0,-9.5,63133.0
L56718,L,26.150000000000034,37.450000000000045,90.0,1480.0,45.1,135.0,0,0,0,0,0,0,-11.300000000000011,66748.0
L50927,L,29.150000000000034,37.950000000000045,90.0,1465.0,43.5,162.0,0,0,0,0,0,0,-8.800000000000011,63727.5
M19704,M,30.25,38.650000000000034,90.0,1789.0,23.0,69.0,0,0,0,0,0,0,-8.400000000000034,41147.0
L49526,L,26.25,35.450000000000045,90.0,1517.0,41.1,24.0,0,0,0,0,0,0,-9.200000000000045,62348.700000000004
M15994,M,23.650000000000034,34.35000000000002,90.0,1363.0,48.3,130.0,0,0,0,0,0,0,-10.699999999999989,65832.9
M15062,M,25.25,35.35000000000002,90.0,1525.0,37.1,107.0,0,0,0,0,0,0,-10.100000000000023,56577.5
L56251,L,23.850000000000023,34.950000000000045,90.0,1430.0,43.8,140.0,0,0,0,0,0,0,-11.100000000000023,62633.99999999999
M17828,M,27.55000000000001,36.35000000000002,90.0,1441.0,39.2,73.0,0,0,0,0,0,0,-8.800000000000011,56487.200000000004
H36143,H,28.25,37.75,90.0,1522.0,35.9,124.0,0,0,0,0,0,0,-9.5,54639.799999999996
L56129,L,24.25,34.85000000000002,90.0,1486.0,60.3,50.0,0,0,0,0,0,0,-10.600000000000023,89605.8
L55439,L,25.450000000000045,36.75,90.0,1681.0,30.6,98.0,0,0,0,0,0,0,-11.299999999999955,51438.600000000006
L55476,L,25.75,37.450000000000045,90.0,1436.0,53.8,32.0,0,0,0,0,0,0,-11.700000000000045,77256.8
L50595,L,28.25,37.25,90.0,1372.0,54.7,133.0,0,0,0,0,0,0,-9.0,75048.40000000001
L52106,L,30.25,39.150000000000034,90.0,1282.0,60.1,69.0,0,0,0,0,0,0,-8.900000000000034,77048.2
L49551,L,26.05000000000001,35.25,90.0,1390.0,43.3,89.0,0,0,0,0,0,0,-9.199999999999989,60186.99999999999
L53162,L,27.55000000000001,37.650000000000034,90.0,1546.0,37.2,186.0,0,0,0,0,0,0,-10.100000000000023,57511.200000000004
L48503,L,25.75,37.05000000000001,90.0,1400.0,48.5,192.0,0,0,0,0,0,0,-11.300000000000011,67900.0
H30745,H,25.650000000000034,36.950000000000045,90.0,1435.0,42.6,7.0,0,0,0,0,0,0,-11.300000000000011,61131.0
L53042,L,28.25,37.85000000000002,90.0,1622.0,40.6,86.0,0,0,0,0,0,0,-9.600000000000023,65853.2
L50554,L,28.350000000000023,37.55000000000001,90.0,1376.0,45.8,57.0,0,0,0,0,0,0,-9.199999999999989,63020.799999999996
L47349,L,25.25,35.150000000000034,90.0,1318.0,53.0,22.0,0,0,0,0,0,0,-9.900000000000034,69854.0
L47375,L,25.150000000000034,35.35000000000002,90.0,1441.0,43.4,112.0,0,0,0,0,0,0,-10.199999999999989,62539.4
L53537,L,27.05000000000001,36.650000000000034,90.0,1398.0,41.6,135.0,0,0,0,0,0,0,-9.600000000000023,58156.8
M24088,M,24.950000000000045,35.950000000000045,90.0,1618.0,37.5,45.0,0,0,0,0,0,0,-11.0,60675.0
L51597,L,29.450000000000045,37.25,90.0,1365.0,46.3,80.0,0,0,0,0,0,0,-7.7999999999999545,63199.49999999999
L49079,L,24.650000000000034,34.35000000000002,90.0,1695.0,30.0,159.0,0,0,0,0,0,0,-9.699999999999989,50850.0
L55906,L,24.05000000000001,35.150000000000034,90.0,1430.0,45.5,63.0,0,0,0,0,0,0,-11.100000000000023,65065.0
L51741,L,29.75,37.35000000000002,90.0,1398.0,55.1,17.0,0,0,0,0,0,0,-7.600000000000023,77029.8
L53908,L,28.55000000000001,37.85000000000002,90.0,1593.0,35.2,129.0,0,0,0,0,0,0,-9.300000000000011,56073.600000000006
L54849,L,27.450000000000045,38.55000000000001,90.0,1336.0,58.4,173.0,0,0,0,0,0,0,-11.099999999999966,78022.4
M19822,M,30.850000000000023,39.55000000000001,90.0,1570.0,35.8,160.0,0,0,0,0,0,0,-8.699999999999989,56205.99999999999
L52333,L,31.05000000000001,40.25,90.0,1514.0,31.7,23.0,0,0,0,0,0,0,-9.199999999999989,47993.799999999996
H34720,H,30.850000000000023,40.150000000000034,90.0,1348.0,47.1,206.0,0,0,0,0,0,0,-9.300000000000011,63490.8
L51288,L,28.75,37.35000000000002,90.0,1686.0,29.9,12.0,0,0,0,0,0,0,-8.600000000000023,50411.399999999994
L51762,L,29.75,38.05000000000001,90.0,1494.0,46.7,66.0,0,0,0,0,0,0,-8.300000000000011,69769.8
L49578,L,26.05000000000001,35.35000000000002,90.0,1566.0,37.2,158.0,0,0,0,0,0,0,-9.300000000000011,58255.200000000004
M23647,M,24.350000000000023,35.35000000000002,90.0,1699.0,30.1,100.0,0,0,0,0,0,0,-11.0,51139.9
L55711,L,25.150000000000034,35.950000000000045,90.0,1751.0,30.8,26.0,0,0,0,0,0,0,-10.800000000000011,53930.8
M15049,M,25.150000000000034,35.25,90.0,1510.0,43.4,69.0,0,0,0,0,0,0,-10.099999999999966,65534.0
L56454,L,25.05000000000001,35.55000000000001,90.0,1723.0,54.9,178.0,0,0,0,0,0,0,-10.5,94592.7
M16723,M,24.75,34.55000000000001,90.0,1510.0,44.5,68.0,0,0,0,0,0,0,-9.800000000000011,67195.0
L54088,L,27.950000000000045,38.150000000000034,90.0,1488.0,43.4,170.0,0,0,0,0,0,0,-10.199999999999989,64579.2
M15522,M,24.450000000000045,35.75,90.0,1479.0,38.1,181.0,0,0,0,0,0,0,-11.299999999999955,56349.9
L56932,L,25.55000000000001,36.650000000000034,90.0,1561.0,32.8,201.0,0,0,0,0,0,0,-11.100000000000023,51200.799999999996
L56382,L,24.650000000000034,35.85000000000002,90.0,1371.0,52.7,0.0,0,0,0,0,0,0,-11.199999999999989,72251.7
M24557,M,25.650000000000034,36.650000000000034,90.0,1413.0,45.4,64.0,0,0,0,0,0,0,-11.0,64150.2
L56941,L,25.450000000000045,36.35000000000002,90.0,1362.0,47.1,70.0,0,0,0,0,0,0,-10.899999999999977,64150.200000000004
L48325,L,23.850000000000023,34.650000000000034,90.0,1552.0,34.4,155.0,0,0,0,0,0,0,-10.800000000000011,53388.799999999996
M19798,M,30.350000000000023,39.05000000000001,90.0,1606.0,29.1,176.0,0,0,0,0,0,0,-8.699999999999989,46734.600000000006
L48763,L,25.05000000000001,35.150000000000034,90.0,1419.0,45.8,47.0,0,0,0,0,0,0,-10.100000000000023,64990.2
H32073,H,26.650000000000034,36.35000000000002,90.0,1713.0,33.5,183.0,0,0,0,0,0,0,-9.699999999999989,57385.5
L55961,L,24.350000000000023,35.55000000000001,90.0,1549.0,37.0,27.0,0,0,0,0,0,0,-11.199999999999989,57313.0
L48462,L,25.150000000000034,36.25,90.0,1546.0,42.8,25.0,0,0,0,0,0,0,-11.099999999999966,66168.79999999999
H38831,H,24.950000000000045,35.35000000000002,90.0,1382.0,54.5,179.0,0,0,0,0,0,0,-10.399999999999977,75319.0
L50315,L,27.25,36.35000000000002,90.0,1553.0,36.3,76.0,0,0,0,0,0,0,-9.100000000000023,56373.899999999994
L52772,L,29.350000000000023,38.650000000000034,90.0,1492.0,46.7,166.0,0,0,0,0,0,0,-9.300000000000011,69676.40000000001
L48078,L,22.450000000000045,33.05000000000001,90.0,1483.0,40.2,133.0,0,0,0,0,0,0,-10.599999999999966,59616.600000000006
L55149,L,27.75,38.950000000000045,90.0,1470.0,46.4,70.0,0,0,0,0,0,0,-11.200000000000045,68208.0
L47716,L,24.350000000000023,36.150000000000034,90.0,1471.0,24.8,81.0,0,0,0,0,0,0,-11.800000000000011,36480.8
L47677,L,24.25,35.85000000000002,90.0,1505.0,43.9,209.0,0,0,0,0,0,0,-11.600000000000023,66069.5
M18778,M,29.150000000000034,38.450000000000045,90.0,1451.0,36.0,169.0,0,0,0,0,0,0,-9.300000000000011,52236.0
H36762,H,26.850000000000023,38.25,90.0,1562.0,34.4,51.0,0,0,0,0,0,0,-11.399999999999977,53732.799999999996
M24284,M,24.850000000000023,35.35000000000002,90.0,1485.0,42.0,162.0,0,0,0,0,0,0,-10.5,62370.0
L55304,L,27.05000000000001,38.450000000000045,90.0,1573.0,34.9,32.0,0,0,0,0,0,0,-11.400000000000034,54897.7
L54794,L,27.350000000000023,38.25,90.0,1336.0,47.5,51.0,0,0,0,0,0,0,-10.899999999999977,63460.0
L55379,L,26.05000000000001,37.55000000000001,90.0,1637.0,35.8,225.0,0,0,0,0,0,0,-11.5,58604.6
L53662,L,27.55000000000001,36.75,90.0,1570.0,34.2,153.0,0,0,0,0,0,0,-9.199999999999989,53694.00000000001
L51288,L,28.75,37.35000000000002,90.0,1396.0,48.0,179.0,0,0,0,0,0,0,-8.600000000000023,67008.0
M18285,M,28.350000000000023,37.35000000000002,90.0,1366.0,50.0,147.0,0,0,0,0,0,0,-9.0,68300.0
L52047,L,30.450000000000045,38.85000000000002,90.0,1718.0,25.5,126.0,0,0,0,0,0,0,-8.399999999999977,43809.0
L48406,L,23.950000000000045,35.25,90.0,1495.0,51.8,142.0,0,0,0,0,0,0,-11.299999999999955,77441.0
L53955,L,28.05000000000001,37.450000000000045,90.0,1466.0,45.3,110.0,0,0,0,0,0,0,-9.400000000000034,66409.8
L56440,L,25.25,35.950000000000045,90.0,1597.0,32.7,114.0,0,0,0,0,0,0,-10.700000000000045,52221.9
M18591,M,29.05000000000001,38.05000000000001,90.0,1341.0,43.0,124.0,0,0,0,0,0,0,-9.0,57663.0
M19157,M,28.55000000000001,37.05000000000001,90.0,1818.0,24.6,217.0,0,0,0,0,0,0,-8.5,44722.8
L54562,L,26.650000000000034,37.25,90.0,1495.0,43.3,103.0,0,0,0,0,0,0,-10.599999999999966,64733.49999999999
L54162,L,27.55000000000001,37.950000000000045,90.0,1440.0,51.1,7.0,0,0,0,0,0,0,-10.400000000000034,73584.0
L51718,L,29.25,37.05000000000001,90.0,1530.0,23.3,23.0,0,0,0,0,0,0,-7.800000000000011,35649.0
L55333,L,26.450000000000045,37.55000000000001,90.0,1406.0,43.2,108.0,0,0,0,0,0,0,-11.099999999999966,60739.200000000004
H32906,H,28.75,37.85000000000002,90.0,1546.0,35.5,186.0,0,0,0,0,0,0,-9.100000000000023,54883.0
H34786,H,30.05000000000001,39.450000000000045,90.0,1463.0,43.9,64.0,0,0,0,0,0,0,-9.400000000000034,64225.7
L55230,L,27.55000000000001,38.85000000000002,90.0,1568.0,37.2,50.0,0,0,0,0,0,0,-11.300000000000011,58329.600000000006
L47940,L,23.650000000000034,34.650000000000034,90.0,1505.0,39.4,236.0,0,0,0,0,0,0,-11.0,59297.0
L56137,L,24.25,34.950000000000045,90.0,1568.0,35.1,140.0,0,0,0,0,0,0,-10.700000000000045,55036.8
M22258,M,26.55000000000001,37.55000000000001,90.0,1498.0,37.8,173.0,0,0,0,0,0,0,-11.0,56624.399999999994
M22611,M,27.25,38.55000000000001,90.0,1528.0,42.6,221.0,0,0,0,0,0,0,-11.300000000000011,65092.8
M22952,M,27.05000000000001,38.450000000000045,90.0,1478.0,41.4,202.0,0,0,0,0,0,0,-11.400000000000034,61189.2
L51564,L,28.650000000000034,36.85000000000002,90.0,1524.0,42.7,231.0,0,0,0,0,0,0,-8.199999999999989,65074.8
M20910,M,27.650000000000034,37.75,90.0,1459.0,43.0,125.0,0,0,0,0,0,0,-10.099999999999966,62737.0
L51801,L,29.850000000000023,38.05000000000001,90.0,1448.0,51.0,174.0,0,0,0,0,0,0,-8.199999999999989,73848.0
M22277,M,27.05000000000001,38.450000000000045,90.0,1465.0,40.2,193.0,0,0,0,0,0,0,-11.400000000000034,58893.00000000001
M20807,M,27.55000000000001,37.650000000000034,90.0,1544.0,37.2,92.0,0,0,0,0,0,0,-10.100000000000023,57436.8
L48395,L,23.650000000000034,34.75,90.0,1709.0,46.7,118.0,0,0,0,0,0,0,-11.099999999999966,79810.3
L49642,L,25.75,35.35000000000002,90.0,1735.0,26.7,117.0,0,0,0,0,0,0,-9.600000000000023,46324.5
L49375,L,26.450000000000045,35.75,90.0,1613.0,32.8,80.0,0,0,0,0,0,0,-9.299999999999955,52906.399999999994
L49720,L,25.950000000000045,35.650000000000034,90.0,1502.0,38.3,141.0,0,0,0,0,0,0,-9.699999999999989,57526.6
L55850,L,24.350000000000023,35.75,90.0,1581.0,29.5,155.0,0,0,0,0,0,0,-11.399999999999977,46639.5
M23452,M,24.350000000000023,34.85000000000002,90.0,1430.0,44.5,173.0,0,0,0,0,0,0,-10.5,63635.0
L56647,L,24.850000000000023,35.35000000000002,90.0,1584.0,32.4,147.0,0,0,0,0,0,0,-10.5,51321.6
L48361,L,24.150000000000034,35.150000000000034,90.0,1505.0,43.7,21.0,0,0,0,0,0,0,-11.0,65768.5
M21577,M,28.55000000000001,37.450000000000045,90.0,1638.0,33.8,94.0,0,0,0,0,0,0,-8.900000000000034,55364.399999999994
L56114,L,24.25,35.05000000000001,90.0,1601.0,40.0,5.0,0,0,0,0,0,0,-10.800000000000011,64040.0
L55562,L,25.75,36.85000000000002,90.0,1559.0,36.3,51.0,0,0,0,0,0,0,-11.100000000000023,56591.7
L52487,L,30.850000000000023,40.150000000000034,90.0,1530.0,50.8,135.0,0,0,0,0,0,0,-9.300000000000011,77724.0
L50879,L,29.05000000000001,37.950000000000045,90.0,1417.0,47.3,9.0,0,0,0,0,0,0,-8.900000000000034,67024.09999999999
L49858,L,26.650000000000034,36.25,90.0,1372.0,47.6,113.0,0,0,0,0,0,0,-9.599999999999966,65307.200000000004
L50587,L,28.05000000000001,37.55000000000001,90.0,1353.0,48.2,155.0,0,0,0,0,0,0,-9.5,65214.600000000006
H34582,H,31.150000000000034,40.25,90.0,1696.0,29.6,65.0,0,0,0,0,0,0,-9.099999999999966,50201.600000000006
M24687,M,25.25,35.950000000000045,90.0,1423.0,46.2,181.0,0,0,0,0,0,0,-10.700000000000045,65742.6
M20588,M,29.25,38.75,90.0,1453.0,40.0,191.0,0,0,0,0,0,0,-9.5,58120.0
M20448,M,29.350000000000023,38.75,90.0,1566.0,37.6,181.0,0,0,0,0,0,0,-9.399999999999977,58881.600000000006
L54154,L,27.55000000000001,37.85000000000002,90.0,1663.0,29.2,128.0,0,0,0,0,0,0,-10.300000000000011,48559.6
M24119,M,25.05000000000001,35.85000000000002,90.0,1487.0,42.0,5.0,0,0,0,0,0,0,-10.800000000000011,62454.0
L49184,L,25.350000000000023,35.05000000000001,90.0,1435.0,47.5,18.0,0,0,0,0,0,0,-9.699999999999989,68162.5
L48157,L,22.850000000000023,33.55000000000001,90.0,1564.0,41.6,190.0,0,0,0,0,0,0,-10.699999999999989,65062.4
L53856,L,28.150000000000034,37.25,90.0,1460.0,46.9,220.0,0,0,0,0,0,0,-9.099999999999966,68474.0
M24336,M,25.650000000000034,36.450000000000045,90.0,1692.0,29.9,167.0,0,0,0,0,0,0,-10.800000000000011,50590.799999999996
L56875,L,26.150000000000034,36.85000000000002,90.0,1766.0,28.0,60.0,0,0,0,0,0,0,-10.699999999999989,49448.0
L49133,L,24.75,34.650000000000034,90.0,1430.0,47.7,113.0,0,0,0,0,0,0,-9.900000000000034,68211.0
L56073,L,24.350000000000023,35.55000000000001,90.0,1429.0,45.7,121.0,0,0,0,0,0,0,-11.199999999999989,65305.3
L53996,L,27.75,37.55000000000001,90.0,1477.0,52.6,121.0,0,0,0,0,0,0,-9.800000000000011,77690.2
M15065,M,25.25,35.55000000000001,90.0,1350.0,53.0,114.0,0,0,0,0,0,0,-10.300000000000011,71550.0
L49794,L,26.150000000000034,35.950000000000045,90.0,1428.0,45.2,62.0,0,0,0,0,0,0,-9.800000000000011,64545.600000000006
L53812,L,28.150000000000034,37.25,90.0,1543.0,51.2,129.0,0,0,0,0,0,0,-9.099999999999966,79001.6
L50755,L,28.55000000000001,37.75,90.0,1409.0,49.1,114.0,0,0,0,0,0,0,-9.199999999999989,69181.90000000001
H35758,H,27.05000000000001,36.650000000000034,90.0,1574.0,33.5,32.0,0,0,0,0,0,0,-9.600000000000023,52729.0
L50983,L,29.05000000000001,37.650000000000034,90.0,1488.0,42.1,0.0,0,0,0,0,0,0,-8.600000000000023,62644.8
M18350,M,28.650000000000034,37.450000000000045,90.0,1763.0,28.7,79.0,0,0,0,0,0,0,-8.800000000000011,50598.1
M23373,M,25.450000000000045,36.55000000000001,90.0,1493.0,36.6,182.0,0,0,0,0,0,0,-11.099999999999966,54643.8
L52375,L,30.75,40.25,90.0,1451.0,46.4,113.0,0,0,0,0,0,0,-9.5,67326.4
M24058,M,24.75,35.650000000000034,90.0,1525.0,43.6,204.0,0,0,0,0,0,0,-10.900000000000034,66490.0
M22667,M,26.850000000000023,38.25,90.0,1451.0,49.0,115.0,0,0,0,0,0,0,-11.399999999999977,71099.0
M18469,M,28.75,37.55000000000001,90.0,1394.0,47.5,201.0,0,0,0,0,0,0,-8.800000000000011,66215.0
L50775,L,28.450000000000045,37.25,90.0,1423.0,46.7,141.0,0,0,0,0,0,0,-8.799999999999955,66454.1
L54856,L,27.450000000000045,38.55000000000001,90.0,1555.0,35.6,206.0,0,0,0,0,0,0,-11.099999999999966,55358.0
M23953,M,24.05000000000001,34.950000000000045,90.0,1712.0,30.4,154.0,0,0,0,0,0,0,-10.900000000000034,52044.799999999996
L56246,L,24.05000000000001,35.150000000000034,90.0,1433.0,42.2,124.0,0,0,0,0,0,0,-11.100000000000023,60472.600000000006
M23063,M,26.150000000000034,37.55000000000001,90.0,1501.0,41.1,7.0,0,0,0,0,0,0,-11.399999999999977,61691.1
L48483,L,25.55000000000001,36.75,90.0,1751.0,27.8,146.0,0,0,0,0,0,0,-11.199999999999989,48677.8
L49810,L,26.850000000000023,36.650000000000034,90.0,1546.0,39.6,155.0,0,0,0,0,0,0,-9.800000000000011,61221.600000000006
M16967,M,26.25,35.950000000000045,90.0,1455.0,43.2,7.0,0,0,0,0,0,0,-9.700000000000045,62856.00000000001
M21012,M,27.950000000000045,37.950000000000045,90.0,1510.0,41.0,174.0,0,0,0,0,0,0,-10.0,61910.0
L53419,L,28.05000000000001,37.05000000000001,90.0,1543.0,31.6,0.0,0,0,0,0,0,0,-9.0,48758.8
H38486,H,24.05000000000001,34.950000000000045,90.0,1576.0,35.7,74.0,0,0,0,0,0,0,-10.900000000000034,56263.200000000004
M21324,M,27.450000000000045,36.75,90.0,1642.0,33.0,124.0,0,0,0,0,0,0,-9.299999999999955,54186.0
L51066,L,29.25,38.150000000000034,90.0,1446.0,45.7,0.0,0,0,0,0,0,0,-8.900000000000034,66082.2
L56355,L,24.650000000000034,35.85000000000002,90.0,1469.0,40.4,0.0,0,0,0,0,0,0,-11.199999999999989,59347.6
L49621,L,25.950000000000045,35.25,90.0,1589.0,31.9,72.0,0,0,0,0,0,0,-9.299999999999955,50689.1
L49354,L,26.55000000000001,35.85000000000002,90.0,1680.0,32.9,20.0,0,0,0,0,0,0,-9.300000000000011,55272.0
L47525,L,24.350000000000023,35.150000000000034,90.0,1617.0,32.7,32.0,0,0,0,0,0,0,-10.800000000000011,52875.9
L56317,L,24.350000000000023,35.450000000000045,90.0,1452.0,48.3,107.0,0,0,0,0,0,0,-11.100000000000023,70131.59999999999
L48492,L,25.75,36.950000000000045,90.0,1446.0,45.8,166.0,0,0,0,0,0,0,-11.200000000000045,66226.8
L55549,L,25.75,36.650000000000034,90.0,1611.0,32.7,0.0,0,0,0,0,0,0,-10.900000000000034,52679.700000000004
L48499,L,25.850000000000023,37.150000000000034,90.0,1481.0,36.8,137.0,0,0,0,0,0,0,-11.300000000000011,54500.799999999996
M22925,M,27.350000000000023,38.75,90.0,1550.0,26.3,100.0,0,0,0,0,0,0,-11.399999999999977,40765.0
L49061,L,24.850000000000023,34.450000000000045,90.0,1548.0,45.8,204.0,0,0,0,0,0,0,-9.600000000000023,70898.4
L49250,L,26.55000000000001,36.35000000000002,90.0,1352.0,49.7,184.0,1,0,0,0,1,0,-9.800000000000011,67194.40000000001
L56948,L,25.450000000000045,36.450000000000045,90.0,1611.0,35.4,23.0,0,0,0,0,0,0,-11.0,57029.399999999994
L56256,L,24.05000000000001,34.950000000000045,90.0,1474.0,37.6,171.0,0,0,0,0,0,0,-10.900000000000034,55422.4
L50408,L,27.350000000000023,36.150000000000034,90.0,1542.0,36.6,114.0,0,0,0,0,0,0,-8.800000000000011,56437.200000000004
L50364,L,27.05000000000001,36.25,90.0,1397.0,56.3,201.0,0,0,0,0,0,0,-9.199999999999989,78651.09999999999
L57161,L,25.55000000000001,35.35000000000002,90.0,1447.0,47.0,190.0,0,0,0,0,0,0,-9.800000000000011,68009.0
H31072,H,24.950000000000045,34.85000000000002,90.0,1472.0,48.0,159.0,0,0,0,0,0,0,-9.899999999999977,70656.0
L55100,L,27.55000000000001,38.85000000000002,90.0,1438.0,49.3,64.0,0,0,0,0,0,0,-11.300000000000011,70893.4
L54261,L,27.55000000000001,37.25,90.0,1427.0,45.5,15.0,0,0,0,0,0,0,-9.699999999999989,64928.5
H33013,H,28.450000000000045,37.650000000000034,90.0,1389.0,50.5,176.0,0,0,0,0,0,0,-9.199999999999989,70144.5
L56598,L,24.950000000000045,35.25,90.0,1432.0,49.2,11.0,0,0,0,0,0,0,-10.299999999999955,70454.40000000001
L56250,L,23.950000000000045,35.05000000000001,90.0,1427.0,45.1,15.0,0,0,0,0,0,0,-11.099999999999966,64357.700000000004
M22547,M,27.55000000000001,38.55000000000001,90.0,1456.0,43.5,0.0,0,0,0,0,0,0,-11.0,63336.0
L47778,L,24.75,36.55000000000001,90.0,1563.0,38.6,146.0,0,0,0,0,0,0,-11.800000000000011,60331.8
M22096,M,26.650000000000034,36.85000000000002,90.0,1611.0,37.1,169.0,0,0,0,0,0,0,-10.199999999999989,59768.100000000006
M24550,M,25.650000000000034,36.85000000000002,90.0,1520.0,42.8,48.0,0,0,0,0,0,0,-11.199999999999989,65055.99999999999
L55041,L,27.350000000000023,38.85000000000002,90.0,1433.0,41.8,27.0,0,0,0,0,0,0,-11.5,59899.399999999994
L55774,L,24.25,34.85000000000002,90.0,1549.0,51.9,184.0,0,0,0,0,0,0,-10.600000000000023,80393.09999999999
L55454,L,25.75,37.35000000000002,90.0,1429.0,45.7,195.0,0,0,0,0,0,0,-11.600000000000023,65305.3
L48586,L,25.650000000000034,36.950000000000045,90.0,1356.0,48.0,181.0,0,0,0,0,0,0,-11.300000000000011,65088.0
L49596,L,25.75,35.35000000000002,90.0,1382.0,47.6,170.0,0,0,0,0,0,0,-9.600000000000023,65783.2
L48476,L,25.55000000000001,36.75,90.0,1604.0,33.2,130.0,0,0,0,0,0,0,-11.199999999999989,53252.8
M16585,M,25.150000000000034,34.650000000000034,90.0,1392.0,52.9,96.0,0,0,0,0,0,0,-9.5,73636.8
M22418,M,27.150000000000034,38.25,90.0,1657.0,33.1,119.0,0,0,0,0,0,0,-11.099999999999966,54846.700000000004
M22390,M,27.150000000000034,38.25,90.0,1617.0,39.3,148.0,0,0,0,0,0,0,-11.099999999999966,63548.1
L51259,L,28.850000000000023,37.35000000000002,90.0,1349.0,55.2,110.0,1,0,1,0,0,0,-8.5,74464.8
L54221,L,27.450000000000045,37.25,90.0,1522.0,38.3,98.0,0,0,0,0,0,0,-9.799999999999955,58292.6
L51657,L,29.25,37.05000000000001,90.0,1424.0,49.4,14.0,0,0,0,0,0,0,-7.800000000000011,70345.59999999999
L55306,L,27.05000000000001,38.25,90.0,1477.0,35.9,50.0,0,0,0,0,0,0,-11.199999999999989,53024.299999999996
L49694,L,25.75,35.450000000000045,90.0,1430.0,46.6,27.0,0,0,0,0,0,0,-9.700000000000045,66638.0
L56256,L,24.150000000000034,34.950000000000045,90.0,1418.0,46.3,152.0,0,0,0,0,0,0,-10.800000000000011,65653.4
H35177,H,28.650000000000034,38.05000000000001,90.0,1453.0,39.5,77.0,0,0,0,0,0,0,-9.399999999999977,57393.5
M17815,M,27.55000000000001,36.450000000000045,90.0,1393.0,45.7,33.0,0,0,0,0,0,0,-8.900000000000034,63660.100000000006
M18756,M,28.950000000000045,38.35000000000002,90.0,1543.0,37.5,33.0,0,0,0,0,0,0,-9.399999999999977,57862.5
L51236,L,28.75,37.85000000000002,90.0,1567.0,36.9,130.0,0,0,0,0,0,0,-9.100000000000023,57822.299999999996
H30945,H,24.950000000000045,35.85000000000002,90.0,1752.0,27.7,0.0,0,0,0,0,0,0,-10.899999999999977,48530.4
L51251,L,28.75,37.55000000000001,90.0,1744.0,26.8,85.0,0,0,0,0,0,0,-8.800000000000011,46739.200000000004
L55282,L,27.150000000000034,38.650000000000034,90.0,1413.0,46.0,0.0,0,0,0,0,0,0,-11.5,64998.0
L47810,L,25.150000000000034,36.950000000000045,90.0,1460.0,47.6,5.0,0,0,0,0,0,0,-11.800000000000011,69496.0
M18926,M,28.75,37.55000000000001,90.0,1472.0,46.5,124.0,0,0,0,0,0,0,-8.800000000000011,68448.0
L49308,L,26.25,35.85000000000002,90.0,1551.0,36.3,128.0,0,0,0,0,0,0,-9.600000000000023,56301.299999999996
L56253,L,24.05000000000001,34.950000000000045,90.0,1568.0,31.2,145.0,0,0,0,0,0,0,-10.900000000000034,48921.6
L54843,L,27.350000000000023,38.450000000000045,90.0,1400.0,54.8,173.0,0,0,0,0,0,0,-11.100000000000023,76720.0
M23238,M,25.650000000000034,36.75,90.0,1466.0,44.0,61.0,0,0,0,0,0,0,-11.099999999999966,64504.0
L52573,L,29.650000000000034,39.150000000000034,90.0,1473.0,39.1,232.0,0,0,0,0,0,0,-9.5,57594.3
M18674,M,28.950000000000045,37.450000000000045,90.0,1479.0,38.1,97.0,0,0,0,0,0,0,-8.5,56349.9
L54686,L,27.350000000000023,38.75,90.0,1454.0,41.8,79.0,0,0,0,0,0,0,-11.399999999999977,60777.2
L47454,L,24.950000000000045,34.85000000000002,90.0,1308.0,54.5,63.0,0,0,0,0,0,0,-9.899999999999977,71286.0
L56275,L,24.150000000000034,34.950000000000045,90.0,1497.0,45.7,98.0,0,0,0,0,0,0,-10.800000000000011,68412.90000000001
M16151,M,25.450000000000045,36.55000000000001,90.0,1675.0,28.4,179.0,0,0,0,0,0,0,-11.099999999999966,47570.0
L57168,L,25.650000000000034,35.35000000000002,90.0,1674.0,30.8,195.0,0,0,0,0,0,0,-9.699999999999989,51559.200000000004
L47654,L,24.25,35.85000000000002,90.0,1612.0,35.0,150.0,0,0,0,0,0,0,-11.600000000000023,56420.0
M21014,M,27.850000000000023,37.75,90.0,1529.0,41.9,186.0,0,0,0,0,0,0,-9.899999999999977,64065.1
L56798,L,25.850000000000023,36.950000000000045,90.0,1623.0,33.4,5.0,0,0,0,0,0,0,-11.100000000000023,54208.2
H38233,H,24.150000000000034,35.55000000000001,90.0,1349.0,46.6,140.0,0,0,0,0,0,0,-11.399999999999977,62863.4
L51073,L,29.150000000000034,38.25,90.0,1549.0,36.5,62.0,0,0,0,0,0,0,-9.099999999999966,56538.5
L49573,L,26.05000000000001,35.35000000000002,90.0,1441.0,41.6,146.0,0,0,0,0,0,0,-9.300000000000011,59945.6
M15666,M,23.850000000000023,34.75,90.0,1576.0,34.9,115.0,0,0,0,0,0,0,-10.899999999999977,55002.399999999994
L48983,L,24.950000000000045,34.55000000000001,90.0,1368.0,48.2,109.0,0,0,0,0,0,0,-9.599999999999966,65937.6
L54235,L,27.650000000000034,37.25,90.0,1464.0,41.2,145.0,0,0,0,0,0,0,-9.599999999999966,60316.8
L51768,L,29.650000000000034,37.85000000000002,90.0,1564.0,37.6,85.0,0,0,0,0,0,0,-8.199999999999989,58806.4
L56091,L,23.950000000000045,35.25,90.0,1515.0,40.5,171.0,0,0,0,0,0,0,-11.299999999999955,61357.5
L50185,L,27.450000000000045,36.25,90.0,1435.0,44.1,175.0,0,0,0,0,0,0,-8.799999999999955,63283.5
L50071,L,27.450000000000045,36.450000000000045,90.0,1694.0,30.1,78.0,0,0,0,0,0,0,-9.0,50989.4
L53440,L,27.850000000000023,37.75,90.0,1477.0,46.3,181.0,0,0,0,0,0,0,-9.899999999999977,68385.09999999999
M20468,M,29.950000000000045,39.150000000000034,90.0,1623.0,30.3,101.0,0,0,0,0,0,0,-9.199999999999989,49176.9
L53142,L,27.150000000000034,37.55000000000001,90.0,1498.0,40.6,123.0,0,0,0,0,0,0,-10.399999999999977,60818.8
L52898,L,29.25,38.85000000000002,90.0,1621.0,32.5,15.0,0,0,0,0,0,0,-9.600000000000023,52682.5
L51486,L,28.450000000000045,36.85000000000002,90.0,1397.0,42.5,18.0,0,0,0,0,0,0,-8.399999999999977,59372.5
M20195,M,30.150000000000034,39.55000000000001,90.0,1685.0,29.9,190.0,0,0,0,0,0,0,-9.399999999999977,50381.5
L54473,L,26.950000000000045,37.35000000000002,90.0,1491.0,29.2,95.0,0,0,0,0,0,0,-10.399999999999977,43537.2
L53138,L,27.450000000000045,37.450000000000045,90.0,1525.0,37.0,93.0,0,0,0,0,0,0,-10.0,56425.0
M21304,M,27.650000000000034,37.150000000000034,90.0,1397.0,51.2,54.0,0,0,0,0,0,0,-9.5,71526.40000000001
L53761,L,28.150000000000034,37.35000000000002,90.0,1559.0,37.2,196.0,0,0,0,0,0,0,-9.199999999999989,57994.8
L56364,L,24.75,35.950000000000045,90.0,1665.0,31.6,22.0,0,0,0,0,0,0,-11.200000000000045,52614.0
L53973,L,28.150000000000034,37.55000000000001,90.0,1391.0,44.4,86.0,0,0,0,0,0,0,-9.399999999999977,61760.4
L50201,L,27.350000000000023,36.450000000000045,90.0,1365.0,50.4,211.0,0,0,0,0,0,0,-9.100000000000023,68796.0
L53610,L,27.150000000000034,36.650000000000034,90.0,1383.0,45.8,24.0,0,0,0,0,0,0,-9.5,63341.399999999994
M19695,M,30.25,38.75,90.0,1406.0,55.1,36.0,0,0,0,0,0,0,-8.5,77470.6
L49739,L,26.150000000000034,35.85000000000002,90.0,1486.0,50.4,140.0,0,0,0,0,0,0,-9.699999999999989,74894.4
L49087,L,24.75,34.450000000000045,90.0,1623.0,33.7,198.0,0,0,0,0,0,0,-9.700000000000045,54695.100000000006
L55671,L,25.25,36.35000000000002,90.0,1356.0,57.7,126.0,0,0,0,0,0,0,-11.100000000000023,78241.2
L53414,L,27.850000000000023,37.450000000000045,90.0,1709.0,30.9,176.0,0,0,0,0,0,0,-9.600000000000023,52808.1
L52545,L,29.950000000000045,39.450000000000045,90.0,1580.0,36.4,192.0,0,0,0,0,0,0,-9.5,57512.0
M23117,M,25.850000000000023,37.450000000000045,90.0,1587.0,30.4,70.0,0,0,0,0,0,0,-11.600000000000023,48244.799999999996
L51135,L,29.150000000000034,38.35000000000002,90.0,1419.0,49.6,30.0,0,0,0,0,0,0,-9.199999999999989,70382.40000000001
L49630,L,25.75,35.55000000000001,90.0,1486.0,45.4,91.0,0,0,0,0,0,0,-9.800000000000011,67464.4
L53273,L,27.850000000000023,37.650000000000034,90.0,1738.0,25.7,18.0,0,0,0,0,0,0,-9.800000000000011,44666.6
L52242,L,30.850000000000023,39.75,90.0,1313.0,53.9,137.0,0,0,0,0,0,0,-8.899999999999977,70770.7
M20809,M,27.55000000000001,37.650000000000034,90.0,1432.0,44.2,33.0,0,0,0,0,0,0,-10.100000000000023,63294.4
L55296,L,27.150000000000034,38.55000000000001,90.0,1367.0,44.6,12.0,0,0,0,0,0,0,-11.399999999999977,60968.200000000004
L54820,L,27.25,38.150000000000034,90.0,1615.0,35.1,114.0,0,0,0,0,0,0,-10.900000000000034,56686.5
L47618,L,24.25,35.35000000000002,90.0,1376.0,47.2,49.0,0,0,0,0,0,0,-11.100000000000023,64947.200000000004
L53864,L,28.450000000000045,37.75,90.0,1538.0,40.4,9.0,0,0,0,0,0,0,-9.299999999999955,62135.2
M23504,M,24.450000000000045,35.35000000000002,90.0,1443.0,35.4,85.0,0,0,0,0,0,0,-10.899999999999977,51082.2
L50956,L,29.350000000000023,37.950000000000045,90.0,1559.0,34.2,208.0,0,0,0,0,0,0,-8.600000000000023,53317.8
L55753,L,24.450000000000045,35.35000000000002,90.0,1626.0,32.4,130.0,0,0,0,0,0,0,-10.899999999999977,52682.399999999994
L47470,L,24.950000000000045,35.25,90.0,1448.0,45.6,105.0,0,0,0,0,0,0,-10.299999999999955,66028.8
M19557,M,30.350000000000023,38.450000000000045,90.0,1543.0,38.0,184.0,0,0,0,0,0,0,-8.100000000000023,58634.0
L54607,L,26.850000000000023,38.150000000000034,90.0,1555.0,38.3,146.0,0,0,0,0,0,0,-11.300000000000011,59556.49999999999
L52782,L,29.25,38.950000000000045,90.0,1334.0,54.7,88.0,0,0,0,0,0,0,-9.700000000000045,72969.8
L53132,L,27.55000000000001,37.650000000000034,90.0,1498.0,40.7,158.0,0,0,0,0,0,0,-10.100000000000023,60968.600000000006
M17646,M,27.05000000000001,36.450000000000045,90.0,1447.0,39.8,135.0,0,0,0,0,0,0,-9.400000000000034,57590.6
L53981,L,27.950000000000045,37.55000000000001,90.0,1429.0,48.2,129.0,0,0,0,0,0,0,-9.599999999999966,68877.8
L56887,L,25.850000000000023,36.950000000000045,90.0,1556.0,38.5,87.0,0,0,0,0,0,0,-11.100000000000023,59906.0
L53887,L,28.150000000000034,37.450000000000045,90.0,1556.0,39.2,72.0,0,0,0,0,0,0,-9.300000000000011,60995.200000000004
L56327,L,24.55000000000001,35.450000000000045,90.0,1788.0,23.4,168.0,0,0,0,0,0,0,-10.900000000000034,41839.2
M16030,M,23.950000000000045,34.950000000000045,90.0,1378.0,53.3,119.0,0,0,0,0,0,0,-11.0,73447.4
H29743,H,24.55000000000001,35.25,90.0,1720.0,29.9,120.0,0,0,0,0,0,0,-10.699999999999989,51428.0
M17958,M,26.950000000000045,36.150000000000034,90.0,1452.0,42.4,187.0,0,0,0,0,0,0,-9.199999999999989,61564.799999999996
L51281,L,28.75,37.25,90.0,1460.0,43.4,163.0,0,0,0,0,0,0,-8.5,63364.0
L49027,L,24.650000000000034,34.85000000000002,90.0,1561.0,38.2,24.0,0,0,0,0,0,0,-10.199999999999989,59630.200000000004
L53752,L,28.450000000000045,37.55000000000001,90.0,1428.0,53.7,181.0,0,0,0,0,0,0,-9.099999999999966,76683.6
L55842,L,24.350000000000023,35.450000000000045,90.0,1514.0,35.0,134.0,0,0,0,0,0,0,-11.100000000000023,52990.0
L54728,L,27.05000000000001,38.25,90.0,1523.0,36.5,108.0,0,0,0,0,0,0,-11.199999999999989,55589.5
L49368,L,26.450000000000045,36.150000000000034,90.0,1448.0,51.4,60.0,0,0,0,0,0,0,-9.699999999999989,74427.2
L55363,L,26.650000000000034,37.650000000000034,90.0,1618.0,29.8,104.0,0,0,0,0,0,0,-11.0,48216.4
L49864,L,26.650000000000034,36.25,90.0,1641.0,27.5,25.0,0,0,0,0,0,0,-9.599999999999966,45127.5
L54332,L,27.05000000000001,36.85000000000002,90.0,1393.0,49.9,170.0,0,0,0,0,0,0,-9.800000000000011,69510.7
L54286,L,27.650000000000034,37.35000000000002,90.0,1419.0,39.0,47.0,0,0,0,0,0,0,-9.699999999999989,55341.0
L54049,L,27.850000000000023,38.05000000000001,90.0,1790.0,42.1,133.0,0,0,0,0,0,0,-10.199999999999989,75359.0
L47748,L,24.650000000000034,36.55000000000001,90.0,1608.0,33.1,171.0,0,0,0,0,0,0,-11.899999999999977,53224.8
L49474,L,26.25,35.650000000000034,90.0,1627.0,32.6,156.0,0,0,0,0,0,0,-9.400000000000034,53040.200000000004
M18599,M,29.25,38.35000000000002,90.0,1457.0,46.7,58.0,0,0,0,0,0,0,-9.100000000000023,68041.90000000001
M16658,M,24.850000000000023,34.35000000000002,90.0,1435.0,52.9,92.0,0,0,0,0,0,0,-9.5,75911.5
M20900,M,27.55000000000001,37.650000000000034,90.0,1438.0,41.2,102.0,0,0,0,0,0,0,-10.100000000000023,59245.600000000006
L56440,L,25.05000000000001,35.85000000000002,90.0,1759.0,24.9,94.0,0,0,0,0,0,0,-10.800000000000011,43799.1
H32049,H,26.55000000000001,36.450000000000045,90.0,1486.0,41.5,137.0,0,0,0,0,0,0,-9.900000000000034,61669.0
L48501,L,25.75,37.150000000000034,90.0,1365.0,52.8,26.0,0,0,0,0,0,0,-11.400000000000034,72072.0
L53351,L,27.55000000000001,37.450000000000045,90.0,1540.0,42.2,225.0,0,0,0,0,0,0,-9.900000000000034,64988.00000000001
M18483,M,28.850000000000023,38.150000000000034,90.0,1512.0,36.9,27.0,0,0,0,0,0,0,-9.300000000000011,55792.799999999996
L50334,L,27.25,36.650000000000034,90.0,1470.0,44.5,131.0,0,0,0,0,0,0,-9.400000000000034,65415.0
M23786,M,24.150000000000034,35.650000000000034,90.0,1685.0,32.4,215.0,0,0,0,0,0,0,-11.5,54594.0
H34772,H,30.150000000000034,39.450000000000045,90.0,1322.0,50.6,132.0,0,0,0,0,0,0,-9.300000000000011,66893.2
L53232,L,27.75,37.650000000000034,90.0,1549.0,40.6,185.0,0,0,0,0,0,0,-9.900000000000034,62889.4
L52912,L,29.05000000000001,38.55000000000001,90.0,1412.0,49.3,204.0,0,0,0,0,0,0,-9.5,69611.59999999999
L55253,L,27.350000000000023,38.85000000000002,90.0,1435.0,41.7,47.0,0,0,0,0,0,0,-11.5,59839.50000000001
L56455,L,25.05000000000001,35.55000000000001,90.0,1401.0,51.3,47.0,0,0,0,0,0,0,-10.5,71871.3
M17500,M,26.75,36.35000000000002,90.0,1372.0,49.7,37.0,0,0,0,0,0,0,-9.600000000000023,68188.40000000001
L49590,L,25.950000000000045,35.35000000000002,90.0,1336.0,32.1,192.0,0,0,0,0,0,0,-9.399999999999977,42885.6
L53704,L,27.950000000000045,37.25,90.0,1519.0,36.4,47.0,0,0,0,0,0,0,-9.299999999999955,55291.6
M17096,M,26.150000000000034,35.35000000000002,90.0,1433.0,43.1,186.0,0,0,0,0,0,0,-9.199999999999989,61762.3
L52840,L,29.05000000000001,38.25,90.0,1477.0,37.6,37.0,0,0,0,0,0,0,-9.199999999999989,55535.200000000004
L49870,L,26.850000000000023,36.35000000000002,90.0,1589.0,35.0,37.0,0,0,0,0,0,0,-9.5,55615.0
M22857,M,27.850000000000023,39.05000000000001,90.0,1389.0,49.3,176.0,0,0,0,0,0,0,-11.199999999999989,68477.7
L53716,L,28.150000000000034,37.35000000000002,90.0,1743.0,27.1,83.0,0,0,0,0,0,0,-9.199999999999989,47235.3
L50551,L,28.25,37.55000000000001,90.0,1412.0,21.8,19.0,0,0,0,0,0,0,-9.300000000000011,30781.600000000002
L55134,L,27.850000000000023,38.75,90.0,1452.0,41.9,33.0,0,0,0,0,0,0,-10.899999999999977,60838.799999999996
M20608,M,29.150000000000034,38.55000000000001,90.0,1472.0,43.3,2.0,0,0,0,0,0,0,-9.399999999999977,63737.6
L48605,L,25.55000000000001,36.55000000000001,90.0,1448.0,46.3,126.0,0,0,0,0,0,0,-11.0,67042.4
L51979,L,30.350000000000023,39.35000000000002,90.0,1394.0,50.5,170.0,0,0,0,0,0,0,-9.0,70397.0
M22546,M,27.55000000000001,38.55000000000001,90.0,1505.0,39.9,229.0,0,0,0,0,0,0,-11.0,60049.5
L56786,L,25.75,36.950000000000045,90.0,1453.0,47.3,121.0,0,0,0,0,0,0,-11.200000000000045,68726.9
L55435,L,25.850000000000023,37.25,90.0,1520.0,39.0,134.0,0,0,0,0,0,0,-11.399999999999977,59280.0
L53368,L,27.75,37.75,90.0,1576.0,40.9,35.0,0,0,0,0,0,0,-10.0,64458.399999999994
M15455,M,24.450000000000045,35.85000000000002,90.0,1559.0,37.6,25.0,0,0,0,0,0,0,-11.399999999999977,58618.4
L47543,L,24.450000000000045,35.150000000000034,90.0,1438.0,38.8,41.0,0,0,0,0,0,0,-10.699999999999989,55794.399999999994
M19160,M,28.650000000000034,36.950000000000045,90.0,1431.0,44.1,171.0,0,0,0,0,0,0,-8.300000000000011,63107.1
H35402,H,27.650000000000034,37.75,90.0,1517.0,40.4,139.0,0,0,0,0,0,0,-10.099999999999966,61286.799999999996
M17483,M,26.650000000000034,36.35000000000002,90.0,1453.0,48.8,115.0,0,0,0,0,0,0,-9.699999999999989,70906.4
L54676,L,27.05000000000001,38.75,90.0,1416.0,47.0,179.0,0,0,0,0,0,0,-11.699999999999989,66552.0
M21193,M,27.25,36.650000000000034,90.0,1617.0,31.8,92.0,0,0,0,0,0,0,-9.400000000000034,51420.6
M19072,M,28.850000000000023,37.450000000000045,90.0,1543.0,37.0,10.0,0,0,0,0,0,0,-8.600000000000023,57091.0
L48637,L,25.850000000000023,37.150000000000034,90.0,1475.0,42.4,90.0,0,0,0,0,0,0,-11.300000000000011,62540.0
L47803,L,25.25,36.950000000000045,90.0,1474.0,44.5,73.0,0,0,0,0,0,0,-11.700000000000045,65593.0
L49814,L,26.650000000000034,36.55000000000001,90.0,1554.0,32.0,117.0,0,0,0,0,0,0,-9.899999999999977,49728.0
L55791,L,24.25,35.150000000000034,90.0,1472.0,45.5,2.0,1,1,0,0,0,0,-10.900000000000034,66976.0
L47493,L,24.850000000000023,35.450000000000045,90.0,1413.0,40.2,170.0,0,0,0,0,0,0,-10.600000000000023,56802.600000000006
L57048,L,25.350000000000023,36.75,90.0,1597.0,36.7,96.0,0,0,0,0,0,0,-11.399999999999977,58609.9
L50619,L,28.350000000000023,37.35000000000002,90.0,1713.0,30.5,195.0,0,0,0,0,0,0,-9.0,52246.5
L55508,L,25.450000000000045,36.35000000000002,90.0,1463.0,40.9,127.0,0,0,0,0,0,0,-10.899999999999977,59836.7
L49027,L,24.850000000000023,34.25,90.0,1459.0,50.7,58.0,0,0,0,0,0,0,-9.399999999999977,73971.3
L56162,L,23.850000000000023,34.55000000000001,90.0,1585.0,38.8,126.0,0,0,0,0,0,0,-10.699999999999989,61497.99999999999
L50165,L,27.55000000000001,36.25,90.0,1460.0,41.9,0.0,0,0,0,0,0,0,-8.699999999999989,61174.0
L52910,L,29.150000000000034,38.85000000000002,90.0,1457.0,50.3,139.0,0,0,0,0,0,0,-9.699999999999989,73287.09999999999
L52669,L,29.450000000000045,38.950000000000045,90.0,1288.0,54.0,206.0,0,0,0,0,0,0,-9.5,69552.0
L54805,L,27.450000000000045,38.450000000000045,90.0,1544.0,35.0,162.0,0,0,0,0,0,0,-11.0,54040.0
L52802,L,29.75,39.05000000000001,90.0,1396.0,51.4,139.0,0,0,0,0,0,0,-9.300000000000011,71754.4
L55206,L,27.650000000000034,38.75,90.0,1616.0,30.7,222.0,0,0,0,0,0,0,-11.099999999999966,49611.2
L57033,L,25.450000000000045,36.150000000000034,90.0,1525.0,37.8,64.0,0,0,0,0,0,0,-10.699999999999989,57644.99999999999
L56319,L,24.350000000000023,35.450000000000045,90.0,1536.0,36.9,119.0,0,0,0,0,0,0,-11.100000000000023,56678.399999999994
L55020,L,26.950000000000045,38.35000000000002,90.0,1493.0,38.0,199.0,0,0,0,0,0,0,-11.399999999999977,56734.0
L56473,L,25.05000000000001,35.85000000000002,90.0,1437.0,44.9,91.0,0,0,0,0,0,0,-10.800000000000011,64521.299999999996
L53243,L,27.650000000000034,37.650000000000034,90.0,1463.0,45.2,26.0,0,0,0,0,0,0,-10.0,66127.6
M17173,M,25.950000000000045,35.450000000000045,90.0,1390.0,48.6,109.0,0,0,0,0,0,0,-9.5,67554.0
L51071,L,29.350000000000023,38.05000000000001,90.0,1418.0,44.3,61.0,0,0,0,0,0,0,-8.699999999999989,62817.399999999994
H36996,H,27.55000000000001,37.450000000000045,90.0,1608.0,33.1,84.0,0,0,0,0,0,0,-9.900000000000034,53224.8
H34081,H,29.850000000000023,38.150000000000034,90.0,1651.0,29.7,59.0,0,0,0,0,0,0,-8.300000000000011,49034.7
L49590,L,25.950000000000045,35.35000000000002,90.0,1689.0,32.1,94.0,0,0,0,0,0,0,-9.399999999999977,54216.9
M24722,M,25.650000000000034,36.650000000000034,90.0,1584.0,29.6,81.0,0,0,0,0,0,0,-11.0,46886.4
M24675,M,24.850000000000023,35.950000000000045,90.0,1576.0,38.8,146.0,0,0,0,0,0,0,-11.100000000000023,61148.799999999996
L53182,L,27.55000000000001,37.150000000000034,90.0,1431.0,43.9,8.0,0,0,0,0,0,0,-9.600000000000023,62820.9
L49480,L,26.150000000000034,35.450000000000045,90.0,1402.0,47.7,140.0,0,0,0,0,0,0,-9.300000000000011,66875.40000000001
L48803,L,23.350000000000023,34.150000000000034,90.0,1444.0,39.9,137.0,0,0,0,0,0,0,-10.800000000000011,57615.6
L50676,L,28.75,37.75,90.0,1445.0,40.6,17.0,0,0,0,0,0,0,-9.0,58667.0
L53257,L,27.75,37.650000000000034,90.0,1479.0,43.3,201.0,0,0,0,0,0,0,-9.900000000000034,64040.7
L52850,L,29.05000000000001,38.35000000000002,90.0,1424.0,45.2,137.0,0,0,0,0,0,0,-9.300000000000011,64364.8
M23654,M,24.25,35.35000000000002,90.0,1497.0,39.2,56.0,0,0,0,0,0,0,-11.100000000000023,58682.4
L47217,L,25.850000000000023,36.150000000000034,90.0,1523.0,39.1,104.0,0,0,0,0,0,0,-10.300000000000011,59549.3
L52591,L,29.850000000000023,39.450000000000045,90.0,1418.0,47.3,196.0,0,0,0,0,0,0,-9.600000000000023,67071.4
L48888,L,25.05000000000001,34.650000000000034,90.0,1627.0,33.2,64.0,0,0,0,0,0,0,-9.600000000000023,54016.4
L52555,L,29.75,39.05000000000001,90.0,1701.0,27.9,185.0,0,0,0,0,0,0,-9.300000000000011,47457.899999999994
H38865,H,24.850000000000023,35.55000000000001,90.0,1558.0,32.2,204.0,0,0,0,0,0,0,-10.699999999999989,50167.600000000006
M22956,M,27.05000000000001,38.450000000000045,90.0,1459.0,44.7,169.0,0,0,0,0,0,0,-11.400000000000034,65217.3
L57060,L,25.650000000000034,36.650000000000034,90.0,1753.0,27.5,146.0,0,0,0,0,0,0,-11.0,48207.5
L53255,L,27.850000000000023,37.75,90.0,1339.0,58.5,197.0,1,0,0,0,1,0,-9.899999999999977,78331.5
L53728,L,28.25,37.55000000000001,90.0,1394.0,47.2,111.0,0,0,0,0,0,0,-9.300000000000011,65796.8
L48973,L,24.950000000000045,34.650000000000034,90.0,1430.0,47.3,9.0,0,0,0,0,0,0,-9.699999999999989,67639.0
L55480,L,25.55000000000001,36.950000000000045,90.0,1498.0,39.0,44.0,0,0,0,0,0,0,-11.400000000000034,58422.0
M19407,M,29.350000000000023,37.25,90.0,1466.0,53.4,196.0,0,0,0,0,0,0,-7.899999999999977,78284.4
L54533,L,26.650000000000034,37.150000000000034,90.0,1392.0,42.9,119.0,0,0,0,0,0,0,-10.5,59716.799999999996
M23473,M,25.150000000000034,36.25,90.0,1431.0,44.2,4.0,0,0,0,0,0,0,-11.099999999999966,63250.200000000004
M19845,M,30.650000000000034,39.85000000000002,90.0,1490.0,43.9,213.0,0,0,0,0,0,0,-9.199999999999989,65411.0
L47982,L,23.75,34.650000000000034,90.0,1470.0,40.3,102.0,0,0,0,0,0,0,-10.900000000000034,59240.99999999999
L53491,L,27.75,37.150000000000034,90.0,1417.0,49.7,13.0,0,0,0,0,0,0,-9.400000000000034,70424.90000000001
L54333,L,27.05000000000001,36.85000000000002,90.0,1778.0,24.0,172.0,0,0,0,0,0,0,-9.800000000000011,42672.0
M23689,M,24.05000000000001,35.25,90.0,1812.0,26.1,150.0,0,0,0,0,0,0,-11.199999999999989,47293.200000000004
L52010,L,30.350000000000023,38.85000000000002,90.0,1403.0,59.1,170.0,0,0,0,0,0,0,-8.5,82917.3
M16444,M,24.950000000000045,35.25,90.0,1557.0,37.3,191.0,0,0,0,0,0,0,-10.299999999999955,58076.1
L51761,L,29.850000000000023,38.05000000000001,90.0,1346.0,48.0,69.0,1,0,1,0,0,0,-8.199999999999989,64608.0
L50373,L,26.950000000000045,36.25,90.0,1623.0,33.1,0.0,0,0,0,0,0,0,-9.299999999999955,53721.3
L56736,L,26.450000000000045,37.75,90.0,1453.0,42.5,179.0,0,0,0,0,0,0,-11.299999999999955,61752.5
L56111,L,24.25,35.25,90.0,1636.0,31.7,2.0,0,0,0,0,0,0,-11.0,51861.2
L50147,L,27.450000000000045,36.25,90.0,1447.0,51.6,71.0,0,0,0,0,0,0,-8.799999999999955,74665.2
M21641,M,28.150000000000034,37.55000000000001,90.0,1556.0,36.6,54.0,0,0,0,0,0,0,-9.399999999999977,56949.600000000006
L53794,L,28.25,37.55000000000001,90.0,1660.0,26.1,66.0,0,0,0,0,0,0,-9.300000000000011,43326.0
M23272,M,25.450000000000045,36.450000000000045,90.0,1582.0,37.7,136.0,0,0,0,0,0,0,-11.0,59641.4
L51220,L,28.850000000000023,37.75,90.0,1467.0,39.3,11.0,0,0,0,0,0,0,-8.899999999999977,57653.1
M24369,M,26.05000000000001,37.25,90.0,1495.0,43.5,0.0,0,0,0,0,0,0,-11.199999999999989,65032.5
M20343,M,29.450000000000045,38.85000000000002,90.0,1501.0,40.2,200.0,0,0,0,0,0,0,-9.399999999999977,60340.200000000004
M21799,M,27.55000000000001,38.150000000000034,90.0,1433.0,53.0,35.0,0,0,0,0,0,0,-10.600000000000023,75949.0
L50374,L,26.850000000000023,36.05000000000001,90.0,1387.0,57.2,5.0,0,0,0,0,0,0,-9.199999999999989,79336.40000000001
L56084,L,24.25,35.55000000000001,90.0,1448.0,44.3,154.0,0,0,0,0,0,0,-11.300000000000011,64146.399999999994
L53857,L,28.25,37.55000000000001,90.0,1398.0,46.7,218.0,0,0,0,0,0,0,-9.300000000000011,65286.600000000006
L53297,L,27.650000000000034,37.950000000000045,90.0,1388.0,48.6,86.0,0,0,0,0,0,0,-10.300000000000011,67456.8
L55228,L,27.450000000000045,38.75,90.0,1399.0,53.0,172.0,0,0,0,0,0,0,-11.299999999999955,74147.0
M15541,M,24.55000000000001,36.05000000000001,90.0,1578.0,32.7,181.0,0,0,0,0,0,0,-11.5,51600.600000000006
L48510,L,25.850000000000023,37.150000000000034,90.0,1442.0,47.9,204.0,0,0,0,0,0,0,-11.300000000000011,69071.8
L55708,L,25.25,36.150000000000034,90.0,1547.0,40.8,14.0,0,0,0,0,0,0,-10.900000000000034,63117.6
L50454,L,28.150000000000034,36.85000000000002,90.0,1386.0,45.0,0.0,0,0,0,0,0,0,-8.699999999999989,62370.0
L47259,L,25.75,35.75,90.0,1577.0,34.8,33.0,0,0,0,0,0,0,-10.0,54879.6
L53106,L,27.55000000000001,37.150000000000034,90.0,1748.0,26.3,81.0,0,0,0,0,0,0,-9.600000000000023,45972.4
L50263,L,26.950000000000045,36.150000000000034,90.0,1441.0,43.0,141.0,0,0,0,0,0,0,-9.199999999999989,61963.0
L56073,L,24.350000000000023,35.55000000000001,90.0,1456.0,43.5,121.0,0,0,0,0,0,0,-11.199999999999989,63336.0
L53818,L,28.25,37.35000000000002,90.0,1447.0,43.1,129.0,0,0,0,0,0,0,-9.100000000000023,62365.700000000004
H38988,H,25.950000000000045,37.150000000000034,90.0,1767.0,23.6,197.0,0,0,0,0,0,0,-11.199999999999989,41701.200000000004
L54733,L,27.150000000000034,38.150000000000034,90.0,1610.0,32.8,107.0,0,0,0,0,0,0,-11.0,52807.99999999999
M23699,M,24.25,35.35000000000002,90.0,1469.0,49.6,74.0,0,0,0,0,0,0,-11.100000000000023,72862.40000000001
M16151,M,25.55000000000001,36.55000000000001,90.0,1759.0,24.7,76.0,0,0,0,0,0,0,-11.0,43447.299999999996
M18989,M,28.850000000000023,37.150000000000034,90.0,1525.0,38.8,119.0,0,0,0,0,0,0,-8.300000000000011,59169.99999999999
L47261,L,25.650000000000034,35.75,90.0,1378.0,47.5,9.0,0,0,0,0,0,0,-10.099999999999966,65455.0
L50791,L,28.75,37.950000000000045,90.0,1448.0,48.6,69.0,0,0,0,0,0,0,-9.200000000000045,70372.8
L51568,L,28.850000000000023,36.650000000000034,90.0,1477.0,46.7,24.0,0,0,0,0,0,0,-7.800000000000011,68975.90000000001
L53962,L,28.150000000000034,37.650000000000034,90.0,1430.0,43.4,57.0,0,0,0,0,0,0,-9.5,62062.0
M18992,M,28.75,37.75,90.0,1486.0,40.3,6.0,0,0,0,0,0,0,-9.0,59885.799999999996
L49061,L,24.850000000000023,34.450000000000045,90.0,1506.0,37.8,111.0,0,0,0,0,0,0,-9.600000000000023,56926.799999999996
L47585,L,24.55000000000001,35.35000000000002,90.0,1573.0,32.3,142.0,0,0,0,0,0,0,-10.800000000000011,50807.899999999994
L50927,L,29.450000000000045,38.150000000000034,90.0,1499.0,38.8,135.0,0,0,0,0,0,0,-8.699999999999989,58161.2
L53920,L,28.75,38.05000000000001,90.0,1417.0,55.9,156.0,0,0,0,0,0,0,-9.300000000000011,79210.3
H36996,H,27.25,38.05000000000001,90.0,1512.0,45.3,184.0,0,0,0,0,0,0,-10.800000000000011,68493.59999999999
L56455,L,25.05000000000001,35.55000000000001,90.0,1651.0,28.2,45.0,0,0,0,0,0,0,-10.5,46558.2
H34827,H,29.950000000000045,39.450000000000045,90.0,1422.0,52.8,66.0,0,0,0,0,0,0,-9.5,75081.59999999999
M18986,M,28.850000000000023,37.35000000000002,90.0,1430.0,40.7,9.0,0,0,0,0,0,0,-8.5,58201.00000000001
M20219,M,30.350000000000023,39.55000000000001,90.0,1553.0,36.1,105.0,0,0,0,0,0,0,-9.199999999999989,56063.3
L55774,L,24.25,35.05000000000001,90.0,1627.0,28.3,184.0,0,0,0,0,0,0,-10.800000000000011,46044.1
M20760,M,27.75,37.55000000000001,90.0,1528.0,41.0,181.0,0,0,0,0,0,0,-9.800000000000011,62648.0
L53978,L,28.05000000000001,37.55000000000001,90.0,1620.0,35.8,76.0,0,0,0,0,0,0,-9.5,57995.99999999999
H37474,H,27.150000000000034,38.450000000000045,90.0,1471.0,46.4,156.0,0,0,0,0,0,0,-11.300000000000011,68254.4
L53389,L,27.650000000000034,37.650000000000034,90.0,1553.0,32.4,87.0,0,0,0,0,0,0,-10.0,50317.2
L53557,L,26.950000000000045,36.450000000000045,90.0,1691.0,27.7,96.0,0,0,0,0,0,0,-9.5,46840.7
L55886,L,24.05000000000001,35.450000000000045,90.0,1471.0,48.0,155.0,0,0,0,0,0,0,-11.400000000000034,70608.0
L54098,L,27.850000000000023,38.35000000000002,90.0,1335.0,56.9,195.0,0,0,0,0,0,0,-10.5,75961.5
M17577,M,26.450000000000045,35.950000000000045,90.0,1539.0,36.2,119.0,0,0,0,0,0,0,-9.5,55711.8
L49787,L,26.25,36.05000000000001,90.0,1523.0,38.8,44.0,0,0,0,0,0,0,-9.800000000000011,59092.399999999994
M15849,M,24.75,33.85000000000002,90.0,1532.0,42.0,159.0,0,0,0,0,0,0,-9.100000000000023,64344.0
L47940,L,23.55000000000001,34.650000000000034,90.0,1505.0,41.4,236.0,0,0,0,0,0,0,-11.100000000000023,62307.0
L50527,L,28.350000000000023,37.55000000000001,90.0,1780.0,25.8,162.0,0,0,0,0,0,0,-9.199999999999989,45924.0
L49586,L,25.950000000000045,35.35000000000002,90.0,1437.0,40.0,183.0,0,0,0,0,0,0,-9.399999999999977,57480.0
M17833,M,27.450000000000045,36.25,90.0,1510.0,33.7,87.0,0,0,0,0,0,0,-8.799999999999955,50887.00000000001
L49292,L,26.25,35.950000000000045,90.0,1518.0,47.0,77.0,0,0,0,0,0,0,-9.700000000000045,71346.0
M21932,M,27.55000000000001,37.450000000000045,90.0,1695.0,32.5,184.0,0,0,0,0,0,0,-9.900000000000034,55087.5
M14894,M,25.75,35.950000000000045,90.0,1456.0,45.8,95.0,0,0,0,0,0,0,-10.200000000000045,66684.8
L54595,L,26.950000000000045,37.85000000000002,90.0,1489.0,40.6,141.0,0,0,0,0,0,0,-10.899999999999977,60453.4
L51577,L,29.25,37.05000000000001,90.0,1417.0,43.9,29.0,0,0,0,0,0,0,-7.800000000000011,62206.299999999996
L50755,L,28.55000000000001,37.450000000000045,90.0,1480.0,49.1,92.0,0,0,0,0,0,0,-8.900000000000034,72668.0
L52781,L,29.75,39.150000000000034,90.0,1416.0,47.6,109.0,0,0,0,0,0,0,-9.400000000000034,67401.6
L53944,L,28.25,37.75,90.0,1536.0,42.3,9.0,0,0,0,0,0,0,-9.5,64972.799999999996
M19148,M,28.55000000000001,36.75,90.0,1491.0,30.3,195.0,0,0,0,0,0,0,-8.199999999999989,45177.3
L55281,L,27.25,38.650000000000034,90.0,1530.0,37.8,119.0,0,0,0,0,0,0,-11.400000000000034,57833.99999999999
L55414,L,26.05000000000001,37.450000000000045,90.0,1508.0,40.2,83.0,0,0,0,0,0,0,-11.400000000000034,60621.600000000006
L53014,L,27.950000000000045,37.950000000000045,90.0,1517.0,40.6,143.0,0,0,0,0,0,0,-10.0,61590.200000000004
H33604,H,29.25,37.75,90.0,1444.0,40.7,98.0,0,0,0,0,0,0,-8.5,58770.8
L55683,L,25.350000000000023,36.55000000000001,90.0,1510.0,40.9,157.0,0,0,0,0,0,0,-11.199999999999989,61759.0
M20955,M,27.75,37.55000000000001,90.0,1452.0,47.3,24.0,0,0,0,0,0,0,-9.800000000000011,68679.59999999999
L55791,L,24.25,35.450000000000045,90.0,1472.0,45.5,127.0,0,0,0,0,0,0,-11.200000000000045,66976.0
L56945,L,25.450000000000045,36.450000000000045,90.0,1560.0,38.1,14.0,0,0,0,0,0,0,-11.0,59436.0
L48836,L,24.850000000000023,34.950000000000045,90.0,1451.0,48.7,91.0,0,0,0,0,0,0,-10.100000000000023,70663.7
L55958,L,24.350000000000023,35.450000000000045,90.0,1454.0,45.0,19.0,0,0,0,0,0,0,-11.100000000000023,65430.0
L50442,L,28.150000000000034,36.950000000000045,90.0,1548.0,37.7,158.0,0,0,0,0,0,0,-8.800000000000011,58359.600000000006
M18524,M,29.150000000000034,38.35000000000002,90.0,1512.0,38.8,21.0,0,0,0,0,0,0,-9.199999999999989,58665.6
L52720,L,29.25,38.650000000000034,90.0,1425.0,46.4,119.0,0,0,0,0,0,0,-9.400000000000034,66120.0
L48470,L,25.450000000000045,36.650000000000034,90.0,1542.0,45.8,119.0,0,0,0,0,0,0,-11.199999999999989,70623.59999999999
L53141,L,27.150000000000034,37.55000000000001,90.0,1539.0,35.1,123.0,0,0,0,0,0,0,-10.399999999999977,54018.9
L50085,L,27.650000000000034,36.450000000000045,90.0,1402.0,45.6,113.0,0,0,0,0,0,0,-8.800000000000011,63931.200000000004
M17643,M,27.05000000000001,36.75,90.0,1491.0,42.7,44.0,0,0,0,0,0,0,-9.699999999999989,63665.700000000004
L55509,L,25.55000000000001,36.450000000000045,90.0,1364.0,51.0,129.0,0,0,0,0,0,0,-10.900000000000034,69564.0
L54275,L,27.450000000000045,37.150000000000034,90.0,1452.0,47.3,19.0,0,0,0,0,0,0,-9.699999999999989,68679.59999999999
H31066,H,24.75,34.650000000000034,90.0,1635.0,33.7,142.0,0,0,0,0,0,0,-9.900000000000034,55099.50000000001
L55027,L,27.05000000000001,38.450000000000045,90.0,1533.0,45.3,96.0,0,0,0,0,0,0,-11.400000000000034,69444.9
M17236,M,26.05000000000001,35.150000000000034,90.0,1560.0,31.7,104.0,0,0,0,0,0,0,-9.100000000000023,49452.0
H32366,H,27.55000000000001,36.450000000000045,90.0,1667.0,38.7,59.0,0,0,0,0,0,0,-8.900000000000034,64512.9
L49863,L,26.75,35.950000000000045,90.0,1401.0,49.4,183.0,0,0,0,0,0,0,-9.200000000000045,69209.4
L55016,L,26.950000000000045,38.25,90.0,1604.0,36.0,189.0,0,0,0,0,0,0,-11.299999999999955,57744.0
H38513,H,24.05000000000001,34.75,90.0,1654.0,32.2,156.0,0,0,0,0,0,0,-10.699999999999989,53258.8
M16218,M,24.850000000000023,35.75,90.0,1496.0,45.7,76.0,0,0,0,0,0,0,-10.899999999999977,68367.2
L47255,L,25.650000000000034,36.85000000000002,90.0,1457.0,52.0,170.0,0,0,0,0,0,0,-11.199999999999989,75764.0
L52837,L,29.150000000000034,38.650000000000034,90.0,1794.0,26.1,174.0,0,0,0,0,0,0,-9.5,46823.4
L52591,L,29.650000000000034,39.450000000000045,90.0,1452.0,39.4,22.0,0,0,0,0,0,0,-9.800000000000011,57208.799999999996
M16964,M,26.150000000000034,35.950000000000045,90.0,1600.0,37.7,52.0,0,0,0,0,0,0,-9.800000000000011,60320.00000000001
L54153,L,27.55000000000001,37.85000000000002,90.0,1377.0,49.9,126.0,0,0,0,0,0,0,-10.300000000000011,68712.3
M22212,M,26.55000000000001,37.05000000000001,90.0,1440.0,42.8,0.0,0,0,0,0,0,0,-10.5,61631.99999999999
L54837,L,27.450000000000045,38.55000000000001,90.0,1661.0,30.0,157.0,0,0,0,0,0,0,-11.099999999999966,49830.0
L53621,L,27.650000000000034,37.150000000000034,90.0,1508.0,37.5,181.0,0,0,0,0,0,0,-9.5,56550.0
M22606,M,27.25,38.55000000000001,90.0,1495.0,36.9,204.0,0,0,0,0,0,0,-11.300000000000011,55165.5
L54361,L,27.05000000000001,37.05000000000001,90.0,1499.0,49.1,30.0,0,0,0,0,0,0,-10.0,73600.90000000001
M23035,M,26.75,37.650000000000034,90.0,1489.0,42.4,174.0,0,0,0,0,0,0,-10.900000000000034,63133.6
M23394,M,25.450000000000045,36.35000000000002,90.0,1412.0,43.3,33.0,0,0,0,0,0,0,-10.899999999999977,61139.6
L55300,L,27.05000000000001,38.25,90.0,1497.0,45.3,57.0,0,0,0,0,0,0,-11.199999999999989,67814.09999999999
L56898,L,25.75,36.75,90.0,1517.0,36.6,158.0,0,0,0,0,0,0,-11.0,55522.200000000004
M18132,M,28.150000000000034,36.85000000000002,90.0,1412.0,43.5,210.0,0,0,0,0,0,0,-8.699999999999989,61422.0
M17033,M,26.350000000000023,35.950000000000045,90.0,1622.0,33.6,143.0,0,0,0,0,0,0,-9.600000000000023,54499.200000000004
L48817,L,24.75,34.650000000000034,90.0,1393.0,39.6,173.0,0,0,0,0,0,0,-9.900000000000034,55162.8
M24400,M,26.450000000000045,37.05000000000001,90.0,1818.0,23.8,111.0,0,0,0,0,0,0,-10.599999999999966,43268.4
L54409,L,26.650000000000034,36.650000000000034,90.0,1463.0,44.1,153.0,0,0,0,0,0,0,-10.0,64518.3
M24214,M,25.05000000000001,35.650000000000034,90.0,1607.0,33.2,148.0,0,0,0,0,0,0,-10.600000000000023,53352.4
L48906,L,25.150000000000034,34.650000000000034,90.0,1449.0,42.1,96.0,0,0,0,0,0,0,-9.5,61002.9
L52689,L,29.650000000000034,38.75,90.0,1509.0,36.5,52.0,1,1,0,0,0,0,-9.099999999999966,55078.5
L55961,L,24.450000000000045,35.450000000000045,90.0,1455.0,48.1,143.0,0,0,0,0,0,0,-11.0,69985.5
L52034,L,30.55000000000001,39.05000000000001,90.0,1346.0,53.1,105.0,0,0,0,0,0,0,-8.5,71472.6
L53023,L,28.350000000000023,38.05000000000001,90.0,1700.0,37.1,39.0,0,0,0,0,0,0,-9.699999999999989,63070.0
L56797,L,25.75,36.950000000000045,90.0,1620.0,35.3,102.0,0,0,0,0,0,0,-11.200000000000045,57185.99999999999
L51483,L,28.55000000000001,37.05000000000001,90.0,1544.0,36.1,12.0,0,0,0,0,0,0,-8.5,55738.4
L53287,L,27.75,37.85000000000002,90.0,1438.0,49.0,98.0,0,0,0,0,0,0,-10.100000000000023,70462.0
L56321,L,24.350000000000023,35.35000000000002,90.0,1429.0,42.2,112.0,0,0,0,0,0,0,-11.0,60303.8
L50370,L,26.950000000000045,36.05000000000001,90.0,1465.0,40.6,216.0,0,0,0,0,0,0,-9.099999999999966,59479.0
L50412,L,27.55000000000001,36.150000000000034,90.0,1580.0,39.9,98.0,0,0,0,0,0,0,-8.600000000000023,63042.0
L50558,L,28.350000000000023,37.55000000000001,90.0,1568.0,39.0,172.0,0,0,0,0,0,0,-9.199999999999989,61152.0
L55271,L,27.05000000000001,38.450000000000045,90.0,1547.0,40.8,153.0,0,0,0,0,0,0,-11.400000000000034,63117.6
L55373,L,26.350000000000023,37.650000000000034,90.0,1492.0,40.1,220.0,0,0,0,0,0,0,-11.300000000000011,59829.200000000004
H33580,H,29.05000000000001,37.55000000000001,90.0,1632.0,32.6,31.0,0,0,0,0,0,0,-8.5,53203.200000000004
M22688,M,26.950000000000045,38.25,90.0,1562.0,35.7,170.0,0,0,0,0,0,0,-11.299999999999955,55763.4
L48759,L,25.05000000000001,35.25,90.0,1444.0,47.5,176.0,0,0,0,0,0,0,-10.199999999999989,68590.0
L56591,L,24.850000000000023,35.450000000000045,90.0,1404.0,46.7,201.0,0,0,0,0,0,0,-10.600000000000023,65566.8
L48577,L,25.950000000000045,37.05000000000001,90.0,1397.0,46.6,155.0,0,0,0,0,0,0,-11.099999999999966,65100.200000000004
H35920,H,27.850000000000023,36.950000000000045,90.0,1420.0,53.4,217.0,0,0,0,0,0,0,-9.100000000000023,75828.0
L56773,L,25.75,37.05000000000001,90.0,1352.0,52.8,41.0,0,0,0,0,0,0,-11.300000000000011,71385.59999999999
L55946,L,24.350000000000023,35.55000000000001,90.0,1530.0,40.7,104.0,0,0,0,0,0,0,-11.199999999999989,62271.00000000001
L54640,L,26.850000000000023,38.450000000000045,90.0,1445.0,41.6,81.0,0,0,0,0,0,0,-11.600000000000023,60112.0
L49861,L,26.55000000000001,36.150000000000034,90.0,1445.0,51.0,52.0,0,0,0,0,0,0,-9.600000000000023,73695.0
L50661,L,28.850000000000023,37.650000000000034,90.0,1390.0,51.7,7.0,0,0,0,0,0,0,-8.800000000000011,71863.0
L53256,L,27.850000000000023,37.650000000000034,90.0,1541.0,35.2,199.0,0,0,0,0,0,0,-9.800000000000011,54243.200000000004
M20954,M,27.75,37.650000000000034,90.0,1402.0,45.4,22.0,0,0,0,0,0,0,-9.900000000000034,63650.799999999996
L53887,L,28.25,37.650000000000034,90.0,1556.0,39.0,72.0,0,0,0,0,0,0,-9.400000000000034,60684.0
L51659,L,29.150000000000034,36.950000000000045,90.0,1798.0,23.5,89.0,0,0,0,0,0,0,-7.800000000000011,42253.0
M17050,M,26.350000000000023,35.950000000000045,90.0,1571.0,35.8,7.0,0,0,0,0,0,0,-9.600000000000023,56241.799999999996
M16603,M,24.850000000000023,34.75,90.0,1515.0,41.7,146.0,0,0,0,0,0,0,-9.899999999999977,63175.50000000001
L55808,L,24.350000000000023,35.25,90.0,1577.0,36.1,181.0,0,0,0,0,0,0,-10.899999999999977,56929.700000000004
L55839,L,24.350000000000023,35.25,90.0,1528.0,36.2,143.0,0,0,0,0,0,0,-10.899999999999977,55313.600000000006
M23913,M,24.25,35.35000000000002,90.0,1384.0,49.6,84.0,0,0,0,0,0,0,-11.100000000000023,68646.40000000001
M23380,M,25.150000000000034,36.35000000000002,90.0,1530.0,49.4,155.0,0,0,0,0,0,0,-11.199999999999989,75582.0
H38789,H,24.55000000000001,35.55000000000001,90.0,1408.0,40.9,146.0,0,0,0,0,0,0,-11.0,57587.2
L54260,L,27.55000000000001,37.25,90.0,1543.0,47.3,153.0,0,0,0,0,0,0,-9.699999999999989,72983.9
L49870,L,26.850000000000023,36.35000000000002,90.0,1645.0,31.6,37.0,0,0,0,0,0,0,-9.5,51982.0
L49124,L,24.950000000000045,34.950000000000045,90.0,1412.0,42.9,63.0,0,0,0,0,0,0,-10.0,60574.799999999996
L56642,L,25.75,37.35000000000002,90.0,1512.0,34.1,134.0,0,0,0,0,0,0,-11.600000000000023,51559.200000000004
L56739,L,26.350000000000023,37.650000000000034,90.0,1496.0,36.2,162.0,0,0,0,0,0,0,-11.300000000000011,54155.200000000004
L56398,L,24.55000000000001,35.650000000000034,90.0,1654.0,30.8,103.0,0,0,0,0,0,0,-11.100000000000023,50943.200000000004
L54255,L,27.55000000000001,37.35000000000002,90.0,1536.0,44.7,192.0,0,0,0,0,0,0,-9.800000000000011,68659.20000000001
L53237,L,27.650000000000034,37.75,90.0,1355.0,49.0,151.0,0,0,0,0,0,0,-10.099999999999966,66395.0
L55906,L,24.05000000000001,35.35000000000002,90.0,1562.0,38.8,104.0,0,0,0,0,0,0,-11.300000000000011,60605.6
L56277,L,24.150000000000034,34.950000000000045,90.0,1546.0,36.9,206.0,0,0,0,0,0,0,-10.800000000000011,57047.399999999994
M15474,M,24.850000000000023,36.450000000000045,90.0,1544.0,36.6,55.0,0,0,0,0,0,0,-11.600000000000023,56510.4
L54818,L,27.350000000000023,38.25,90.0,1515.0,35.9,74.0,0,0,0,0,0,0,-10.899999999999977,54388.5
L56115,L,24.25,35.25,90.0,1469.0,46.2,13.0,0,0,0,0,0,0,-11.0,67867.8
L52460,L,30.450000000000045,39.75,90.0,1525.0,41.3,130.0,0,0,0,0,0,0,-9.299999999999955,62982.49999999999
L49900,L,26.450000000000045,36.150000000000034,90.0,1412.0,51.6,73.0,0,0,0,0,0,0,-9.699999999999989,72859.2
L51548,L,28.850000000000023,36.85000000000002,90.0,1447.0,40.1,190.0,0,0,0,0,0,0,-8.0,58024.700000000004
L55110,L,27.450000000000045,38.450000000000045,90.0,1455.0,48.0,24.0,0,0,0,0,0,0,-11.0,69840.0
L48493,L,25.75,36.85000000000002,90.0,1452.0,43.8,59.0,0,0,0,0,0,0,-11.100000000000023,63597.6
M22155,M,26.950000000000045,37.150000000000034,90.0,1384.0,50.2,199.0,0,0,0,0,0,0,-10.199999999999989,69476.8
M19938,M,30.950000000000045,40.05000000000001,90.0,1464.0,45.9,48.0,0,0,0,0,0,0,-9.099999999999966,67197.59999999999
H35949,H,28.05000000000001,37.450000000000045,90.0,1377.0,53.6,78.0,0,0,0,0,0,0,-9.400000000000034,73807.2
L48489,L,25.75,36.950000000000045,90.0,1654.0,42.8,156.0,0,0,0,0,0,0,-11.200000000000045,70791.2
L54519,L,26.450000000000045,37.05000000000001,90.0,1403.0,50.1,196.0,0,0,0,0,0,0,-10.599999999999966,70290.3
L52633,L,29.850000000000023,39.35000000000002,90.0,1451.0,42.1,125.0,0,0,0,0,0,0,-9.5,61087.1
L47396,L,25.150000000000034,35.450000000000045,90.0,1505.0,40.9,144.0,0,0,0,0,0,0,-10.300000000000011,61554.5
L53419,L,27.850000000000023,37.75,90.0,1375.0,51.0,143.0,0,0,0,0,0,0,-9.899999999999977,70125.0
L55096,L,27.650000000000034,38.950000000000045,90.0,1350.0,52.4,15.0,0,0,0,0,0,0,-11.300000000000011,70740.0
L54632,L,27.150000000000034,38.55000000000001,90.0,1567.0,36.3,64.0,0,0,0,0,0,0,-11.399999999999977,56882.1
L49264,L,26.350000000000023,36.150000000000034,90.0,1537.0,39.4,5.0,0,0,0,0,0,0,-9.800000000000011,60557.799999999996
L48953,L,25.350000000000023,34.85000000000002,90.0,1614.0,31.4,27.0,0,0,0,0,0,0,-9.5,50679.6
L49695,L,25.650000000000034,35.35000000000002,90.0,1459.0,43.9,74.0,0,0,0,0,0,0,-9.699999999999989,64050.1
L54369,L,27.25,37.25,90.0,1486.0,46.3,180.0,0,0,0,0,0,0,-10.0,68801.8
L48962,L,25.350000000000023,34.85000000000002,90.0,1498.0,41.8,50.0,0,0,0,0,0,0,-9.5,62616.399999999994
M19135,M,28.55000000000001,36.950000000000045,90.0,1543.0,37.5,157.0,0,0,0,0,0,0,-8.400000000000034,57862.5
L55837,L,24.25,35.25,90.0,1642.0,46.0,124.0,0,0,0,0,0,0,-11.0,75532.0
L56562,L,24.350000000000023,34.950000000000045,90.0,1535.0,36.7,146.0,0,0,0,0,0,0,-10.600000000000023,56334.50000000001
L55490,L,25.650000000000034,36.75,90.0,1445.0,45.6,50.0,0,0,0,0,0,0,-11.099999999999966,65892.0
L53971,L,28.05000000000001,37.55000000000001,90.0,1551.0,40.6,82.0,0,0,0,0,0,0,-9.5,62970.600000000006
M21893,M,27.450000000000045,37.650000000000034,90.0,1469.0,40.6,75.0,0,0,0,0,0,0,-10.199999999999989,59641.4
L51551,L,28.850000000000023,36.650000000000034,90.0,1614.0,32.7,199.0,0,0,0,0,0,0,-7.800000000000011,52777.8
M18187,M,28.350000000000023,37.450000000000045,90.0,1441.0,43.7,126.0,0,0,0,0,0,0,-9.100000000000023,62971.700000000004
L47679,L,24.350000000000023,35.950000000000045,90.0,1608.0,35.1,213.0,0,0,0,0,0,0,-11.600000000000023,56440.8
M20840,M,27.450000000000045,37.55000000000001,90.0,1556.0,31.0,180.0,0,0,0,0,0,0,-10.099999999999966,48236.0
L49591,L,25.950000000000045,35.35000000000002,90.0,1559.0,38.1,18.0,0,0,0,0,0,0,-9.399999999999977,59397.9
M21650,M,28.05000000000001,37.650000000000034,90.0,1627.0,32.1,73.0,0,0,0,0,0,0,-9.600000000000023,52226.700000000004
L54897,L,27.350000000000023,38.450000000000045,90.0,1597.0,33.0,82.0,0,0,0,0,0,0,-11.100000000000023,52701.0
H29855,H,24.350000000000023,35.35000000000002,90.0,1438.0,46.6,56.0,0,0,0,0,0,0,-11.0,67010.8
L48875,L,24.850000000000023,34.85000000000002,90.0,1566.0,33.8,33.0,0,0,0,0,0,0,-10.0,52930.799999999996
M18516,M,28.950000000000045,38.35000000000002,90.0,1447.0,45.4,85.0,0,0,0,0,0,0,-9.399999999999977,65693.8
L52459,L,30.450000000000045,39.85000000000002,90.0,1520.0,38.2,136.0,0,0,0,0,0,0,-9.399999999999977,58064.00000000001
L55372,L,26.450000000000045,37.75,90.0,1544.0,40.7,199.0,0,0,0,0,0,0,-11.299999999999955,62840.8
L54258,L,27.450000000000045,37.35000000000002,90.0,1439.0,52.6,199.0,0,0,0,0,0,0,-9.899999999999977,75691.40000000001
M22586,M,27.25,38.35000000000002,90.0,1558.0,34.1,153.0,0,0,0,0,0,0,-11.100000000000023,53127.8
M15219,M,24.450000000000045,35.150000000000034,90.0,1567.0,34.6,38.0,0,0,0,0,0,0,-10.699999999999989,54218.200000000004
L47409,L,25.150000000000034,35.35000000000002,90.0,1567.0,32.2,173.0,0,0,0,0,0,0,-10.199999999999989,50457.4
L54126,L,27.55000000000001,38.05000000000001,90.0,1486.0,44.5,74.0,0,0,0,0,0,0,-10.5,66127.0
L53039,L,28.150000000000034,38.05000000000001,90.0,1389.0,50.4,0.0,0,0,0,0,0,0,-9.899999999999977,70005.59999999999
M22044,M,27.05000000000001,37.05000000000001,90.0,1419.0,45.5,61.0,0,0,0,0,0,0,-10.0,64564.5
L49202,L,25.55000000000001,35.25,90.0,1658.0,34.9,61.0,0,0,0,0,0,0,-9.699999999999989,57864.2
L53466,L,27.850000000000023,37.35000000000002,90.0,1507.0,38.1,80.0,0,0,0,0,0,0,-9.5,57416.700000000004
L54877,L,27.450000000000045,38.25,90.0,1436.0,45.1,54.0,0,0,0,0,0,0,-10.799999999999955,64763.6
L50227,L,27.05000000000001,36.25,90.0,1471.0,49.6,51.0,0,0,0,0,0,0,-9.199999999999989,72961.6
L55636,L,25.450000000000045,36.75,90.0,1449.0,38.8,183.0,0,0,0,0,0,0,-11.299999999999955,56221.2
L48613,L,25.650000000000034,36.75,90.0,1436.0,44.0,25.0,0,0,0,0,0,0,-11.099999999999966,63184.0
L55412,L,25.850000000000023,37.150000000000034,90.0,1488.0,43.3,155.0,0,0,0,0,0,0,-11.300000000000011,64430.399999999994
L55841,L,24.350000000000023,35.35000000000002,90.0,1584.0,33.8,28.0,0,0,0,0,0,0,-11.0,53539.2
L52865,L,29.05000000000001,38.35000000000002,90.0,1482.0,55.1,87.0,0,0,0,0,0,0,-9.300000000000011,81658.2
H35187,H,29.05000000000001,38.75,90.0,1549.0,40.2,68.0,0,0,0,0,0,0,-9.699999999999989,62269.8
L52879,L,29.25,38.75,90.0,1471.0,37.4,121.0,0,0,0,0,0,0,-9.5,55015.4
L52232,L,30.950000000000045,39.85000000000002,90.0,1479.0,42.9,178.0,0,0,0,0,0,0,-8.899999999999977,63449.1
M22952,M,27.05000000000001,38.450000000000045,90.0,1572.0,33.4,169.0,0,0,0,0,0,0,-11.400000000000034,52504.799999999996
L55782,L,24.350000000000023,34.950000000000045,90.0,1472.0,37.0,204.0,0,0,0,0,0,0,-10.600000000000023,54464.0
L52754,L,29.25,38.85000000000002,90.0,1305.0,49.1,179.0,0,0,0,0,0,0,-9.600000000000023,64075.5
M17058,M,26.650000000000034,36.05000000000001,90.0,1648.0,32.6,155.0,0,0,0,0,0,0,-9.399999999999977,53724.8
L48640,L,25.450000000000045,36.950000000000045,90.0,1517.0,41.8,25.0,0,0,0,0,0,0,-11.5,63410.6
L52543,L,30.05000000000001,39.35000000000002,90.0,1518.0,41.5,146.0,0,0,0,0,0,0,-9.300000000000011,62997.0
L56262,L,24.05000000000001,34.75,90.0,1694.0,30.5,127.0,0,0,0,0,0,0,-10.699999999999989,51667.0
L55508,L,25.55000000000001,36.35000000000002,90.0,1529.0,37.8,127.0,0,0,0,0,0,0,-10.800000000000011,57796.2
L56700,L,25.850000000000023,37.05000000000001,90.0,1471.0,50.1,59.0,0,0,0,0,0,0,-11.199999999999989,73697.1
L50524,L,28.350000000000023,37.55000000000001,90.0,1629.0,31.5,170.0,0,0,0,0,0,0,-9.199999999999989,51313.5
L48799,L,24.850000000000023,35.55000000000001,90.0,1590.0,42.8,57.0,0,0,0,0,0,0,-10.699999999999989,68052.0
L54469,L,27.150000000000034,37.450000000000045,90.0,1419.0,53.8,86.0,0,0,0,0,0,0,-10.300000000000011,76342.2
H37679,H,25.950000000000045,37.450000000000045,90.0,1424.0,41.6,168.0,0,0,0,0,0,0,-11.5,59238.4
M15131,M,24.850000000000023,34.950000000000045,90.0,1652.0,30.7,119.0,0,0,0,0,0,0,-10.100000000000023,50716.4
L54531,L,26.55000000000001,37.05000000000001,90.0,1488.0,40.4,28.0,0,0,0,0,0,0,-10.5,60115.2
H37815,H,25.450000000000045,36.35000000000002,90.0,1399.0,55.8,142.0,0,0,0,0,0,0,-10.899999999999977,78064.2
L52983,L,28.350000000000023,37.75,90.0,1671.0,41.0,17.0,0,0,0,0,0,0,-9.399999999999977,68511.0
L49509,L,26.150000000000034,35.55000000000001,90.0,1484.0,43.8,213.0,0,0,0,0,0,0,-9.399999999999977,64999.2
L53827,L,28.350000000000023,37.35000000000002,90.0,1565.0,33.9,61.0,0,0,0,0,0,0,-9.0,53053.5
L49475,L,26.25,35.450000000000045,90.0,1512.0,38.4,126.0,0,0,0,0,0,0,-9.200000000000045,58060.799999999996
L54719,L,27.05000000000001,38.150000000000034,90.0,1630.0,30.2,71.0,0,0,0,0,0,0,-11.100000000000023,49226.0
L56367,L,24.75,35.85000000000002,90.0,1486.0,33.0,28.0,0,0,0,0,0,0,-11.100000000000023,49038.0
L48965,L,24.950000000000045,34.55000000000001,90.0,1423.0,44.0,0.0,0,0,0,0,0,0,-9.599999999999966,62612.0
L50748,L,28.650000000000034,37.450000000000045,90.0,1453.0,40.4,0.0,0,0,0,0,0,0,-8.800000000000011,58701.2
L50017,L,27.150000000000034,36.05000000000001,90.0,1442.0,40.0,190.0,0,0,0,0,0,0,-8.899999999999977,57680.0
L51314,L,28.75,37.25,90.0,1448.0,48.7,31.0,0,0,0,0,0,0,-8.5,70517.6
M22262,M,26.650000000000034,37.650000000000034,90.0,1515.0,36.2,158.0,0,0,0,0,0,0,-11.0,54843.00000000001
H39274,H,25.55000000000001,36.450000000000045,90.0,1755.0,24.8,73.0,0,0,0,0,0,0,-10.900000000000034,43524.0
L53400,L,27.650000000000034,37.05000000000001,90.0,1706.0,28.7,157.0,0,0,0,0,0,0,-9.399999999999977,48962.2
L56002,L,24.150000000000034,35.55000000000001,90.0,1462.0,49.7,64.0,0,0,0,0,0,0,-11.399999999999977,72661.40000000001
M24351,M,25.850000000000023,36.55000000000001,90.0,1589.0,40.5,212.0,0,0,0,0,0,0,-10.699999999999989,64354.5
L48896,L,24.950000000000045,34.55000000000001,90.0,1523.0,41.4,168.0,0,0,0,0,0,0,-9.599999999999966,63052.2
L54341,L,27.05000000000001,36.950000000000045,90.0,1440.0,42.9,191.0,0,0,0,0,0,0,-9.900000000000034,61776.0
L50657,L,28.650000000000034,37.55000000000001,90.0,1641.0,31.4,72.0,0,0,0,0,0,0,-8.899999999999977,51527.399999999994
L54994,L,26.950000000000045,38.25,90.0,1477.0,35.0,17.0,0,0,0,0,0,0,-11.299999999999955,51695.0
L52880,L,29.350000000000023,38.85000000000002,90.0,1430.0,48.2,179.0,0,0,0,0,0,0,-9.5,68926.0
M24401,M,26.150000000000034,37.650000000000034,90.0,1457.0,42.1,110.0,0,0,0,0,0,0,-11.5,61339.700000000004
H31473,H,25.650000000000034,36.25,90.0,1433.0,48.0,154.0,0,0,0,0,0,0,-10.599999999999966,68784.0
M14868,M,25.55000000000001,35.35000000000002,90.0,1422.0,45.3,96.0,0,0,0,0,0,0,-9.800000000000011,64416.6
L48260,L,23.850000000000023,34.650000000000034,90.0,1774.0,25.4,188.0,0,0,0,0,0,0,-10.800000000000011,45059.6
M20788,M,27.05000000000001,36.950000000000045,90.0,1550.0,38.7,5.0,0,0,0,0,0,0,-9.900000000000034,59985.00000000001
L51851,L,30.150000000000034,38.25,90.0,1511.0,43.4,79.0,0,0,0,0,0,0,-8.099999999999966,65577.4
M21583,M,28.350000000000023,37.55000000000001,90.0,1611.0,32.4,39.0,0,0,0,0,0,0,-9.199999999999989,52196.399999999994
L47875,L,24.450000000000045,35.85000000000002,90.0,1596.0,33.3,64.0,0,0,0,0,0,0,-11.399999999999977,53146.799999999996
L55118,L,27.650000000000034,38.55000000000001,90.0,1681.0,31.3,219.0,0,0,0,0,0,0,-10.899999999999977,52615.3
L54768,L,27.25,37.950000000000045,90.0,1560.0,35.7,170.0,0,0,0,0,0,0,-10.700000000000045,55692.00000000001
M15894,M,23.150000000000034,34.05000000000001,90.0,1389.0,47.4,67.0,0,0,0,0,0,0,-10.899999999999977,65838.59999999999
L55298,L,27.150000000000034,38.05000000000001,90.0,1406.0,40.8,64.0,0,0,0,0,0,0,-10.899999999999977,57364.799999999996
L54131,L,27.650000000000034,37.950000000000045,90.0,1412.0,44.3,101.0,0,0,0,0,0,0,-10.300000000000011,62551.6
L54255,L,27.55000000000001,37.35000000000002,90.0,1366.0,50.2,39.0,0,0,0,0,0,0,-9.800000000000011,68573.2
L54090,L,27.650000000000034,38.05000000000001,90.0,1436.0,47.0,15.0,0,0,0,0,0,0,-10.399999999999977,67492.0
L53886,L,28.350000000000023,37.450000000000045,90.0,1550.0,40.8,70.0,0,0,0,0,0,0,-9.100000000000023,63239.99999999999
L53210,L,27.450000000000045,37.75,90.0,1397.0,53.7,80.0,0,0,0,0,0,0,-10.299999999999955,75018.90000000001
H37587,H,26.850000000000023,36.950000000000045,90.0,1487.0,41.2,148.0,0,0,0,0,0,0,-10.100000000000023,61264.4
L49056,L,24.75,34.85000000000002,90.0,1525.0,44.0,142.0,0,0,0,0,0,0,-10.100000000000023,67100.0
L47206,L,25.950000000000045,36.35000000000002,90.0,1512.0,39.1,74.0,0,0,0,0,0,0,-10.399999999999977,59119.200000000004
M22265,M,26.850000000000023,38.25,90.0,1364.0,47.4,143.0,0,0,0,0,0,0,-11.399999999999977,64653.6
L53340,L,27.850000000000023,37.75,90.0,1513.0,42.7,192.0,0,0,0,0,0,0,-9.899999999999977,64605.100000000006
L54338,L,27.05000000000001,36.85000000000002,90.0,1389.0,47.6,184.0,0,0,0,0,0,0,-9.800000000000011,66116.40000000001
L50624,L,28.350000000000023,37.35000000000002,90.0,1495.0,44.0,175.0,0,0,0,0,0,0,-9.0,65780.0
L55319,L,26.350000000000023,37.75,90.0,1571.0,38.4,74.0,0,0,0,0,0,0,-11.399999999999977,60326.399999999994
L48053,L,22.350000000000023,32.85000000000002,90.0,1412.0,47.6,67.0,0,0,0,0,0,0,-10.5,67211.2
L49188,L,25.350000000000023,35.150000000000034,90.0,1622.0,37.8,9.0,0,0,0,0,0,0,-9.800000000000011,61311.6
L50436,L,28.350000000000023,36.450000000000045,90.0,1505.0,41.0,129.0,0,0,0,0,0,0,-8.100000000000023,61705.0
M24381,M,26.05000000000001,36.85000000000002,90.0,1484.0,40.7,61.0,0,0,0,0,0,0,-10.800000000000011,60398.8
L51451,L,29.450000000000045,37.650000000000034,90.0,1771.0,41.2,156.0,0,0,0,0,0,0,-8.199999999999989,72965.20000000001
L54241,L,27.55000000000001,37.25,90.0,1390.0,47.3,51.0,0,0,0,0,0,0,-9.699999999999989,65747.0
L49077,L,24.650000000000034,34.25,90.0,1418.0,40.0,155.0,0,0,0,0,0,0,-9.599999999999966,56720.0
M19624,M,30.55000000000001,38.55000000000001,90.0,1602.0,36.8,15.0,0,0,0,0,0,0,-8.0,58953.6
L51940,L,30.450000000000045,38.55000000000001,90.0,1496.0,38.5,64.0,0,0,0,0,0,0,-8.099999999999966,57596.0
L50830,L,29.05000000000001,38.35000000000002,90.0,1492.0,41.2,95.0,0,0,0,0,0,0,-9.300000000000011,61470.4
L52268,L,30.850000000000023,39.85000000000002,90.0,1765.0,28.5,80.0,0,0,0,0,0,0,-9.0,50302.5
L55352,L,26.75,38.25,90.0,1486.0,46.5,160.0,0,0,0,0,0,0,-11.5,69099.0
M24351,M,26.05000000000001,36.75,90.0,1589.0,35.0,226.0,0,0,0,0,0,0,-10.699999999999989,55615.0
L55009,L,26.75,38.05000000000001,90.0,1463.0,45.7,173.0,0,0,0,0,0,0,-11.300000000000011,66859.1
M18755,M,29.150000000000034,38.05000000000001,90.0,1460.0,38.6,26.0,0,0,0,0,0,0,-8.899999999999977,56356.0
L54689,L,26.950000000000045,38.35000000000002,90.0,1447.0,38.5,0.0,0,0,0,0,0,0,-11.399999999999977,55709.5
L48613,L,25.650000000000034,36.650000000000034,90.0,1363.0,44.0,157.0,0,0,0,0,0,0,-11.0,59972.0
M23697,M,24.150000000000034,35.75,90.0,1326.0,52.9,183.0,0,0,0,0,0,0,-11.599999999999966,70145.4
L50554,L,28.350000000000023,37.450000000000045,90.0,1554.0,36.4,168.0,0,0,0,0,0,0,-9.100000000000023,56565.6
L51459,L,28.850000000000023,36.85000000000002,90.0,1448.0,49.6,23.0,0,0,0,0,0,0,-8.0,71820.8
L54663,L,27.05000000000001,38.35000000000002,90.0,1429.0,57.9,148.0,0,0,0,0,0,0,-11.300000000000011,82739.09999999999
L48463,L,25.150000000000034,36.25,90.0,1521.0,45.4,96.0,0,0,0,0,0,0,-11.099999999999966,69053.4
H32126,H,27.150000000000034,35.950000000000045,90.0,1460.0,39.2,203.0,0,0,0,0,0,0,-8.800000000000011,57232.00000000001
L53013,L,28.150000000000034,37.85000000000002,90.0,1641.0,32.3,109.0,0,0,0,0,0,0,-9.699999999999989,53004.299999999996
L56661,L,25.75,36.450000000000045,90.0,1781.0,28.5,183.0,0,0,0,0,0,0,-10.700000000000045,50758.5
M19056,M,29.350000000000023,37.85000000000002,90.0,1662.0,35.6,198.0,0,0,0,0,0,0,-8.5,59167.200000000004
L55956,L,24.350000000000023,35.35000000000002,90.0,1654.0,31.2,12.0,0,0,0,0,0,0,-11.0,51604.799999999996
L53433,L,27.75,37.150000000000034,90.0,1445.0,43.7,23.0,0,0,0,0,0,0,-9.400000000000034,63146.50000000001
M21873,M,27.25,37.450000000000045,90.0,1458.0,47.3,22.0,0,0,0,0,0,0,-10.200000000000045,68963.4
L56487,L,25.25,36.05000000000001,90.0,1483.0,43.6,124.0,0,0,0,0,0,0,-10.800000000000011,64658.8
L52328,L,31.05000000000001,40.25,90.0,1340.0,46.5,161.0,0,0,0,0,0,0,-9.199999999999989,62310.0
L53361,L,27.850000000000023,37.650000000000034,90.0,1521.0,41.1,17.0,0,0,0,0,0,0,-9.800000000000011,62513.1
L52884,L,29.25,38.650000000000034,90.0,1709.0,32.5,134.0,0,0,0,0,0,0,-9.400000000000034,55542.5
M21213,M,26.950000000000045,36.450000000000045,90.0,1625.0,32.3,29.0,0,0,0,0,0,0,-9.5,52487.49999999999
L54353,L,27.450000000000045,36.85000000000002,90.0,1724.0,33.0,59.0,0,0,0,0,0,0,-9.399999999999977,56892.0
L47987,L,23.75,34.85000000000002,90.0,1481.0,41.8,103.0,0,0,0,0,0,0,-11.100000000000023,61905.799999999996
L50312,L,26.850000000000023,36.55000000000001,90.0,1465.0,40.8,124.0,0,0,0,0,0,0,-9.699999999999989,59771.99999999999
L53071,L,28.25,37.85000000000002,90.0,1341.0,53.3,44.0,0,0,0,0,0,0,-9.600000000000023,71475.3
L51297,L,28.75,37.55000000000001,90.0,1489.0,40.9,0.0,0,0,0,0,0,0,-8.800000000000011,60900.1
L47885,L,24.55000000000001,35.85000000000002,90.0,1479.0,41.1,94.0,0,0,0,0,0,0,-11.300000000000011,60786.9
L54515,L,26.75,37.35000000000002,90.0,1256.0,60.9,94.0,0,0,0,0,0,0,-10.600000000000023,76490.4
L51940,L,30.450000000000045,38.55000000000001,90.0,1533.0,33.5,64.0,0,0,0,0,0,0,-8.099999999999966,51355.5
L49905,L,26.650000000000034,36.05000000000001,90.0,1442.0,47.4,122.0,0,0,0,0,0,0,-9.399999999999977,68350.8
L56639,L,25.25,35.950000000000045,90.0,1419.0,46.6,123.0,0,0,0,0,0,0,-10.700000000000045,66125.40000000001
M16400,M,25.05000000000001,35.85000000000002,90.0,1431.0,50.3,86.0,0,0,0,0,0,0,-10.800000000000011,71979.3
M22352,M,27.150000000000034,38.55000000000001,90.0,1705.0,28.7,171.0,0,0,0,0,0,0,-11.399999999999977,48933.5
L53115,L,27.350000000000023,37.35000000000002,90.0,1475.0,44.4,23.0,0,0,0,0,0,0,-10.0,65490.0
L51651,L,29.25,37.450000000000045,90.0,1551.0,34.8,2.0,0,0,0,0,0,0,-8.200000000000045,53974.799999999996
L48497,L,25.850000000000023,37.150000000000034,90.0,1428.0,51.1,175.0,0,0,0,0,0,0,-11.300000000000011,72970.8
L50959,L,29.150000000000034,37.85000000000002,90.0,1559.0,31.1,3.0,0,0,0,0,0,0,-8.699999999999989,48484.9
L53444,L,27.75,37.450000000000045,90.0,1541.0,38.0,98.0,0,0,0,0,0,0,-9.700000000000045,58558.0
M23604,M,24.25,35.55000000000001,90.0,1648.0,23.0,38.0,0,0,0,0,0,0,-11.300000000000011,37904.0
M16091,M,24.05000000000001,35.25,90.0,1384.0,40.7,158.0,0,0,0,0,0,0,-11.199999999999989,56328.8
L49004,L,24.650000000000034,34.35000000000002,90.0,1493.0,43.7,161.0,0,0,0,0,0,0,-9.699999999999989,65244.100000000006
L50840,L,29.150000000000034,38.450000000000045,90.0,1398.0,52.8,0.0,0,0,0,0,0,0,-9.300000000000011,73814.4
L51659,L,29.450000000000045,37.05000000000001,90.0,1578.0,35.8,16.0,0,0,0,0,0,0,-7.599999999999966,56492.399999999994
L55791,L,24.25,35.25,90.0,1540.0,37.5,2.0,0,0,0,0,0,0,-11.0,57750.0
M19774,M,30.25,39.150000000000034,90.0,1530.0,36.2,50.0,0,0,0,0,0,0,-8.900000000000034,55386.00000000001
H36435,H,27.55000000000001,37.450000000000045,90.0,1631.0,32.6,206.0,0,0,0,0,0,0,-9.900000000000034,53170.600000000006
L55009,L,26.75,38.25,90.0,1378.0,50.1,171.0,0,0,0,0,0,0,-11.5,69037.8
L57060,L,25.650000000000034,36.650000000000034,90.0,1595.0,30.8,100.0,0,0,0,0,0,0,-11.0,49126.0
L49955,L,27.05000000000001,36.450000000000045,90.0,1550.0,39.6,160.0,0,0,0,0,0,0,-9.400000000000034,61380.0
L56681,L,26.150000000000034,37.150000000000034,90.0,1396.0,45.8,10.0,0,0,0,0,0,0,-11.0,63936.799999999996
M19124,M,29.450000000000045,37.85000000000002,90.0,1351.0,49.8,141.0,1,0,1,0,0,0,-8.399999999999977,67279.8
L55578,L,25.55000000000001,36.450000000000045,90.0,1455.0,42.4,108.0,0,0,0,0,0,0,-10.900000000000034,61692.0
L54348,L,27.150000000000034,37.150000000000034,90.0,1515.0,42.8,166.0,0,0,0,0,0,0,-10.0,64841.99999999999
L55145,L,27.850000000000023,39.150000000000034,90.0,1464.0,35.3,65.0,0,0,0,0,0,0,-11.300000000000011,51679.2
L56356,L,24.75,35.75,90.0,1560.0,37.7,15.0,0,0,0,0,0,0,-11.0,58812.00000000001
L54133,L,27.55000000000001,37.85000000000002,90.0,1553.0,40.1,75.0,0,0,0,0,0,0,-10.300000000000011,62275.3
H36284,H,27.950000000000045,38.05000000000001,90.0,1597.0,38.0,89.0,0,0,0,0,0,0,-10.099999999999966,60686.0
M22482,M,27.450000000000045,38.05000000000001,90.0,1430.0,42.6,61.0,0,0,0,0,0,0,-10.599999999999966,60918.0
M18580,M,29.25,38.25,90.0,1634.0,29.6,60.0,0,0,0,0,0,0,-9.0,48366.4
L53904,L,28.55000000000001,37.75,90.0,1570.0,35.7,113.0,0,0,0,0,0,0,-9.199999999999989,56049.00000000001
L55033,L,27.150000000000034,38.55000000000001,90.0,1505.0,37.5,5.0,0,0,0,0,0,0,-11.399999999999977,56437.5
L50365,L,27.05000000000001,36.25,90.0,1642.0,28.9,203.0,0,0,0,0,0,0,-9.199999999999989,47453.799999999996
H31898,H,25.950000000000045,35.55000000000001,90.0,1385.0,56.7,91.0,0,0,0,0,0,0,-9.599999999999966,78529.5
M24842,M,25.55000000000001,35.25,90.0,1507.0,37.6,25.0,0,0,0,0,0,0,-9.699999999999989,56663.200000000004
L54767,L,27.150000000000034,37.950000000000045,90.0,1802.0,26.1,193.0,0,0,0,0,0,0,-10.800000000000011,47032.200000000004
L47427,L,24.850000000000023,34.950000000000045,90.0,1469.0,45.5,214.0,0,0,0,0,0,0,-10.100000000000023,66839.5
L57144,L,25.150000000000034,34.75,90.0,1446.0,40.8,145.0,0,0,0,0,0,0,-9.599999999999966,58996.799999999996
L56923,L,25.75,37.05000000000001,90.0,1725.0,31.7,179.0,0,0,0,0,0,0,-11.300000000000011,54682.5
L56218,L,24.150000000000034,35.150000000000034,90.0,1448.0,42.8,49.0,0,0,0,0,0,0,-11.0,61974.399999999994
L52218,L,30.950000000000045,40.05000000000001,90.0,1481.0,42.4,2.0,0,0,0,0,0,0,-9.099999999999966,62794.4
H36453,H,27.55000000000001,37.35000000000002,90.0,1477.0,37.6,101.0,0,0,0,0,0,0,-9.800000000000011,55535.200000000004
L47217,L,25.650000000000034,35.950000000000045,90.0,1528.0,35.7,143.0,0,0,0,0,0,0,-10.300000000000011,54549.600000000006
L54248,L,27.650000000000034,37.55000000000001,90.0,1523.0,42.8,173.0,0,0,0,0,0,0,-9.899999999999977,65184.399999999994
H39274,H,25.650000000000034,36.650000000000034,90.0,1530.0,32.6,130.0,0,0,0,0,0,0,-11.0,49878.0
L54992,L,27.25,38.450000000000045,90.0,1436.0,44.2,2.0,0,0,0,0,0,0,-11.200000000000045,63471.200000000004
M23585,M,23.950000000000045,35.450000000000045,90.0,1449.0,44.4,74.0,0,0,0,0,0,0,-11.5,64335.6
L52364,L,30.850000000000023,39.950000000000045,90.0,1470.0,42.0,113.0,0,0,0,0,0,0,-9.100000000000023,61740.0
L47371,L,25.05000000000001,35.25,90.0,1460.0,40.0,74.0,0,0,0,0,0,0,-10.199999999999989,58400.0
L55046,L,27.25,38.75,90.0,1513.0,38.9,37.0,0,0,0,0,0,0,-11.5,58855.7
L52937,L,28.350000000000023,37.950000000000045,90.0,1408.0,55.6,57.0,0,0,0,0,0,0,-9.600000000000023,78284.8
L53906,L,28.350000000000023,37.75,90.0,1452.0,41.0,15.0,0,0,0,0,0,0,-9.399999999999977,59532.0
L47302,L,25.850000000000023,35.650000000000034,90.0,1558.0,38.4,112.0,0,0,0,0,0,0,-9.800000000000011,59827.2
L51700,L,29.25,37.25,90.0,1756.0,26.9,127.0,0,0,0,0,0,0,-8.0,47236.399999999994
L52315,L,30.950000000000045,40.05000000000001,90.0,1596.0,35.4,190.0,0,0,0,0,0,0,-9.099999999999966,56498.399999999994
L49316,L,26.150000000000034,35.75,90.0,1728.0,26.7,150.0,0,0,0,0,0,0,-9.599999999999966,46137.6
L51663,L,29.55000000000001,37.150000000000034,90.0,1490.0,42.7,66.0,0,0,0,0,0,0,-7.600000000000023,63623.00000000001
L51687,L,29.25,37.150000000000034,90.0,1709.0,31.8,100.0,0,0,0,0,0,0,-7.900000000000034,54346.200000000004
L55052,L,27.450000000000045,39.150000000000034,90.0,1408.0,52.4,57.0,0,0,0,0,0,0,-11.699999999999989,73779.2
M18791,M,29.350000000000023,38.35000000000002,90.0,1655.0,32.8,174.0,0,0,0,0,0,0,-9.0,54283.99999999999
L48993,L,24.950000000000045,34.55000000000001,90.0,1675.0,28.1,136.0,0,0,0,0,0,0,-9.599999999999966,47067.5
H38493,H,24.25,34.950000000000045,90.0,1439.0,39.0,158.0,0,0,0,0,0,0,-10.700000000000045,56121.0
L54564,L,26.650000000000034,37.650000000000034,90.0,1448.0,42.2,108.0,0,0,0,0,0,0,-11.0,61105.600000000006
L55802,L,24.350000000000023,35.150000000000034,90.0,1461.0,42.9,29.0,0,0,0,0,0,0,-10.800000000000011,62676.9
L56256,L,24.05000000000001,34.950000000000045,90.0,1533.0,44.3,197.0,0,0,0,0,0,0,-10.900000000000034,67911.9
M18687,M,29.150000000000034,37.650000000000034,90.0,1542.0,35.5,120.0,0,0,0,0,0,0,-8.5,54741.0
L52818,L,29.05000000000001,38.85000000000002,90.0,1523.0,38.5,182.0,0,0,0,0,0,0,-9.800000000000011,58635.5
M21971,M,27.450000000000045,37.450000000000045,90.0,1535.0,43.2,59.0,0,0,0,0,0,0,-10.0,66312.0
H30639,H,23.950000000000045,35.25,90.0,1491.0,41.5,137.0,0,0,0,0,0,0,-11.299999999999955,61876.5
L55671,L,25.350000000000023,36.35000000000002,90.0,1551.0,35.0,148.0,0,0,0,0,0,0,-11.0,54285.0
L54810,L,27.350000000000023,38.35000000000002,90.0,1471.0,37.5,199.0,0,0,0,0,0,0,-11.0,55162.5
L56070,L,24.55000000000001,35.650000000000034,90.0,1394.0,34.2,114.0,0,0,0,0,0,0,-11.100000000000023,47674.8
L55626,L,25.450000000000045,36.650000000000034,90.0,1542.0,38.2,19.0,0,0,0,0,0,0,-11.199999999999989,58904.4
M22972,M,27.150000000000034,38.650000000000034,90.0,1659.0,31.0,0.0,0,0,0,0,0,0,-11.5,51429.0
L55380,L,26.150000000000034,37.650000000000034,90.0,1533.0,33.0,0.0,0,0,0,0,0,0,-11.5,50589.0
L51222,L,28.850000000000023,37.75,90.0,1596.0,36.3,15.0,0,0,0,0,0,0,-8.899999999999977,57934.799999999996
L53852,L,28.350000000000023,37.55000000000001,90.0,1461.0,48.8,148.0,0,0,0,0,0,0,-9.199999999999989,71296.8
L50486,L,28.25,37.35000000000002,90.0,1432.0,36.6,57.0,0,0,0,0,0,0,-9.100000000000023,52411.200000000004
L49224,L,26.150000000000034,35.950000000000045,90.0,1413.0,41.1,118.0,0,0,0,0,0,0,-9.800000000000011,58074.3
L54632,L,27.150000000000034,38.450000000000045,90.0,1430.0,43.4,24.0,0,0,0,0,0,0,-11.300000000000011,62062.0
L57027,L,25.25,36.150000000000034,90.0,1362.0,47.1,37.0,0,0,0,0,0,0,-10.900000000000034,64150.200000000004
L53141,L,27.150000000000034,37.55000000000001,90.0,1578.0,34.2,173.0,0,0,0,0,0,0,-10.399999999999977,53967.600000000006
L52039,L,30.350000000000023,39.150000000000034,90.0,1366.0,45.0,107.0,0,0,0,0,0,0,-8.800000000000011,61470.0
L54220,L,27.450000000000045,37.450000000000045,90.0,1650.0,34.8,96.0,0,0,0,0,0,0,-10.0,57419.99999999999
L47884,L,24.55000000000001,35.75,90.0,1516.0,35.2,92.0,0,0,0,0,0,0,-11.199999999999989,53363.200000000004
L49521,L,26.05000000000001,35.05000000000001,90.0,1569.0,35.3,50.0,0,0,0,0,0,0,-9.0,55385.7
M24332,M,25.55000000000001,36.25,90.0,1524.0,38.0,137.0,0,0,0,0,0,0,-10.699999999999989,57912.0
L52673,L,29.650000000000034,39.05000000000001,90.0,1550.0,37.1,124.0,0,0,0,0,0,0,-9.399999999999977,57505.0
M19478,M,29.850000000000023,38.150000000000034,90.0,1435.0,40.3,137.0,0,0,0,0,0,0,-8.300000000000011,57830.49999999999
M15325,M,24.150000000000034,35.450000000000045,90.0,1551.0,36.9,122.0,0,0,0,0,0,0,-11.300000000000011,57231.899999999994
L49364,L,26.650000000000034,36.25,90.0,1567.0,43.4,51.0,0,0,0,0,0,0,-9.599999999999966,68007.8
M19233,M,28.75,36.75,90.0,1560.0,33.0,104.0,0,0,0,0,0,0,-8.0,51480.0
L55352,L,26.75,38.150000000000034,90.0,1595.0,32.7,160.0,0,0,0,0,0,0,-11.400000000000034,52156.50000000001
L51403,L,28.850000000000023,37.450000000000045,90.0,1457.0,46.9,37.0,0,0,0,0,0,0,-8.600000000000023,68333.3
H38474,H,24.05000000000001,35.150000000000034,90.0,1653.0,32.6,162.0,0,0,0,0,0,0,-11.100000000000023,53887.8
L55562,L,25.650000000000034,36.75,90.0,1519.0,36.7,81.0,0,0,0,0,0,0,-11.099999999999966,55747.3
L51428,L,29.450000000000045,37.85000000000002,90.0,1601.0,32.3,95.0,0,0,0,0,0,0,-8.399999999999977,51712.299999999996
L51284,L,28.850000000000023,37.35000000000002,90.0,1462.0,44.1,163.0,0,0,0,0,0,0,-8.5,64474.200000000004
L48897,L,24.950000000000045,34.55000000000001,90.0,1452.0,44.1,82.0,0,0,0,0,0,0,-9.599999999999966,64033.200000000004
L52002,L,30.350000000000023,38.650000000000034,90.0,1565.0,38.9,173.0,0,0,0,0,0,0,-8.300000000000011,60878.5
L55162,L,27.850000000000023,39.150000000000034,90.0,1488.0,36.7,107.0,0,0,0,0,0,0,-11.300000000000011,54609.600000000006
M23628,M,24.350000000000023,35.55000000000001,90.0,1531.0,40.0,190.0,0,0,0,0,0,0,-11.199999999999989,61240.0
L48358,L,24.150000000000034,35.35000000000002,90.0,1398.0,37.1,12.0,0,0,0,0,0,0,-11.199999999999989,51865.8
M23195,M,25.650000000000034,36.55000000000001,90.0,1455.0,45.5,144.0,0,0,0,0,0,0,-10.899999999999977,66202.5
L53008,L,28.150000000000034,37.950000000000045,90.0,1504.0,35.2,2.0,0,0,0,0,0,0,-9.800000000000011,52940.8
L48077,L,22.450000000000045,33.05000000000001,90.0,1373.0,51.1,131.0,0,0,0,0,0,0,-10.599999999999966,70160.3
H33816,H,29.05000000000001,36.950000000000045,90.0,1442.0,42.5,4.0,0,0,0,0,0,0,-7.900000000000034,61285.0
L53447,L,27.650000000000034,37.25,90.0,1509.0,41.5,25.0,0,0,0,0,0,0,-9.599999999999966,62623.5
L51657,L,29.450000000000045,37.150000000000034,90.0,1547.0,34.7,14.0,0,0,0,0,0,0,-7.699999999999989,53680.9
M20910,M,27.75,37.950000000000045,90.0,1799.0,24.6,133.0,0,0,0,0,0,0,-10.200000000000045,44255.4
L52949,L,29.150000000000034,38.55000000000001,90.0,1423.0,50.1,2.0,0,0,0,0,0,0,-9.399999999999977,71292.3
L50971,L,29.150000000000034,37.85000000000002,90.0,1738.0,25.1,30.0,0,0,0,0,0,0,-8.699999999999989,43623.8
L55788,L,25.150000000000034,34.75,90.0,1588.0,33.5,2.0,0,0,0,0,0,0,-9.599999999999966,53198.0
M18682,M,28.950000000000045,37.75,90.0,1566.0,38.2,114.0,0,0,0,0,0,0,-8.799999999999955,59821.200000000004
L51421,L,29.25,37.85000000000002,90.0,1353.0,51.0,79.0,0,0,0,0,0,0,-8.600000000000023,69003.0
L47643,L,24.150000000000034,35.55000000000001,90.0,1542.0,40.6,109.0,0,0,0,0,0,0,-11.399999999999977,62605.200000000004
M21859,M,27.450000000000045,37.450000000000045,90.0,1511.0,35.7,193.0,0,0,0,0,0,0,-10.0,53942.700000000004
L55304,L,27.05000000000001,38.25,90.0,1723.0,27.7,41.0,0,0,0,0,0,0,-11.199999999999989,47727.1
L53448,L,27.75,37.35000000000002,90.0,1432.0,46.9,25.0,0,0,0,0,0,0,-9.600000000000023,67160.8
L47827,L,24.450000000000045,36.150000000000034,90.0,1559.0,36.9,141.0,0,0,0,0,0,0,-11.699999999999989,57527.1
H37181,H,27.150000000000034,38.25,90.0,1319.0,54.6,131.0,0,0,0,0,0,0,-11.099999999999966,72017.40000000001
L50950,L,29.150000000000034,37.85000000000002,90.0,1586.0,31.0,129.0,0,0,0,0,0,0,-8.699999999999989,49166.0
M16073,M,23.650000000000034,34.650000000000034,90.0,1348.0,56.9,112.0,0,0,0,0,0,0,-11.0,76701.2
L54212,L,27.55000000000001,37.450000000000045,90.0,1463.0,49.8,170.0,0,0,0,0,0,0,-9.900000000000034,72857.4
H32664,H,27.950000000000045,36.55000000000001,90.0,1629.0,30.8,121.0,0,0,0,0,0,0,-8.599999999999966,50173.200000000004
L55512,L,25.55000000000001,37.35000000000002,90.0,1430.0,44.5,33.0,0,0,0,0,0,0,-11.800000000000011,63635.0
L47643,L,24.25,35.55000000000001,90.0,1741.0,25.5,118.0,0,0,0,0,0,0,-11.300000000000011,44395.5
M20932,M,27.75,37.650000000000034,90.0,1695.0,35.5,188.0,0,0,0,0,0,0,-9.900000000000034,60172.5
L48112,L,22.450000000000045,32.85000000000002,90.0,1397.0,46.2,14.0,0,0,0,0,0,0,-10.399999999999977,64541.4
L55557,L,25.75,36.55000000000001,90.0,1565.0,36.1,124.0,0,0,0,0,0,0,-10.800000000000011,56496.5
L56947,L,25.450000000000045,36.35000000000002,90.0,1302.0,55.0,6.0,0,0,0,0,0,0,-10.899999999999977,71610.0
L49124,L,24.950000000000045,34.950000000000045,90.0,1471.0,45.8,63.0,0,0,0,0,0,0,-10.0,67371.8
L47943,L,23.650000000000034,34.650000000000034,90.0,1540.0,38.0,81.0,0,0,0,0,0,0,-11.0,58520.0
L54113,L,27.650000000000034,38.150000000000034,90.0,1707.0,30.9,12.0,0,0,0,0,0,0,-10.5,52746.299999999996
L55945,L,24.150000000000034,35.55000000000001,90.0,1391.0,43.6,176.0,0,0,0,0,0,0,-11.399999999999977,60647.6
L50552,L,28.25,37.650000000000034,90.0,1578.0,32.5,92.0,0,0,0,0,0,0,-9.400000000000034,51285.0
L53540,L,26.950000000000045,36.55000000000001,90.0,1430.0,40.1,46.0,0,0,0,0,0,0,-9.599999999999966,57343.0
M19175,M,28.25,36.950000000000045,90.0,1651.0,29.8,44.0,0,0,0,0,0,0,-8.700000000000045,49199.8
L50551,L,28.25,37.55000000000001,90.0,1425.0,45.7,105.0,0,0,0,0,0,0,-9.300000000000011,65122.50000000001
L54241,L,27.450000000000045,37.25,90.0,1448.0,49.7,155.0,0,0,0,0,0,0,-9.799999999999955,71965.6
H38672,H,25.150000000000034,35.35000000000002,90.0,1738.0,28.8,0.0,0,0,0,0,0,0,-10.199999999999989,50054.4
H34454,H,30.25,39.55000000000001,90.0,1453.0,45.9,105.0,0,0,0,0,0,0,-9.300000000000011,66692.7
L51862,L,30.350000000000023,38.450000000000045,90.0,1466.0,41.6,94.0,0,0,0,0,0,0,-8.100000000000023,60985.6
L52809,L,29.55000000000001,38.85000000000002,90.0,1471.0,38.7,153.0,0,0,0,0,0,0,-9.300000000000011,56927.700000000004
L54339,L,26.950000000000045,36.85000000000002,90.0,1739.0,26.3,186.0,0,0,0,0,0,0,-9.899999999999977,45735.700000000004
L49513,L,26.05000000000001,35.35000000000002,90.0,1550.0,37.0,222.0,0,0,0,0,0,0,-9.300000000000011,57350.0
M21650,M,27.950000000000045,37.55000000000001,90.0,1492.0,34.9,17.0,0,0,0,0,0,0,-9.599999999999966,52070.799999999996
L48892,L,25.25,34.75,90.0,1455.0,37.7,72.0,0,0,0,0,0,0,-9.5,54853.50000000001
L47786,L,24.55000000000001,36.650000000000034,90.0,1330.0,59.0,96.0,0,0,0,0,0,0,-12.100000000000023,78470.0
L50962,L,28.850000000000023,37.650000000000034,90.0,1442.0,43.7,152.0,0,0,0,0,0,0,-8.800000000000011,63015.4
L54854,L,27.350000000000023,38.55000000000001,90.0,1764.0,27.5,192.0,0,0,0,0,0,0,-11.199999999999989,48510.0
M23706,M,24.25,35.75,90.0,1448.0,43.8,204.0,0,0,0,0,0,0,-11.5,63422.399999999994
L53966,L,28.05000000000001,37.450000000000045,90.0,1516.0,35.8,66.0,0,0,0,0,0,0,-9.400000000000034,54272.799999999996
L54674,L,26.950000000000045,38.55000000000001,90.0,1521.0,38.8,175.0,0,0,0,0,0,0,-11.599999999999966,59014.799999999996
L54276,L,27.450000000000045,37.05000000000001,90.0,1444.0,47.4,19.0,0,0,0,0,0,0,-9.599999999999966,68445.59999999999
L52596,L,29.450000000000045,39.25,90.0,1486.0,38.1,36.0,0,0,0,0,0,0,-9.799999999999955,56616.6
L56646,L,25.55000000000001,37.450000000000045,90.0,1471.0,42.0,141.0,0,0,0,0,0,0,-11.900000000000034,61782.0
L55583,L,25.450000000000045,36.55000000000001,90.0,1494.0,37.1,106.0,0,0,0,0,0,0,-11.099999999999966,55427.4
M15929,M,23.650000000000034,34.650000000000034,90.0,1526.0,24.6,2.0,0,0,0,0,0,0,-11.0,37539.6
M16960,M,26.150000000000034,35.950000000000045,90.0,1471.0,46.0,212.0,0,0,0,0,0,0,-9.800000000000011,67666.0
H33139,H,29.350000000000023,38.35000000000002,90.0,1428.0,43.5,75.0,0,0,0,0,0,0,-9.0,62118.0
L48892,L,25.05000000000001,34.650000000000034,90.0,1454.0,51.1,72.0,0,0,0,0,0,0,-9.600000000000023,74299.40000000001
L47810,L,25.150000000000034,36.85000000000002,90.0,1548.0,37.9,105.0,0,0,0,0,0,0,-11.699999999999989,58669.2
L52566,L,29.75,39.150000000000034,90.0,1469.0,42.0,214.0,0,0,0,0,0,0,-9.400000000000034,61698.0
L49403,L,26.350000000000023,35.85000000000002,90.0,1809.0,25.0,153.0,0,0,0,0,0,0,-9.5,45225.0
L56919,L,25.75,36.85000000000002,90.0,1497.0,38.9,168.0,0,0,0,0,0,0,-11.100000000000023,58233.299999999996
L54574,L,26.55000000000001,37.450000000000045,90.0,1560.0,45.7,135.0,0,0,0,0,0,0,-10.900000000000034,71292.0
M22427,M,27.25,37.85000000000002,90.0,1471.0,42.2,174.0,0,0,0,0,0,0,-10.600000000000023,62076.200000000004
L56306,L,24.350000000000023,35.35000000000002,90.0,1548.0,40.7,184.0,0,0,0,0,0,0,-11.0,63003.600000000006
M19859,M,30.75,40.150000000000034,90.0,1329.0,55.4,32.0,0,0,0,0,0,0,-9.400000000000034,73626.59999999999
L54828,L,27.25,38.25,90.0,1471.0,40.2,135.0,0,0,0,0,0,0,-11.0,59134.200000000004
L55656,L,25.150000000000034,36.450000000000045,90.0,1490.0,37.9,168.0,0,0,0,0,0,0,-11.300000000000011,56471.0
L56455,L,25.05000000000001,35.55000000000001,90.0,1426.0,54.4,48.0,0,0,0,0,0,0,-10.5,77574.4
M16661,M,24.850000000000023,34.450000000000045,90.0,1428.0,43.7,120.0,0,0,0,0,0,0,-9.600000000000023,62403.600000000006
L56262,L,24.05000000000001,34.85000000000002,90.0,1546.0,36.7,163.0,0,0,0,0,0,0,-10.800000000000011,56738.200000000004
M21950,M,27.55000000000001,37.05000000000001,90.0,1478.0,42.4,5.0,0,0,0,0,0,0,-9.5,62667.2
L56276,L,24.150000000000034,34.950000000000045,90.0,1435.0,44.7,204.0,0,0,0,0,0,0,-10.800000000000011,64144.50000000001
L52658,L,29.450000000000045,39.05000000000001,90.0,1479.0,41.0,186.0,0,0,0,0,0,0,-9.599999999999966,60639.0
L50252,L,26.950000000000045,35.950000000000045,90.0,1408.0,46.0,114.0,0,0,0,0,0,0,-9.0,64768.0
M21906,M,27.55000000000001,37.450000000000045,90.0,1403.0,47.4,111.0,0,0,0,0,0,0,-9.900000000000034,66502.2
M23171,M,25.650000000000034,36.85000000000002,90.0,1635.0,33.5,74.0,0,0,0,0,0,0,-11.199999999999989,54772.5
L47778,L,24.55000000000001,36.450000000000045,90.0,1479.0,39.8,18.0,0,0,0,0,0,0,-11.900000000000034,58864.2
L47915,L,25.05000000000001,35.25,90.0,1491.0,38.0,112.0,0,0,0,0,0,0,-10.199999999999989,56658.0
L51725,L,29.350000000000023,37.35000000000002,90.0,1547.0,43.0,189.0,0,0,0,0,0,0,-8.0,66521.0
L51029,L,29.150000000000034,37.85000000000002,90.0,1605.0,32.5,0.0,0,0,0,0,0,0,-8.699999999999989,52162.5
L52722,L,29.150000000000034,38.75,90.0,1461.0,44.1,188.0,0,0,0,0,0,0,-9.599999999999966,64430.1
L49318,L,26.150000000000034,35.85000000000002,90.0,1470.0,42.7,154.0,0,0,0,0,0,0,-9.699999999999989,62769.00000000001
L52125,L,30.450000000000045,39.55000000000001,90.0,1532.0,39.4,118.0,0,0,0,0,0,0,-9.099999999999966,60360.799999999996
M16472,M,24.75,34.75,90.0,1623.0,39.8,38.0,0,0,0,0,0,0,-10.0,64595.399999999994
M19851,M,30.450000000000045,39.55000000000001,90.0,1675.0,29.8,11.0,0,0,0,0,0,0,-9.099999999999966,49915.0
L50355,L,27.150000000000034,36.450000000000045,90.0,1569.0,34.6,179.0,0,0,0,0,0,0,-9.300000000000011,54287.4
M23501,M,24.350000000000023,35.25,90.0,1355.0,55.5,77.0,0,0,0,0,0,0,-10.899999999999977,75202.5
L54709,L,26.950000000000045,38.25,90.0,1634.0,34.2,45.0,0,0,0,0,0,0,-11.299999999999955,55882.8
L54735,L,27.25,38.150000000000034,90.0,1597.0,36.2,112.0,0,0,0,0,0,0,-10.900000000000034,57811.4
M18165,M,28.150000000000034,37.25,90.0,1577.0,37.3,43.0,0,0,0,0,0,0,-9.099999999999966,58822.1
L53432,L,27.650000000000034,37.150000000000034,90.0,1438.0,44.1,198.0,0,0,0,0,0,0,-9.5,63415.8
